  1.000000000000000E-002  0.000000000000000E+000
  2.000000000000000E-002  0.000000000000000E+000
  3.000000000000000E-002  0.000000000000000E+000
  4.000000000000000E-002  0.000000000000000E+000
  5.000000000000000E-002  0.000000000000000E+000
  6.000000000000000E-002  0.000000000000000E+000
  7.000000000000001E-002  0.000000000000000E+000
  8.000000000000000E-002  0.000000000000000E+000
  9.000000000000000E-002  0.000000000000000E+000
  0.100000000000000       0.000000000000000E+000
  0.110000000000000       0.000000000000000E+000
  0.120000000000000       0.000000000000000E+000
  0.130000000000000       0.000000000000000E+000
  0.140000000000000       0.000000000000000E+000
  0.150000000000000       0.000000000000000E+000
  0.160000000000000       0.000000000000000E+000
  0.170000000000000       0.000000000000000E+000
  0.180000000000000       0.000000000000000E+000
  0.190000000000000       0.000000000000000E+000
  0.200000000000000       0.000000000000000E+000
  0.210000000000000       0.000000000000000E+000
  0.220000000000000       0.000000000000000E+000
  0.230000000000000       0.000000000000000E+000
  0.240000000000000       0.000000000000000E+000
  0.250000000000000       0.000000000000000E+000
  0.260000000000000       0.000000000000000E+000
  0.270000000000000       0.000000000000000E+000
  0.280000000000000       0.000000000000000E+000
  0.290000000000000       0.000000000000000E+000
  0.300000000000000       0.000000000000000E+000
  0.310000000000000       0.000000000000000E+000
  0.320000000000000       0.000000000000000E+000
  0.330000000000000       0.000000000000000E+000
  0.340000000000000       0.000000000000000E+000
  0.350000000000000       0.000000000000000E+000
  0.360000000000000       0.000000000000000E+000
  0.370000000000000       0.000000000000000E+000
  0.380000000000000       0.000000000000000E+000
  0.390000000000000       0.000000000000000E+000
  0.400000000000000       0.000000000000000E+000
  0.410000000000000       0.000000000000000E+000
  0.420000000000000       0.000000000000000E+000
  0.430000000000000       0.000000000000000E+000
  0.440000000000000       0.000000000000000E+000
  0.450000000000000       0.000000000000000E+000
  0.460000000000000       0.000000000000000E+000
  0.470000000000000       0.000000000000000E+000
  0.480000000000000       0.000000000000000E+000
  0.490000000000000       0.000000000000000E+000
  0.500000000000000       0.000000000000000E+000
  0.510000000000000       0.000000000000000E+000
  0.520000000000000       0.000000000000000E+000
  0.530000000000000       0.000000000000000E+000
  0.540000000000000       0.000000000000000E+000
  0.550000000000000       0.000000000000000E+000
  0.560000000000000       0.000000000000000E+000
  0.570000000000000       0.000000000000000E+000
  0.580000000000000       0.000000000000000E+000
  0.590000000000000       0.000000000000000E+000
  0.600000000000000       0.000000000000000E+000
  0.610000000000000       0.000000000000000E+000
  0.620000000000000       2.683389122962234E-005
  0.630000000000000       1.670277494449018E-004
  0.640000000000000       7.299364098283224E-004
  0.650000000000000       2.955378700053579E-003
  0.660000000000000       9.117931494780686E-003
  0.670000000000000       2.253082485558700E-002
  0.680000000000000       4.838562451337524E-002
  0.690000000000000       9.012872151339768E-002
  0.700000000000000       0.148506457396972     
  0.710000000000000       0.225353345433994     
  0.720000000000000       0.320335298679279     
  0.730000000000000       0.422393403256757     
  0.740000000000000       0.533070720114953     
  0.750000000000000       0.642889300708800     
  0.760000000000000       0.751418903625568     
  0.770000000000000       0.852297501487546     
  0.780000000000000       0.948201918837998     
  0.790000000000000        1.02592733066552     
  0.800000000000000        1.09817965917646     
  0.810000000000000        1.15822655145477     
  0.820000000000000        1.21199929142767     
  0.830000000000000        1.24844620991236     
  0.840000000000000        1.28394541305624     
  0.850000000000000        1.30645305881570     
  0.860000000000000        1.32639439940676     
  0.870000000000000        1.33827580993321     
  0.880000000000000        1.34682017350299     
  0.890000000000000        1.35321893262995     
  0.900000000000000        1.35117574093018     
  0.910000000000000        1.34815016273211     
  0.920000000000000        1.34156326269686     
  0.930000000000000        1.33331436620717     
  0.940000000000000        1.32540477601305     
  0.950000000000000        1.31611545389477     
  0.960000000000000        1.30275414355798     
  0.970000000000000        1.29087091887692     
  0.980000000000000        1.27696722918787     
  0.990000000000000        1.26634053473155     
   1.00000000000000        1.25251106647064     
   1.01000000000000        1.23964174056525     
   1.02000000000000        1.22627957385356     
   1.03000000000000        1.21366540610159     
   1.04000000000000        1.20060631834397     
   1.05000000000000        1.18616409437923     
   1.06000000000000        1.17337853715057     
   1.07000000000000        1.15899285507212     
   1.08000000000000        1.14888529826565     
   1.09000000000000        1.13672371730713     
   1.10000000000000        1.12544153530053     
   1.11000000000000        1.11375392702072     
   1.12000000000000        1.10481244782665     
   1.13000000000000        1.09497125778053     
   1.14000000000000        1.08279506946080     
   1.15000000000000        1.07443316046784     
   1.16000000000000        1.06569076918394     
   1.17000000000000        1.05842750148527     
   1.18000000000000        1.04888473866469     
   1.19000000000000        1.03861987224754     
   1.20000000000000        1.03222981552613     
   1.21000000000000        1.02411055228090     
   1.22000000000000        1.01812521472861     
   1.23000000000000        1.01246856589473     
   1.24000000000000        1.00685042455207     
   1.25000000000000        1.00258445480822     
   1.26000000000000       0.995162067795953     
   1.27000000000000       0.988705290013235     
   1.28000000000000       0.984575471075162     
   1.29000000000000       0.982541162414724     
   1.30000000000000       0.976466327552450     
   1.31000000000000       0.974055258249121     
   1.32000000000000       0.970088345185517     
   1.33000000000000       0.965684628273951     
   1.34000000000000       0.964652046650010     
   1.35000000000000       0.962300985360568     
   1.36000000000000       0.961532097080351     
   1.37000000000000       0.957815561415428     
   1.38000000000000       0.959303841699381     
   1.39000000000000       0.958287353432789     
   1.40000000000000       0.958327857316991     
   1.41000000000000       0.957221993488403     
   1.42000000000000       0.956910400579679     
   1.43000000000000       0.957355795684947     
   1.44000000000000       0.959464602038007     
   1.45000000000000       0.958644558303106     
   1.46000000000000       0.959685660126306     
   1.47000000000000       0.960834739750016     
   1.48000000000000       0.962844872579919     
   1.49000000000000       0.966183397558469     
   1.50000000000000       0.965658728988428     
   1.51000000000000       0.969729861929616     
   1.52000000000000       0.971548443012250     
   1.53000000000000       0.972029079001502     
   1.54000000000000       0.977110553870971     
   1.55000000000000       0.978208001240360     
   1.56000000000000       0.979572458522736     
   1.57000000000000       0.983569113510643     
   1.58000000000000       0.986234150551726     
   1.59000000000000       0.988772309817340     
   1.60000000000000       0.989718437362662     
   1.61000000000000       0.992582677879946     
   1.62000000000000       0.994729393125920     
   1.63000000000000       0.995950434943066     
   1.64000000000000       0.997987703385818     
   1.65000000000000       0.999706938995497     
   1.66000000000000        1.00184705545209     
   1.67000000000000        1.00288888609031     
   1.68000000000000        1.00603757251641     
   1.69000000000000        1.00776440293256     
   1.70000000000000        1.00876083853494     
   1.71000000000000        1.00973845025193     
   1.72000000000000        1.01253792916378     
   1.73000000000000        1.01089738347253     
   1.74000000000000        1.01278871036823     
   1.75000000000000        1.01380093556877     
   1.76000000000000        1.01405686811859     
   1.77000000000000        1.01546880504875     
   1.78000000000000        1.01542750904506     
   1.79000000000000        1.01794453545435     
   1.80000000000000        1.01501141303301     
   1.81000000000000        1.01641611033657     
   1.82000000000000        1.01710551354188     
   1.83000000000000        1.01603713380372     
   1.84000000000000        1.01617125973898     
   1.85000000000000        1.01623128914379     
   1.86000000000000        1.01721611263049     
   1.87000000000000        1.01682584644065     
   1.88000000000000        1.01579047815864     
   1.89000000000000        1.01646097104027     
   1.90000000000000        1.01543159301864     
   1.91000000000000        1.01601383696539     
   1.92000000000000        1.01480949105668     
   1.93000000000000        1.01376190783202     
   1.94000000000000        1.01486808614965     
   1.95000000000000        1.01328254163007     
   1.96000000000000        1.01294330936592     
   1.97000000000000        1.01213753545351     
   1.98000000000000        1.01120577549969     
   1.99000000000000        1.01197013682522     
   2.00000000000000        1.01074343798030     
   2.01000000000000        1.00986266018042     
   2.02000000000000        1.00911737469334     
   2.03000000000000        1.00811193296541     
   2.04000000000000        1.00954475929986     
   2.05000000000000        1.00864472518323     
   2.06000000000000        1.00821116494241     
   2.07000000000000        1.00658736771310     
   2.08000000000000        1.00690381238226     
   2.09000000000000        1.00666493099334     
   2.10000000000000        1.00543132199307     
   2.11000000000000        1.00615599972474     
   2.12000000000000        1.00394958046237     
   2.13000000000000        1.00271165103051     
   2.14000000000000        1.00451664509601     
   2.15000000000000        1.00364118110749     
   2.16000000000000        1.00369559964357     
   2.17000000000000        1.00313887051730     
   2.18000000000000        1.00309701967235     
   2.19000000000000        1.00287481655258     
   2.20000000000000        1.00293491024014     
   2.21000000000000        1.00216060756741     
   2.22000000000000        1.00167499496283     
   2.23000000000000        1.00243366996743     
   2.24000000000000        1.00141540874005     
   2.25000000000000        1.00162515960693     
   2.26000000000000        1.00144080925591     
   2.27000000000000        1.00178308020996     
   2.28000000000000        1.00165735000092     
   2.29000000000000        1.00161124246085     
   2.30000000000000        1.00177317894104     
   2.31000000000000        1.00104206910962     
   2.32000000000000        1.00094171501927     
   2.33000000000000        1.00112657530342     
   2.34000000000000        1.00125879409484     
   2.35000000000000        1.00188654474770     
   2.36000000000000        1.00191749017836     
   2.37000000000000        1.00227811879088     
   2.38000000000000        1.00254215276231     
   2.39000000000000        1.00181549947268     
   2.40000000000000        1.00214155776985     
   2.41000000000000        1.00263988710578     
   2.42000000000000        1.00243432370757     
   2.43000000000000        1.00216352602903     
   2.44000000000000        1.00331420002910     
   2.45000000000000        1.00325248068921     
   2.46000000000000        1.00326023230362     
   2.47000000000000        1.00216676292288     
   2.48000000000000        1.00367723626010     
   2.49000000000000        1.00232211420742     
   2.50000000000000        1.00398320166621     
   2.51000000000000        1.00312898434650     
   2.52000000000000        1.00278266033958     
   2.53000000000000        1.00439455366617     
   2.54000000000000        1.00391967222183     
   2.55000000000000        1.00421121464226     
   2.56000000000000        1.00451342078418     
   2.57000000000000        1.00361701613665     
   2.58000000000000        1.00430619083376     
   2.59000000000000        1.00380077312449     
   2.60000000000000        1.00443147162126     
   2.61000000000000        1.00442615906954     
   2.62000000000000        1.00394691950026     
   2.63000000000000        1.00487035630034     
   2.64000000000000        1.00411828475755     
   2.65000000000000        1.00383027897188     
   2.66000000000000        1.00416542496193     
   2.67000000000000        1.00455180035746     
   2.68000000000000        1.00484578334647     
   2.69000000000000        1.00413410317912     
   2.70000000000000        1.00404890568040     
   2.71000000000000        1.00490670725828     
   2.72000000000000        1.00455015368127     
   2.73000000000000        1.00373867311025     
   2.74000000000000        1.00438357507700     
   2.75000000000000        1.00514158371891     
   2.76000000000000        1.00478511339476     
   2.77000000000000        1.00336479596088     
   2.78000000000000        1.00472677533514     
   2.79000000000000        1.00374702542652     
   2.80000000000000        1.00350964796993     
   2.81000000000000        1.00405544047022     
   2.82000000000000        1.00409956855542     
   2.83000000000000        1.00407031036226     
   2.84000000000000        1.00396560498543     
   2.85000000000000        1.00354879341061     
   2.86000000000000        1.00382684107881     
   2.87000000000000        1.00397516836948     
   2.88000000000000        1.00336601238247     
   2.89000000000000        1.00446785399649     
   2.90000000000000        1.00327099205105     
   2.91000000000000        1.00354624694214     
   2.92000000000000        1.00287251805719     
   2.93000000000000        1.00330574209999     
   2.94000000000000        1.00290842916361     
   2.95000000000000        1.00338190868869     
   2.96000000000000        1.00357993799289     
   2.97000000000000        1.00291463678602     
   2.98000000000000        1.00352895885626     
   2.99000000000000        1.00286721075225     
   3.00000000000000        1.00243081608345     
   3.01000000000000        1.00327603177765     
   3.02000000000000        1.00245212896140     
   3.03000000000000        1.00378145330463     
   3.04000000000000        1.00354387317880     
   3.05000000000000        1.00350230507353     
   3.06000000000000        1.00283995312471     
   3.07000000000000        1.00278887155080     
   3.08000000000000        1.00343640538624     
   3.09000000000000        1.00286815556736     
   3.10000000000000        1.00304401746025     
   3.11000000000000        1.00339878841394     
   3.12000000000000        1.00317142235597     
   3.13000000000000        1.00315075375561     
   3.14000000000000        1.00347993076608     
   3.15000000000000        1.00340307047453     
   3.16000000000000        1.00291125711204     
   3.17000000000000        1.00304610389567     
   3.18000000000000        1.00282365122228     
   3.19000000000000        1.00313764074139     
   3.20000000000000        1.00307736682694     
   3.21000000000000        1.00286760521264     
   3.22000000000000        1.00241477531949     
   3.23000000000000        1.00242016230150     
   3.24000000000000        1.00318121798411     
   3.25000000000000        1.00326835715588     
   3.26000000000000        1.00215187933939     
   3.27000000000000        1.00247917683313     
   3.28000000000000        1.00276040918301     
   3.29000000000000        1.00264665570988     
   3.30000000000000        1.00309780694384     
   3.31000000000000        1.00312400722687     
   3.32000000000000        1.00281075661573     
   3.33000000000000        1.00279184439894     
   3.34000000000000        1.00261342185539     
   3.35000000000000        1.00332642582175     
   3.36000000000000        1.00313603856284     
   3.37000000000000        1.00234257434006     
   3.38000000000000        1.00278617425740     
   3.39000000000000        1.00199770181975     
   3.40000000000000        1.00270486605720     
   3.41000000000000        1.00262072136223     
   3.42000000000000        1.00287457123548     
   3.43000000000000        1.00324445202760     
   3.44000000000000        1.00299999980151     
   3.45000000000000        1.00353436223329     
   3.46000000000000        1.00225074133613     
   3.47000000000000        1.00289042506104     
   3.48000000000000        1.00277684972665     
   3.49000000000000        1.00267002747171     
   3.50000000000000        1.00304096845149     
   3.51000000000000        1.00244587121974     
   3.52000000000000        1.00304017872592     
   3.53000000000000        1.00229514066762     
   3.54000000000000        1.00214222115777     
   3.55000000000000        1.00293880294646     
   3.56000000000000        1.00347733511135     
   3.57000000000000        1.00246805825154     
   3.58000000000000        1.00224927827902     
   3.59000000000000        1.00255332007839     
   3.60000000000000        1.00295548612862     
   3.61000000000000        1.00326736886237     
   3.62000000000000        1.00246304631365     
   3.63000000000000        1.00321824846099     
   3.64000000000000        1.00209977398132     
   3.65000000000000        1.00248774335927     
   3.66000000000000        1.00285929197982     
   3.67000000000000        1.00286935916481     
   3.68000000000000        1.00243450106901     
   3.69000000000000        1.00265426150668     
   3.70000000000000        1.00266612396596     
   3.71000000000000        1.00264455435462     
   3.72000000000000        1.00283634642037     
   3.73000000000000        1.00203722051968     
   3.74000000000000        1.00215053427196     
   3.75000000000000        1.00245015015677     
   3.76000000000000        1.00265071573564     
   3.77000000000000        1.00259484264138     
   3.78000000000000        1.00227662190683     
   3.79000000000000        1.00254721605154     
   3.80000000000000        1.00258137046774     
   3.81000000000000        1.00287902337747     
   3.82000000000000        1.00246342322738     
   3.83000000000000        1.00279757532685     
   3.84000000000000        1.00275398752045     
   3.85000000000000        1.00260862801052     
   3.86000000000000        1.00253918627819     
   3.87000000000000        1.00281150682543     
   3.88000000000000        1.00297042975033     
   3.89000000000000        1.00291769009576     
   3.90000000000000        1.00277342235935     
   3.91000000000000        1.00285908268018     
   3.92000000000000        1.00234210112323     
   3.93000000000000        1.00210037044618     
   3.94000000000000        1.00267291756745     
   3.95000000000000        1.00268540900396     
   3.96000000000000        1.00282659064973     
   3.97000000000000        1.00221328664646     
   3.98000000000000        1.00262194054937     
   3.99000000000000        1.00233256707360     
   4.00000000000000        1.00262802734712     
   4.01000000000000        1.00236459309698     
   4.02000000000000        1.00267337086598     
   4.03000000000000        1.00248932702877     
   4.04000000000000        1.00209797701998     
   4.05000000000000        1.00243427605652     
   4.06000000000000        1.00237043778472     
   4.07000000000000        1.00236888785281     
   4.08000000000000        1.00229782704367     
   4.09000000000000        1.00159880165494     
   4.10000000000000        1.00275146508624     
   4.11000000000000        1.00224455834302     
   4.12000000000000        1.00218865713024     
   4.13000000000000        1.00229296223055     
   4.14000000000000        1.00228159003558     
   4.15000000000000        1.00214912049829     
   4.16000000000000        1.00199934271633     
   4.17000000000000        1.00264150502610     
   4.18000000000000        1.00216502098297     
   4.19000000000000        1.00193885081000     
   4.20000000000000        1.00199980657733     
   4.21000000000000        1.00224032006382     
   4.22000000000000        1.00174223959858     
   4.23000000000000        1.00203624791901     
   4.24000000000000        1.00214937267525     
   4.25000000000000        1.00250400747427     
   4.26000000000000        1.00210802920944     
   4.27000000000000        1.00213022432433     
   4.28000000000000        1.00224747696565     
   4.29000000000000        1.00204822532802     
   4.30000000000000        1.00242584043004     
   4.31000000000000        1.00224587622993     
   4.32000000000000        1.00233645055164     
   4.33000000000000        1.00189567185581     
   4.34000000000000        1.00253965294005     
   4.35000000000000        1.00204204381777     
   4.36000000000000        1.00246888251904     
   4.37000000000000        1.00215348878106     
   4.38000000000000        1.00190519118730     
   4.39000000000000        1.00245693395727     
   4.40000000000000        1.00207909153055     
   4.41000000000000        1.00201438172924     
   4.42000000000000        1.00223595256255     
   4.43000000000000        1.00223498910097     
   4.44000000000000        1.00196768254778     
   4.45000000000000        1.00263877426875     
   4.46000000000000        1.00213663253737     
   4.47000000000000        1.00214129532089     
   4.48000000000000        1.00227875990576     
   4.49000000000000        1.00227831759734     
   4.50000000000000        1.00207599863153     
   4.51000000000000        1.00220752000605     
   4.52000000000000        1.00199887393956     
   4.53000000000000        1.00249953769705     
   4.54000000000000        1.00169427013172     
   4.55000000000000        1.00249682329874     
   4.56000000000000        1.00160172690833     
   4.57000000000000        1.00188444677040     
   4.58000000000000        1.00169086015970     
   4.59000000000000        1.00213789431248     
   4.60000000000000        1.00191780364290     
   4.61000000000000        1.00166384752345     
   4.62000000000000        1.00235208665356     
   4.63000000000000        1.00198210283434     
   4.64000000000000        1.00178705535736     
   4.65000000000000        1.00228187387541     
   4.66000000000000        1.00184208422525     
   4.67000000000000        1.00220002342368     
   4.68000000000000        1.00188929129839     
   4.69000000000000        1.00198632768202     
   4.70000000000000        1.00188295773202     
   4.71000000000000        1.00224057304439     
   4.72000000000000        1.00222117241731     
   4.73000000000000        1.00217509776353     
   4.74000000000000        1.00177422648300     
   4.75000000000000        1.00191398867321     
   4.76000000000000        1.00190847020103     
   4.77000000000000        1.00238058361908     
   4.78000000000000        1.00172640856783     
   4.79000000000000        1.00173462235644     
   4.80000000000000        1.00195874407265     
   4.81000000000000        1.00152134142392     
   4.82000000000000        1.00199368684363     
   4.83000000000000        1.00171580657236     
   4.84000000000000        1.00197677000292     
   4.85000000000000        1.00238412040069     
   4.86000000000000        1.00203223360945     
   4.87000000000000        1.00212950244568     
   4.88000000000000        1.00223553912480     
   4.89000000000000        1.00192321395067     
   4.90000000000000        1.00185244494542     
   4.91000000000000        1.00199533826646     
   4.92000000000000        1.00205014882059     
   4.93000000000000        1.00174165661828     
   4.94000000000000        1.00193425317921     
   4.95000000000000        1.00168383703761     
   4.96000000000000        1.00181592075407     
   4.97000000000000        1.00208679947707     
   4.98000000000000        1.00233908864873     
   4.99000000000000        1.00214497519351     
   5.00000000000000        1.00187290071945     
   5.01000000000000        1.00198829972122     
   5.02000000000000        1.00148175623760     
   5.03000000000000        1.00175166026676     
   5.04000000000000        1.00183016090915     
   5.05000000000000        1.00192443600107     
   5.06000000000000        1.00169776115482     
   5.07000000000000        1.00145376009162     
   5.08000000000000        1.00173949659026     
   5.09000000000000        1.00174961794101     
   5.10000000000000        1.00186778395405     
   5.11000000000000        1.00191330054590     
   5.12000000000000        1.00223831361761     
   5.13000000000000        1.00233047713066     
   5.14000000000000        1.00212140287008     
   5.15000000000000        1.00157335348063     
   5.16000000000000        1.00198147801809     
   5.17000000000000        1.00172765243076     
   5.18000000000000        1.00207191964747     
   5.19000000000000        1.00163873472331     
   5.20000000000000        1.00191427555285     
   5.21000000000000        1.00197158447389     
   5.22000000000000        1.00203953265768     
   5.23000000000000        1.00218464928449     
   5.24000000000000        1.00174799385037     
   5.25000000000000        1.00183706762921     
   5.26000000000000        1.00205855455018     
   5.27000000000000        1.00160481058893     
   5.28000000000000        1.00199055757014     
   5.29000000000000        1.00190774218807     
   5.30000000000000        1.00176193183761     
   5.31000000000000        1.00144925481470     
   5.32000000000000        1.00171402903247     
   5.33000000000000        1.00128804003562     
   5.34000000000000        1.00206165811628     
   5.35000000000000        1.00162093804694     
   5.36000000000000        1.00129781690830     
   5.37000000000000        1.00158485594675     
   5.38000000000000        1.00161530858436     
   5.39000000000000        1.00135047475782     
   5.40000000000000        1.00156044107831     
   5.41000000000000        1.00143115879123     
   5.42000000000000        1.00144478811799     
   5.43000000000000        1.00168680528451     
   5.44000000000000        1.00174871142812     
   5.45000000000000        1.00178741422931     
   5.46000000000000        1.00137404245679     
   5.47000000000000        1.00173199389743     
   5.48000000000000        1.00113293579809     
   5.49000000000000        1.00160129482573     
   5.50000000000000        1.00147863891247     
   5.51000000000000        1.00216031596260     
   5.52000000000000        1.00158868607388     
   5.53000000000000        1.00162597928301     
   5.54000000000000        1.00203489226327     
   5.55000000000000        1.00181409250902     
   5.56000000000000        1.00149013706375     
   5.57000000000000        1.00116302149166     
   5.58000000000000        1.00190024092961     
   5.59000000000000        1.00214763637368     
   5.60000000000000        1.00158881307653     
   5.61000000000000        1.00194602669344     
   5.62000000000000        1.00156593822853     
   5.63000000000000        1.00151013894380     
   5.64000000000000        1.00172660148888     
   5.65000000000000        1.00154407688851     
   5.66000000000000        1.00173752274101     
   5.67000000000000        1.00210128076905     
   5.68000000000000        1.00182204769966     
   5.69000000000000        1.00188262755411     
   5.70000000000000        1.00163301162244     
   5.71000000000000        1.00163113283475     
   5.72000000000000        1.00142682862264     
   5.73000000000000        1.00185676629398     
   5.74000000000000        1.00186940291938     
   5.75000000000000        1.00151551956549     
   5.76000000000000        1.00178327937456     
   5.77000000000000        1.00175112282474     
   5.78000000000000        1.00148237153061     
   5.79000000000000        1.00135042648289     
   5.80000000000000        1.00179569320841     
   5.81000000000000        1.00173942150369     
   5.82000000000000        1.00164377962958     
   5.83000000000000        1.00144588763713     
   5.84000000000000        1.00191938713532     
   5.85000000000000        1.00156274051186     
   5.86000000000000        1.00167947726563     
   5.87000000000000        1.00157972469850     
   5.88000000000000        1.00153180904055     
   5.89000000000000        1.00154248850185     
   5.90000000000000        1.00168176369557     
   5.91000000000000        1.00129212315533     
   5.92000000000000        1.00147787169547     
   5.93000000000000        1.00138609498570     
   5.94000000000000        1.00156215870825     
   5.95000000000000        1.00164181601045     
   5.96000000000000        1.00125948541576     
   5.97000000000000        1.00168512761070     
   5.98000000000000        1.00144535092658     
