  5.000000000000000E-002   146.855172019362        22.6534406028579     
  0.100000000000000        147.823902659528        21.6655606967164     
  0.150000000000000        146.345105734439        23.0582442761694     
  0.200000000000000        145.075744834738        24.4018965809772     
  0.250000000000000        146.089727994921        23.4955297482549     
  0.300000000000000        147.245625379933        22.1600428319389     
  0.350000000000000        145.651846851313        23.8790882094227     
  0.400000000000000        145.731871762574        23.8754577416202     
  0.450000000000000        145.221022878727        24.1610095238705     
  0.500000000000000        144.051912005883        25.4450068283097     
  0.550000000000000        145.693322333707        23.6765966902315     
  0.600000000000000        145.580512979330        23.8913472826686     
  0.650000000000000        146.034502519308        23.5522784498479     
  0.700000000000000        146.421588496245        22.9422585385761     
  0.750000000000000        145.752368481604        23.7392523628901     
  0.800000000000000        146.184078092391        23.2864123922087     
  0.850000000000000        144.967101289342        24.5370707262495     
  0.900000000000000        146.188925739335        23.2941843498469     
  0.950000000000000        148.228768293654        21.1544054775174     
   1.00000000000000        145.287151443495        24.1234083301943     
   1.05000000000000        146.135828742733        23.3271306769803     
   1.10000000000000        148.545194429117        20.7898349075831     
   1.15000000000000        146.150572327150        23.2325560153440     
   1.20000000000000        146.809411708117        22.6467455694782     
   1.25000000000000        145.807882018794        23.5183481759702     
   1.30000000000000        145.617571509255        23.7500029757374     
   1.35000000000000        144.265113833996        25.0197681776076     
   1.40000000000000        147.513334522947        21.7707973408156     
   1.45000000000000        146.159468092614        23.2172618822712     
   1.50000000000000        147.422242744962        21.9326697653241     
   1.55000000000000        145.312316051937        24.4961627615022     
   1.60000000000000        146.452361485902        22.9295902165662     
   1.65000000000000        145.605509095693        23.8073617513958     
   1.70000000000000        145.521498141237        23.8590155782512     
   1.75000000000000        147.571247243019        22.0420337940764     
   1.80000000000000        144.567488259193        24.8040354669692     
   1.85000000000000        143.690708896106        25.6758766569282     
   1.90000000000000        145.449888180592        23.7993154507406     
   1.95000000000000        144.577374181840        24.7365601839177     
   2.00000000000000        145.647887510032        23.8771139368237     
   2.05000000000000        145.889331868511        23.5798900597772     
   2.10000000000000        146.464638032018        22.9987729023578     
   2.15000000000000        145.802169595462        23.4173729590683     
   2.20000000000000        145.753263046822        23.4813372872422     
   2.25000000000000        146.196939100211        23.2386624288127     
   2.30000000000000        143.869200801000        25.4416131119691     
   2.35000000000000        144.601548578087        24.8460615858660     
   2.40000000000000        146.595238523929        22.8371080388232     
   2.45000000000000        146.176483186677        23.2235476033956     
   2.50000000000000        146.233415340259        23.2562727237756     
   2.55000000000000        144.101072546136        25.4521452268521     
   2.60000000000000        145.475199790283        23.9016780941494     
   2.65000000000000        147.007935680496        22.4258001202670     
   2.70000000000000        146.686525803798        22.9042684240052     
   2.75000000000000        144.401595496401        24.9517447650067     
   2.80000000000000        145.200183428265        24.4063519193443     
   2.85000000000000        145.239170598262        24.0011948041073     
   2.90000000000000        145.059370921329        24.5598104366090     
   2.95000000000000        144.617005350419        24.8599367271712     
   3.00000000000000        145.630673885887        23.8256421007333     
   3.05000000000000        146.642737139680        22.9603102878267     
   3.10000000000000        144.927377770546        24.3064777567230     
   3.15000000000000        145.217684821386        24.3246742258223     
   3.20000000000000        146.735398519355        22.7256824291429     
   3.25000000000000        147.797574761431        21.5615192104376     
   3.30000000000000        145.495578958792        23.8791073655597     
   3.35000000000000        146.456949912610        23.1070036450943     
   3.40000000000000        146.381119767225        22.9878775404065     
   3.45000000000000        146.102374885467        23.3654940521457     
   3.50000000000000        146.112756247367        23.2484591220825     
   3.55000000000000        145.144279780438        24.1718725128059     
   3.60000000000000        147.527203818332        21.9616203650282     
   3.65000000000000        146.666884907511        22.7673385520834     
   3.70000000000000        145.905634234068        23.3038035971540     
   3.75000000000000        147.566446459831        21.9529712777942     
   3.80000000000000        146.413395363541        23.1814397144751     
   3.85000000000000        144.390164243288        25.0201381905287     
   3.90000000000000        145.407616511427        23.9631686674821     
   3.95000000000000        145.758168199591        23.6033091265720     
   4.00000000000000        143.887386752170        25.8858474677299     
   4.05000000000000        146.439560744588        23.0293942269646     
   4.10000000000000        145.123440951908        24.2416573797096     
   4.15000000000000        146.726995805727        22.7550551421102     
   4.20000000000000        144.887322229377        24.5540828993519     
   4.25000000000000        144.480424243512        25.1050039417808     
   4.30000000000000        145.988908736057        23.4260170388045     
   4.35000000000000        143.148512351359        26.1857283593674     
   4.40000000000000        148.009291733050        21.4657044119891     
   4.45000000000000        146.130896772887        23.2338725444937     
   4.50000000000000        146.773815638026        22.6989718899508     
   4.55000000000000        146.942466512994        22.4395459859387     
   4.60000000000000        146.157832343648        23.4196231400288     
   4.65000000000000        145.870311120020        23.5850205850219     
   4.70000000000000        146.127544235139        23.5383033123737     
   4.75000000000000        146.177758473682        23.2545964829834     
   4.80000000000000        146.514660086874        22.8498247421890     
   4.85000000000000        147.449122373757        21.8359265623116     
   4.90000000000000        145.501688473675        23.8123800063245     
   4.95000000000000        145.585208446717        23.8802806345962     
   5.00000000000000        145.936559135296        23.5497963902417     
   5.05000000000000        145.798570380550        23.7724896731352     
   5.10000000000000        147.075405349020        22.4621607577674     
   5.15000000000000        145.989740995159        23.3658438154400     
   5.20000000000000        145.310706117154        24.2440181281279     
   5.25000000000000        145.904474178509        23.5484742774828     
   5.30000000000000        146.086990958568        23.3722230418502     
   5.35000000000000        143.429008543473        25.9773101492494     
   5.40000000000000        144.902467623032        24.4593108845807     
   5.45000000000000        146.789666312970        22.7949518215740     
   5.50000000000000        143.733983897552        25.8257555295277     
   5.55000000000000        145.905286623060        23.3945153603849     
   5.60000000000000        145.563510660264        23.6196806233574     
   5.65000000000000        147.362252483517        22.1310850397043     
   5.70000000000000        146.797331763449        22.7828083247333     
   5.75000000000000        144.904625250703        24.4365983981976     
   5.80000000000000        146.247200551412        23.1526198130489     
   5.85000000000000        145.699843776322        23.7220956611624     
   5.90000000000000        146.245544402921        23.3297466718668     
   5.95000000000000        149.244261522711        20.3093272252303     
   6.00000000000000        145.875050976684        23.5182629007722     
   6.05000000000000        144.919486336173        24.5449831315973     
   6.10000000000000        146.376699975085        23.0757375521365     
   6.15000000000000        142.972664926977        26.4268589798075     
   6.20000000000000        145.354153783881        23.9136056483160     
   6.25000000000000        144.687829527022        24.4676341962442     
   6.30000000000000        147.451238998438        22.0035972856556     
   6.35000000000000        145.513417198827        23.8949662366664     
   6.40000000000000        146.231041858254        23.2087454935559     
   6.45000000000000        145.513076897958        24.0019179875839     
   6.50000000000000        145.602432569785        23.8790661594542     
   6.55000000000000        144.076073870178        25.4635646312860     
   6.60000000000000        145.309064563844        24.0488298213047     
   6.65000000000000        144.969940318006        24.4012938159215     
   6.70000000000000        145.711734155522        23.4285365344440     
   6.75000000000000        146.458386013775        22.9656648545183     
   6.80000000000000        146.740157324741        22.6579830421033     
   6.85000000000000        145.097169181005        24.4936791602139     
   6.90000000000000        144.880815630872        24.5641237198008     
   6.95000000000000        143.764179225930        25.7411548404377     
   7.00000000000000        148.595587159887        20.8850865891675     
   7.05000000000000        145.728852910538        23.5825505315835     
   7.10000000000000        147.261755224731        22.1669241104098     
   7.15000000000000        142.690109372710        26.3661437177144     
   7.20000000000000        144.338188365565        25.0824258278012     
   7.25000000000000        147.186882493131        22.3779510640741     
   7.30000000000000        148.171917371073        21.3778907941603     
   7.35000000000000        145.458103835764        23.9195901772189     
   7.40000000000000        144.946006452158        24.6080485338763     
   7.45000000000000        143.717613910397        25.5968244076437     
   7.50000000000000        145.826130052268        23.5732118081034     
   7.55000000000000        146.047464736030        23.3592065164053     
   7.60000000000000        145.995475848985        23.5139117956381     
   7.65000000000000        145.584886429143        23.9742800451995     
   7.70000000000000        146.532093405908        22.9244319454588     
   7.75000000000000        145.175188211065        24.2621604595161     
   7.80000000000000        146.215896219881        23.1783407232371     
   7.85000000000000        146.074029275548        23.2692434523125     
   7.90000000000000        146.470469422731        22.8551336703421     
   7.95000000000000        143.282227806689        25.9919235927557     
   8.00000000000000        144.377873155316        25.2101463364711     
   8.05000000000000        145.334378253924        24.2335661051940     
   8.10000000000000        144.250379580650        25.0313703643156     
   8.15000000000000        144.984510419176        24.4527728666121     
   8.20000000000000        146.344181981976        23.0256488442489     
   8.25000000000000        145.027711536596        24.4638167102428     
   8.30000000000000        146.797470881836        22.8304209362989     
   8.35000000000000        145.588555920798        23.7829479540178     
   8.40000000000000        145.702873326466        23.6321923823876     
   8.45000000000000        144.631507184039        24.8443414103645     
   8.50000000000000        145.417886808493        23.9561171564779     
   8.55000000000000        143.285724047528        26.0215085574040     
   8.60000000000000        148.051847070655        21.4421251784822     
   8.65000000000000        143.515075360340        25.8587676693667     
   8.70000000000000        146.620696993577        22.8480508662571     
   8.75000000000000        144.802045063423        24.7185653171415     
   8.80000000000000        146.245171707454        23.2383579374820     
   8.85000000000000        146.591863253773        22.9622248559910     
   8.90000000000000        146.039620703774        23.3970168536163     
   8.95000000000000        145.744811204967        23.8184707619134     
   9.00000000000000        145.046723267156        24.4678786362540     
   9.05000000000000        146.788513307223        22.5606084020613     
   9.10000000000000        143.787533259751        25.7273358684823     
   9.15000000000000        144.248592048117        24.9008851498052     
   9.20000000000000        145.870200442884        23.3877537704581     
   9.25000000000000        144.459063157398        25.1533649864863     
   9.30000000000000        145.642129116116        23.8366983649265     
   9.35000000000000        143.745596403925        25.7276846404214     
   9.40000000000000        146.383773727965        23.0370564874720     
   9.45000000000000        146.220418757506        23.3056758124666     
   9.50000000000000        146.049539273132        23.5676850727806     
   9.55000000000000        144.076265739380        25.3347663328818     
   9.60000000000000        145.475851889923        23.9424984960158     
   9.65000000000000        144.388332782656        25.1107744943476     
   9.70000000000000        146.402516895576        23.0225022756717     
   9.75000000000000        146.363184183495        23.0609437155742     
   9.80000000000000        145.053508748131        24.4084434132802     
   9.85000000000000        146.315042003202        23.1972881455160     
   9.90000000000000        145.749769729665        23.7251887109688     
   9.95000000000000        145.829825026030        23.6627659453291     
   10.0000000000000        144.623629764701        24.4779452211145     
   10.0500000000000        146.247054627469        23.2634797497636     
   10.1000000000000        144.020745808972        25.5386553619124     
   10.1500000000000        144.830337883186        24.4141809048348     
   10.2000000000000        146.513192331483        22.7853221330813     
   10.2500000000000        145.606985924905        23.9103034041313     
   10.3000000000000        147.178222066821        22.1240908005857     
   10.3500000000000        144.888783180254        24.5545861412839     
   10.4000000000000        146.684927028944        22.7601198616864     
   10.4500000000000        147.916116268879        21.4855020860742     
   10.5000000000000        146.704851719928        22.7502894950864     
   10.5500000000000        146.381846407108        22.9266832168636     
   10.6000000000000        145.572594473496        23.6846153961017     
   10.6500000000000        145.251618829723        24.1024670644866     
   10.7000000000000        146.362677322571        23.0786270182483     
   10.7500000000000        146.036887622185        23.4453277023994     
   10.8000000000000        143.908502109925        25.5730231067676     
   10.8500000000000        144.595608763164        24.7574795610535     
   10.9000000000000        146.278822740916        22.9245313064456     
   10.9500000000000        144.092641259134        25.3274808054761     
   11.0000000000000        145.417426120662        23.8152597882307     
   11.0500000000000        145.706887250800        23.5588036155695     
   11.1000000000000        145.156686795605        24.4517677991956     
   11.1500000000000        146.180958702558        23.0970374203477     
   11.2000000000000        146.446965682190        22.9315620753375     
   11.2500000000000        145.845768259378        23.6705490742259     
   11.3000000000000        145.655354946199        23.9796140070484     
   11.3500000000000        146.077104153695        23.3438763924033     
   11.4000000000000        144.959875710735        24.4984939076014     
   11.4500000000000        144.624148277935        24.6303302101422     
   11.5000000000000        145.877759489495        23.4178943438101     
   11.5500000000000        144.521579054148        24.9199112404419     
   11.6000000000000        146.924772776406        22.5672239483678     
   11.6500000000000        145.959344173265        23.5851392305014     
   11.7000000000000        146.339035553919        23.1496322917801     
   11.7500000000000        146.076182551364        23.3046545373377     
   11.8000000000000        145.845857564352        23.6803762495781     
   11.8500000000000        145.718292973343        23.7335779833464     
   11.9000000000000        147.488600236695        21.9398732738577     
   11.9500000000000        144.676865851482        24.7872644722095     
   12.0000000000000        144.515200902128        25.1728716562108     
   12.0500000000000        144.827120260062        24.4449022990673     
   12.1000000000000        146.168911507913        23.3087972457306     
   12.1500000000000        145.085745223814        24.4798545239202     
   12.2000000000000        145.530574989793        23.9706902376252     
   12.2500000000000        145.208334452879        24.2613431699136     
   12.3000000000000        144.043016926553        25.5877434258640     
   12.3500000000000        145.262489629137        24.2047445016839     
   12.4000000000000        145.758753390321        23.7332362411715     
   12.4500000000000        145.714506362435        23.6614012116207     
   12.5000000000000        146.560046629045        22.9067868640445     
   12.5500000000000        146.507605341865        22.7464100789402     
   12.6000000000000        143.821637463983        25.4129756625343     
   12.6500000000000        145.990596046703        23.3516268569606     
   12.7000000000000        146.084279006598        23.6321775585320     
   12.7500000000000        145.366390773601        23.9809863336475     
   12.8000000000000        147.698080918383        21.6745767758108     
   12.8500000000000        147.052718544967        22.3950217165038     
   12.9000000000000        147.408805395238        21.9063642212423     
   12.9500000000000        145.220197090308        24.0720129386218     
   13.0000000000000        146.507935809332        23.1339339180431     
   13.0500000000000        146.297230961103        23.2765614779987     
   13.1000000000000        144.408820267746        24.9163896623294     
   13.1500000000000        145.680536260537        23.7797656470333     
   13.2000000000000        145.349896174987        24.1650252605634     
   13.2500000000000        146.506695642937        22.9440087314042     
   13.3000000000000        146.233904246684        22.9319204792259     
   13.3500000000000        145.047435882218        24.3109370406200     
   13.4000000000000        146.163086265321        23.2266898831176     
   13.4500000000000        142.914487895885        26.4932876165627     
   13.5000000000000        144.732384864705        24.7929743573938     
   13.5500000000000        146.903846219339        22.6998310604915     
   13.6000000000000        145.922141893700        23.6170508532812     
   13.6500000000000        145.943029844213        23.4314377798345     
   13.7000000000000        146.996921160554        22.2987623448076     
   13.7500000000000        145.732497448706        23.6654260012733     
   13.8000000000000        146.244207194088        23.1495866309770     
   13.8500000000000        144.852863216163        24.4898899210773     
   13.9000000000000        146.928692926535        22.4607276517943     
   13.9500000000000        147.042918970055        22.4257221178061     
   14.0000000000000        144.522252980155        24.8790452390705     
   14.0500000000000        146.003054445078        23.2958166697617     
   14.1000000000000        146.542109461304        22.8817021248870     
   14.1500000000000        145.256141295350        24.0368956288366     
   14.2000000000000        146.653847636837        23.0733859123424     
   14.2500000000000        143.687831788003        25.7090514122762     
   14.3000000000000        145.161993504852        24.1399446398915     
   14.3500000000000        145.623709611105        23.9022296785651     
   14.4000000000000        143.762473744041        25.7426532408429     
   14.4500000000000        145.588830079427        23.9484103578333     
   14.5000000000000        146.028377982143        23.4548689044620     
   14.5500000000000        146.185751282262        23.3687400456528     
   14.6000000000000        148.006539548203        21.3957564276997     
   14.6500000000000        145.090762018192        24.3851796929301     
   14.7000000000000        145.559109795148        23.9252979126444     
   14.7500000000000        147.134991696979        22.3928216156608     
   14.8000000000000        146.307720047085        23.0240236318827     
   14.8500000000000        143.685998688108        25.8282549077482     
   14.9000000000000        144.895689096652        24.5167724204693     
   14.9500000000000        146.285088725857        23.2172411309915     
   15.0000000000000        145.939117033137        23.4469297133022     
   15.0500000000000        146.129625282280        23.3268442608046     
   15.1000000000000        144.145070212807        25.1758056460093     
   15.1500000000000        146.270581075719        23.2203514138341     
   15.2000000000000        144.710557118782        24.7092528061542     
   15.2500000000000        146.444529799438        23.0500202661522     
   15.3000000000000        147.192244973677        22.0504569073622     
   15.3500000000000        144.574382012397        24.7687607296078     
   15.4000000000000        145.827442990046        23.5367318506812     
   15.4500000000000        146.661726391421        22.7763841167968     
   15.5000000000000        146.133053165773        23.1540424903660     
   15.5500000000000        144.702830361043        24.8128068474848     
   15.6000000000000        144.199560059456        25.2964552736989     
   15.6500000000000        144.921111186312        24.5247034157687     
   15.7000000000000        145.611532276563        23.8811624602585     
   15.7500000000000        144.051444675708        25.3106065853228     
   15.8000000000000        145.390805362996        24.1366562287547     
   15.8500000000000        146.559306744561        22.9619079499164     
   15.9000000000000        146.754278212485        22.4967788660121     
   15.9500000000000        146.358609922963        23.1702858461781     
   16.0000000000000        143.431737388574        26.0746225759433     
   16.0500000000000        145.385677475963        23.9459802605872     
   16.1000000000000        145.539642198416        24.0014665379478     
   16.1500000000000        145.072390963164        24.0208882062066     
   16.2000000000000        146.608679722137        22.9184258820876     
   16.2500000000000        144.328231889017        25.1360427243825     
   16.3000000000000        144.419849785932        25.1144860288988     
   16.3500000000000        146.656821563726        22.8586409853854     
   16.4000000000000        146.142030506353        23.2180031026273     
   16.4500000000000        145.265289318221        24.2789092481353     
   16.5000000000000        146.360421278444        23.0829654451257     
   16.5500000000000        145.454136877457        24.0400862736072     
   16.6000000000000        144.465730498840        24.9304466886742     
   16.6500000000000        143.983037694718        25.4427157389168     
   16.7000000000000        146.802978473457        22.5247781255297     
   16.7500000000000        145.203690950044        24.0724518538376     
   16.8000000000000        145.978743136847        23.5224733894050     
   16.8500000000000        145.384730307554        24.1016162042850     
   16.9000000000000        146.037286572762        23.6580009519698     
   16.9500000000000        146.099695370714        23.2838134856292     
   17.0000000000000        146.098255756941        23.3887650331117     
   17.0500000000000        145.551290045990        23.8939930407441     
   17.1000000000000        145.876280709154        23.5058650731350     
   17.1500000000000        145.574752666274        24.0337452582763     
   17.2000000000000        144.490565048084        25.0159815776393     
   17.2500000000000        145.185955584070        24.2163068120169     
   17.3000000000000        144.671981449909        24.4880366314013     
   17.3500000000000        143.225602483438        26.5170304571469     
   17.4000000000000        145.155499598145        24.1072918604181     
   17.4500000000000        145.796344678193        23.6625564746223     
   17.5000000000000        143.536266913621        25.9451526149534     
   17.5500000000000        146.463857461954        23.1010486457333     
   17.6000000000000        146.535948163385        22.7680198134348     
   17.6500000000000        145.645429795826        23.7793297655921     
   17.7000000000000        144.870611427846        24.7826261113032     
   17.7500000000000        146.029936009101        23.1703737815422     
   17.8000000000000        143.982931327282        25.6841776475537     
   17.8500000000000        143.981901859741        25.4265226889745     
   17.9000000000000        145.354484251230        24.1976867094225     
   17.9500000000000        145.583186487905        23.5968745501492     
   18.0000000000000        143.778092824346        25.6222559407981     
   18.0500000000000        145.320288918585        24.0057646594358     
   18.1000000000000        144.636728882105        24.8623131059637     
   18.1500000000000        147.729508753111        21.7593713544478     
   18.2000000000000        144.683117823236        24.8383832061528     
   18.2500000000000        146.400723423523        23.1841712942044     
   18.3000000000000        146.593829876127        22.8575754192155     
   18.3500000000000        145.437110892884        23.9847109289602     
   18.4000000000000        144.347056675726        25.0937771042185     
   18.4500000000000        145.789100127031        23.8317917162809     
   18.5000000000000        144.075843607202        25.3433206656016     
   18.5500000000000        142.796501141391        26.5435754060926     
   18.6000000000000        147.627140551041        21.7650236592794     
   18.6500000000000        147.029337043911        22.2968997840905     
   18.7000000000000        146.363179810993        23.1579715545976     
   18.7500000000000        146.231011356526        23.3063636572502     
   18.8000000000000        146.865241768292        22.6649541564062     
   18.8500000000000        144.679385403474        24.8868882450697     
   18.9000000000000        145.774998432393        23.5266921978018     
   18.9500000000000        146.533581095844        22.9980859199455     
   19.0000000000000        147.141325960373        22.1748193322480     
   19.0500000000000        146.129205360927        23.3790874184049     
   19.1000000000000        145.423351470899        23.7892209586957     
   19.1500000000000        143.993970608743        25.7669148225375     
   19.2000000000000        146.696678647296        22.7633698626303     
   19.2500000000000        145.562778175404        23.8779245084326     
   19.3000000000000        146.317845764152        23.2104804393924     
   19.3500000000000        146.994469295901        22.6238296485551     
   19.4000000000000        146.845529655194        22.4175762989693     
   19.4500000000000        146.853996725112        22.5163473354977     
   19.5000000000000        145.499202409082        23.9742686574975     
   19.5500000000000        146.611993555104        22.6396527892634     
   19.6000000000000        144.950089954895        24.4697930095163     
   19.6500000000000        147.147610799464        22.3343706789002     
   19.7000000000000        143.912241836938        25.4106091524769     
   19.7500000000000        144.758306711931        24.7302147764453     
   19.8000000000000        144.215280490425        25.2280156887409     
   19.8500000000000        144.092747728722        25.2778039462777     
   19.9000000000000        146.771713890952        22.5801612159233     
   19.9500000000000        147.989174187976        21.2712229702992     
   20.0000000000000        146.854972613850        22.5288843941365     
   20.0500000000000        145.657177093105        23.8654698217097     
   20.1000000000000        143.435824233743        25.8540344530879     
   20.1500000000000        145.169015083373        24.3380687590122     
   20.2000000000000        145.364680280049        24.0329048262700     
   20.2500000000000        145.174894819946        24.0147252795026     
   20.3000000000000        144.211041432634        25.2746959124743     
   20.3500000000000        145.418168541770        23.9953918888288     
   20.4000000000000        146.523087363730        22.7829603560844     
   20.4500000000000        146.337831369876        23.0792336679081     
   20.5000000000000        147.425267174867        22.0319114602340     
   20.5500000000000        145.413665592750        24.0328872431024     
   20.6000000000000        146.018235559847        23.4473521712252     
   20.6500000000000        146.231703511251        23.1016486800968     
   20.7000000000000        147.588465565075        21.7696154312589     
   20.7500000000000        146.265015328916        23.2843089045041     
   20.8000000000000        147.331183877838        22.1606095137047     
   20.8500000000000        146.492906812379        22.9864601445040     
   20.9000000000000        145.058960742200        24.4567241000477     
   20.9500000000000        146.663221310819        22.7630313918485     
   21.0000000000000        146.328441217158        23.2462659199976     
   21.0500000000000        144.943123044429        24.6351332583684     
   21.1000000000000        145.769112159520        23.6717244088112     
   21.1500000000000        144.731948525359        24.6203571198958     
   21.2000000000000        144.003887215682        25.4080119851440     
   21.2500000000000        142.324833149583        27.1696723551599     
   21.3000000000000        145.427205470223        23.9540944916014     
   21.3500000000000        145.604851291140        23.8568905855174     
   21.4000000000000        145.614891217652        23.9892245654886     
   21.4500000000000        146.343714070613        23.0617544688659     
   21.5000000000000        146.497182130142        22.7688377703359     
   21.5500000000000        146.601323526099        22.9860524649823     
   21.6000000000000        144.449853098490        25.0419489687715     
   21.6500000000000        147.191007210728        22.2158288936640     
   21.7000000000000        145.821869102221        23.5391680011768     
   21.7500000000000        146.668296305608        22.9410387415186     
   21.8000000000000        146.958389034846        22.4322037288668     
   21.8500000000000        148.168338185997        21.2729153583410     
   21.9000000000000        146.533392777010        23.0340056184715     
   21.9500000000000        145.757638930473        23.5270419931887     
   22.0000000000000        144.778106419847        24.6296558775117     
   22.0500000000000        146.047921730530        23.3771420798096     
   22.1000000000000        148.093534444184        21.3671307115397     
   22.1500000000000        146.525929279624        22.8779505750027     
   22.2000000000000        147.236142580376        22.1509154404673     
   22.2500000000000        144.300582860250        25.2818691437539     
   22.3000000000000        147.057351198557        22.5196449380739     
   22.3500000000000        147.313856688815        22.0660259081505     
   22.4000000000000        144.716346285037        24.8445963187562     
   22.4500000000000        146.255567035692        23.2242421130811     
   22.5000000000000        144.774115732171        24.7213465746704     
   22.5500000000000        145.963493548434        23.6179204797762     
   22.6000000000000        146.985240655491        22.4740954220201     
   22.6500000000000        145.216601428244        24.2903940874441     
   22.7000000000000        145.496351484070        24.0048726639110     
   22.7500000000000        146.897159231009        22.5329448701414     
   22.8000000000000        146.973448663848        22.5209381757476     
   22.8500000000000        147.460541516429        21.8208630779763     
   22.9000000000000        143.692085838160        25.7550933038509     
   22.9500000000000        143.822507403134        25.4190581326559     
   23.0000000000000        145.328546822656        24.0744137130308     
   23.0500000000000        146.656972053511        22.8431199699617     
   23.1000000000000        145.607013798642        23.9559546531037     
   23.1500000000000        145.871894716824        23.7010901276858     
   23.2000000000000        145.445873725214        24.0681849350043     
   23.2500000000000        146.507638499543        22.8187861809248     
   23.3000000000000        145.642096635637        23.8733555661055     
   23.3500000000000        144.956377185087        24.3504836491784     
   23.4000000000000        147.767351080651        21.6727152226539     
   23.4500000000000        145.661587799763        23.7759955729797     
   23.5000000000000        146.054055307945        23.3736657369109     
   23.5500000000000        145.787366741607        23.7688331924932     
   23.6000000000000        144.938339124173        24.6327793772248     
   23.6500000000000        147.260214232696        22.1989567673902     
   23.7000000000000        145.859754517678        23.7358706482008     
   23.7500000000000        145.515616620512        23.9599090654516     
   23.8000000000000        146.133201142449        23.0833573885534     
   23.8500000000000        147.301447862677        22.1739971115491     
   23.9000000000000        146.308663924271        23.1883562333833     
   23.9500000000000        147.133168085441        22.3544969804193     
   24.0000000000000        146.482743628765        22.8742992534189     
   24.0500000000000        145.276712835403        23.9862753295541     
   24.1000000000000        144.663580088818        24.8218909184249     
   24.1500000000000        144.609105893468        24.8171466652388     
   24.2000000000000        147.079536499880        22.2911967949611     
   24.2500000000000        145.590910909191        23.9138460981262     
   24.3000000000000        145.520069812707        23.9829716616346     
   24.3500000000000        145.597889004320        23.8554772858440     
   24.4000000000000        146.941187066559        22.4170288315171     
   24.4500000000000        144.242388916829        25.1686187455288     
   24.5000000000000        147.434785983745        22.0266966899981     
   24.5500000000000        146.504403305967        23.0105472668313     
   24.6000000000000        146.035248736390        23.2366862313319     
   24.6500000000000        144.368541861699        25.0738417469004     
   24.7000000000000        144.411021596364        25.2025723809865     
   24.7500000000000        146.543455642576        22.9375749846390     
   24.8000000000000        145.743782449389        23.7087754084366     
   24.8500000000000        146.025019384340        23.3581100246825     
   24.9000000000000        145.856679411223        23.5145725515781     
   24.9500000000000        145.812714356603        23.5765543693232     
   25.0000000000000        148.063708508061        21.3261363517099     
   25.0500000000000        144.226933706155        25.2898633374168     
   25.1000000000000        146.889486148879        22.4674207160394     
   25.1500000000000        145.642496163590        23.7216528723350     
   25.2000000000000        146.593159356255        22.7124241429841     
   25.2500000000000        146.648861046297        22.6180451696171     
   25.3000000000000        145.247330068091        24.1302894994101     
   25.3500000000000        146.285096192546        23.1579936655516     
   25.4000000000000        145.676135177845        23.8473863622676     
   25.4500000000000        145.303132664014        24.0035570812222     
   25.5000000000000        143.453847687379        26.3556617306687     
   25.5500000000000        146.409121232320        23.0433330547733     
   25.6000000000000        144.335721560143        25.1884313601563     
   25.6500000000000        142.985322269061        26.4000321914396     
   25.7000000000000        146.432775709714        22.9977704285130     
   25.7500000000000        144.919528152808        24.3869534485021     
   25.8000000000000        147.204477376938        22.0008733028810     
   25.8500000000000        146.709511903219        22.7128319684839     
   25.9000000000000        146.708460829885        23.0317653904876     
   25.9500000000000        145.313217341516        24.1334437741888     
   26.0000000000000        146.802494367198        22.6381226791827     
   26.0500000000000        145.935015780546        23.5354824784483     
   26.1000000000000        144.723454022806        24.7671772095442     
   26.1500000000000        147.301764190240        22.1413368735180     
   26.2000000000000        144.797531369726        24.7593146855044     
   26.2500000000000        147.230889314596        22.1766220828952     
   26.3000000000000        143.774448383796        25.5548042004016     
   26.3500000000000        146.623784192614        22.7182696144604     
   26.4000000000000        146.995587397861        22.4506366661390     
   26.4500000000000        144.437084295351        24.8728030258000     
   26.5000000000000        144.841368270560        24.5738371517134     
   26.5500000000000        145.752969991483        23.5524131204307     
   26.6000000000000        147.386075028949        22.1805612313127     
   26.6500000000000        146.222939394635        23.1282377720375     
   26.7000000000000        148.255766030792        21.2174634241342     
   26.7500000000000        145.830794357687        23.7699450974371     
   26.8000000000000        145.147414884808        24.3397211140600     
   26.8500000000000        144.856985773591        24.5154716199188     
   26.9000000000000        146.400872573409        23.0760140636980     
   26.9500000000000        146.652483572184        22.6684875994791     
   27.0000000000000        142.652577099734        26.8381758511299     
   27.0500000000000        144.987185392328        24.4793712574575     
   27.1000000000000        146.286567771936        22.9511858841928     
   27.1500000000000        146.774896922281        22.6426738965643     
   27.2000000000000        146.463178887914        22.8827299441954     
   27.2500000000000        147.053860062763        22.4831746581206     
   27.3000000000000        146.708998542565        22.8119425975835     
   27.3500000000000        146.834078923527        22.6224223197040     
   27.4000000000000        146.174095565074        23.2662135373529     
   27.4500000000000        145.191547970213        24.3500466219482     
   27.5000000000000        147.246357968263        22.3203173278992     
   27.5500000000000        145.546322953774        23.6317606424325     
   27.6000000000000        145.003297987126        24.5150995333111     
   27.6500000000000        145.241534921869        24.1898727185943     
   27.7000000000000        145.646216791668        23.8454007214249     
   27.7500000000000        145.380038954877        24.1125345957410     
   27.8000000000000        143.773341074940        25.5855987272235     
   27.8500000000000        144.097016612814        25.4962352286137     
   27.9000000000000        146.229921476248        22.9594350695789     
   27.9500000000000        148.698987342705        20.6601410766910     
   28.0000000000000        144.676318564285        24.8610335735200     
   28.0500000000000        146.046827910273        23.4550469956416     
   28.1000000000000        147.057867010856        22.3831234367196     
   28.1500000000000        144.463335094621        25.0921027543738     
   28.2000000000000        146.140903098672        23.4276569305785     
   28.2500000000000        146.352365592098        22.8432237002051     
   28.3000000000000        143.861913078363        25.7051689731520     
   28.3500000000000        143.259821709320        26.2051670074293     
   28.4000000000000        146.121028889567        22.9932645159619     
   28.4500000000000        145.671993939116        23.7913225091127     
   28.5000000000000        146.062033769969        23.4965012136412     
   28.5500000000000        147.580470143376        21.8030278728463     
   28.6000000000000        145.744800892726        23.7413550726684     
   28.6500000000000        145.274201418251        24.1553488056716     
   28.7000000000000        146.433195308086        23.0742912610557     
   28.7500000000000        146.250761311480        23.1446539426645     
   28.8000000000000        144.087835800382        25.2639610729442     
   28.8500000000000        144.679229150037        24.7175686462954     
   28.9000000000000        146.610598581980        22.7722019112265     
   28.9500000000000        143.350871433221        26.3609837180695     
   29.0000000000000        145.236152492938        24.2243468175337     
   29.0500000000000        145.614926629281        23.7922883062985     
   29.1000000000000        146.035907100831        23.4950253902092     
   29.1500000000000        145.715999935916        23.6449530386130     
   29.2000000000000        143.983500275398        25.3368756346903     
   29.2500000000000        142.519688572229        27.1076127821087     
   29.3000000000000        145.534712917368        24.0043825576442     
   29.3500000000000        145.584557182938        23.9641287714106     
   29.4000000000000        145.378590574242        23.8780505099790     
   29.4500000000000        147.339659485565        22.2103008387601     
   29.5000000000000        144.568878371008        24.9208529342552     
   29.5500000000000        145.214713407871        24.1735159871246     
   29.6000000000000        145.634098942311        23.8848779692363     
   29.6500000000000        146.426431075504        23.1573021590562     
   29.7000000000000        145.655425481730        23.7553996459594     
   29.7500000000000        144.541702615159        24.9424002390640     
   29.8000000000000        146.463754708494        23.1371488143214     
   29.8500000000000        145.416664805551        24.0446685867805     
   29.9000000000000        145.054862461243        24.2224545848964     
   29.9500000000000        145.487139637930        23.8843757044871     
   30.0000000000000        147.295728064160        22.3131452733804     
   30.0500000000000        144.611441917512        24.8917928228709     
   30.1000000000000        147.328658878456        22.0707509826014     
   30.1500000000000        145.952103745402        23.4861124534861     
   30.2000000000000        147.094690774177        22.3180237376097     
   30.2500000000000        146.109581412292        23.4473999675736     
   30.3000000000000        144.334457256310        25.2079443573056     
   30.3500000000000        146.867927582263        22.5835200673435     
   30.4000000000000        146.665336444751        22.7523138905010     
   30.4500000000000        146.116355217929        23.3542207823475     
   30.5000000000000        144.909124137836        24.4459650350680     
   30.5500000000000        144.733307472850        24.6866636722242     
   30.6000000000000        146.145912101554        23.1783237580377     
   30.6500000000000        148.170787678331        21.3567101574830     
   30.7000000000000        146.423359465604        22.8544816756742     
   30.7500000000000        144.774992280068        24.6341883017551     
   30.8000000000000        146.667908691657        22.6776873666417     
   30.8500000000000        144.170350097460        25.3344625830823     
   30.9000000000000        146.332591399853        23.0828809003799     
   30.9500000000000        144.822408462221        24.5445028187826     
   31.0000000000000        144.581448585382        24.9057261443893     
   31.0500000000000        144.807813766764        24.5484204272932     
   31.1000000000000        145.680039091911        23.9481232529654     
   31.1500000000000        147.171886195338        22.1812060638276     
   31.2000000000000        147.271295883681        22.1070062943687     
   31.2500000000000        146.400733606041        23.0325661642957     
   31.3000000000000        145.547293009552        23.8123693104377     
   31.3500000000000        143.896772578668        25.5192471870283     
   31.4000000000000        147.890655977700        21.4579760155779     
   31.4500000000000        146.582171180473        22.8273356308153     
   31.5000000000000        147.332271018268        22.1969194206874     
   31.5500000000000        146.849260623135        22.4222420373363     
   31.6000000000000        144.978468917724        24.2806726976886     
   31.6500000000000        146.306252132173        23.1742573917125     
   31.7000000000000        146.005167885190        23.3151402699041     
   31.7500000000000        144.086212278205        25.3565786198107     
   31.8000000000000        147.509033889571        21.8868350827540     
   31.8500000000000        145.993999459610        23.3015475999936     
   31.9000000000000        147.346647208394        22.1734712580396     
   31.9500000000000        147.041043695214        22.5304136334815     
   32.0000000000000        146.105025106160        23.2908764857840     
   32.0500000000000        144.808744027058        24.7485711877293     
   32.1000000000000        147.203443446481        22.1717702889039     
   32.1500000000000        146.081157537393        23.2813226798400     
   32.2000000000000        146.537122343402        22.9379940197692     
   32.2500000000000        145.510273528977        23.9907289179532     
   32.3000000000000        146.052670656755        23.4078664899589     
   32.3500000000000        146.478716247533        23.0456954517621     
   32.4000000000000        144.719102683072        24.7832294395104     
   32.4500000000000        145.721239379289        23.7516713059046     
   32.5000000000000        144.589577475491        24.7105129516991     
   32.5500000000000        146.715922086651        22.8130791914226     
   32.6000000000000        143.838739214523        25.6707336927035     
   32.6500000000000        144.601401376309        24.6864047174773     
   32.7000000000000        146.068753072771        23.3321590245511     
   32.7500000000000        146.074342393355        23.2502313857510     
   32.8000000000000        145.087791968927        24.3992374743675     
   32.8500000000000        146.374735245113        23.0421880204630     
   32.9000000000000        146.335690898443        23.1775958289510     
   32.9500000000000        146.407540545165        22.9614622059486     
   33.0000000000000        145.193494729239        24.2941917229882     
   33.0500000000000        146.588620857562        22.7698439105012     
   33.1000000000000        144.562434568426        24.8554985526325     
   33.1500000000000        144.581434077407        24.7694553716598     
   33.2000000000000        145.685093364597        23.5259960645619     
   33.2500000000000        146.426873622923        23.0664861716478     
   33.3000000000000        146.526814236201        22.9803431406713     
   33.3500000000000        145.229625641293        24.1982875885132     
   33.4000000000000        146.941889539712        22.3201316418267     
   33.4500000000000        145.276478211709        24.1290688887668     
   33.5000000000000        144.761216650883        24.8352391776613     
   33.5500000000000        145.975795664436        23.2711916166621     
   33.6000000000000        145.898342365708        23.3684122705957     
   33.6500000000000        146.533287725520        22.9352398416375     
   33.7000000000000        145.037034494467        24.6388727274340     
   33.7500000000000        144.424140328683        25.0072062329120     
   33.8000000000000        145.536108032199        23.9468926096034     
   33.8500000000000        145.037011181599        24.6014637855048     
   33.9000000000000        146.096995383813        23.3021091026445     
   33.9500000000000        147.071640245250        22.3599948866143     
   34.0000000000000        145.921426567586        23.4334450528788     
   34.0500000000000        147.160724166439        22.3113219597335     
   34.1000000000000        145.276915846095        24.1240279361696     
   34.1500000000000        144.509538754288        25.0109017304675     
   34.2000000000000        144.245129405415        25.1212433579840     
   34.2500000000000        147.127419913402        22.5297484927311     
   34.3000000000000        145.021904099026        24.5300985481671     
   34.3500000000000        145.561189483528        23.9204214689567     
   34.4000000000000        145.834383762347        23.6788521648319     
   34.4500000000000        143.554917992834        25.8172520590332     
   34.5000000000000        145.173963725042        24.3367818297126     
   34.5500000000000        145.892298246900        23.5451948671146     
   34.6000000000000        145.834809093117        23.5999966256682     
   34.6500000000000        146.046731043392        23.4938339411256     
   34.7000000000000        146.488104353368        22.8961603019446     
   34.7500000000000        145.615427949253        23.9117550718413     
   34.8000000000000        145.224744452487        23.9370865443542     
   34.8500000000000        144.827786698407        24.5773934079852     
   34.9000000000000        142.881497023347        26.5514608474098     
   34.9500000000000        145.180120304863        24.2336587499884     
   35.0000000000000        145.786884110774        23.7137681963688     
   35.0500000000000        145.530404536540        23.8551750339526     
   35.1000000000000        147.344434508156        22.0912114167418     
   35.1500000000000        146.130986002664        23.2136042131250     
   35.2000000000000        146.080655243869        23.2348249267554     
   35.2500000000000        146.685662865352        22.6482251389543     
   35.3000000000000        146.606981956010        22.9139788057581     
   35.3500000000000        145.050050417049        24.2478836861540     
   35.4000000000000        145.491622010277        23.8736807487330     
   35.4500000000000        145.159105582045        24.3011103776113     
   35.5000000000000        148.663561272015        20.7955944023099     
   35.5500000000000        148.035818454930        21.4718289841078     
   35.6000000000000        143.918857657568        25.5064095445843     
   35.6500000000000        144.276072347356        25.0623137629497     
   35.7000000000000        144.921476688461        24.4955803888237     
   35.7500000000000        145.511532185006        23.7469705301343     
   35.8000000000000        146.466217557987        23.1271652437573     
   35.8500000000000        148.078189845497        21.2188210340705     
   35.9000000000000        145.972240403140        23.6023079766171     
   35.9500000000000        146.083400645854        23.3323364786788     
   36.0000000000000        145.871847513880        23.6676999947777     
   36.0500000000000        145.633950589402        23.7358898773970     
   36.1000000000000        145.660993550554        23.6753683715062     
   36.1500000000000        145.651600510290        23.9191259717126     
   36.2000000000000        147.781276195651        21.7018781249502     
   36.2500000000000        145.779544665551        23.6154521072281     
   36.3000000000000        145.923452468149        23.6427651695249     
   36.3500000000000        144.398050277022        25.1422203425398     
   36.4000000000000        145.164272808709        24.4116208086214     
   36.4500000000000        145.114937407950        24.5059900715216     
   36.5000000000000        146.753682234642        22.6378051046575     
   36.5500000000000        146.370004691785        23.0658798851821     
   36.6000000000000        146.547872594224        22.8249495565093     
   36.6500000000000        144.080130745686        25.2375974986022     
   36.7000000000000        146.273502175892        23.0492882228160     
   36.7500000000000        146.033724585653        23.3469163643540     
   36.8000000000000        146.631058736563        22.7539477634459     
   36.8500000000000        143.087956952757        26.4381532081449     
   36.9000000000000        145.986068051377        23.5667475363524     
   36.9500000000000        147.145579360561        22.2401429132206     
   37.0000000000000        145.914546191102        23.4691970682280     
   37.0500000000000        145.982004544896        23.4283137668131     
   37.1000000000000        145.039961820139        24.4649972244510     
   37.1500000000000        145.069416092442        24.3861595602598     
   37.2000000000000        145.145995811566        24.1926967621916     
   37.2500000000000        146.342539894835        23.2877923886041     
   37.3000000000000        146.880090457245        22.5475857031761     
   37.3500000000000        145.265631218972        24.4119452306503     
   37.4000000000000        145.599198434540        23.8874130088826     
   37.4500000000000        147.016741919339        22.6752210765914     
   37.5000000000000        144.439292139284        24.9502862565222     
   37.5500000000000        147.722259423593        21.8022732504084     
   37.6000000000000        147.086986182601        22.4397555444531     
   37.6500000000000        146.223112593236        23.1280164534260     
   37.7000000000000        146.214746916226        23.2067310351406     
   37.7500000000000        145.319390831268        24.1761780998360     
   37.8000000000000        146.263614274659        23.1850884775831     
   37.8500000000000        144.475297962595        24.7374399397975     
   37.9000000000000        145.943653261028        23.3713522894898     
   37.9500000000000        144.309775972957        25.0754776252564     
   38.0000000000000        145.190028732184        24.3292443912311     
   38.0500000000000        146.163882110963        23.4173067928658     
   38.1000000000000        146.253004800597        23.3149302835563     
   38.1500000000000        147.236284776838        22.2340833643882     
   38.2000000000000        146.081984792965        23.3914279745548     
   38.2500000000000        146.386787668244        23.0146205886592     
   38.3000000000000        145.692538625333        23.7563718273658     
   38.3500000000000        143.644324576178        25.9254673988932     
   38.4000000000000        146.779737267626        22.6269295251945     
   38.4500000000000        146.258619676914        23.3837527696891     
   38.5000000000000        147.456848223550        21.9688195929903     
   38.5500000000000        145.711225687285        23.7476368682984     
   38.6000000000000        144.810122025697        24.6349865864090     
   38.6500000000000        145.766478129966        23.8429663182261     
   38.7000000000000        145.703063198987        23.6170668344707     
   38.7500000000000        147.893984917263        21.4395294970593     
   38.8000000000000        146.734752825284        22.9491401353232     
   38.8500000000000        147.413520411643        21.9502817134139     
   38.9000000000000        146.105411937664        23.4800780596667     
   38.9500000000000        145.846835616013        23.6489808888684     
   39.0000000000000        147.415468965724        21.9676219808552     
   39.0500000000000        145.070636254682        24.1964468731441     
   39.1000000000000        144.953024334058        24.5398280024021     
   39.1500000000000        146.319757036832        23.1953448038825     
   39.2000000000000        147.372593644091        22.2242957575438     
   39.2500000000000        144.965858363046        24.5360008130071     
   39.3000000000000        145.958715409213        23.3803686345101     
   39.3500000000000        147.031494467207        22.4500044678880     
   39.4000000000000        145.104374752975        24.4590447224387     
   39.4500000000000        145.267066582904        24.2638339424591     
   39.5000000000000        144.542018580712        24.8613253422577     
   39.5500000000000        146.869241898005        22.3981651495739     
   39.6000000000000        144.661121616763        24.6053870060648     
   39.6500000000000        147.312352548042        22.0977751668993     
   39.7000000000000        146.019297067160        23.4149934611085     
   39.7500000000000        146.197459911924        23.4384544761856     
   39.8000000000000        144.667351715752        24.8784089284394     
   39.8500000000000        144.838175274970        24.6596294133048     
   39.9000000000000        147.323718168138        22.0234565730181     
   39.9500000000000        146.349488749518        23.0506199583307     
   40.0000000000000        146.554480348914        22.9190665428076     
   40.0500000000000        144.207471350904        25.2238877480259     
   40.1000000000000        147.503579012390        21.8420384389100     
   40.1500000000000        145.944187016057        23.5461280466664     
   40.2000000000000        144.868330734936        24.3993642725081     
   40.2500000000000        143.515968379179        25.5494985832393     
   40.3000000000000        146.383763078182        23.0591511098127     
   40.3500000000000        143.861903838528        25.6142733504613     
   40.4000000000000        144.727687176187        24.6536850055338     
   40.4500000000000        145.037273886051        24.4036749880851     
   40.5000000000000        145.843671659463        23.7041436095196     
   40.5500000000000        145.428121846470        23.9058794821487     
   40.6000000000000        146.539237329592        22.8347345890774     
   40.6500000000000        145.252992426896        24.0150744594844     
   40.7000000000000        148.885421097089        20.5746434454180     
   40.7500000000000        147.621443979954        21.7525857515916     
   40.8000000000000        144.844483224857        24.5559602901275     
   40.8500000000000        146.150806223135        23.4679813464160     
   40.9000000000000        146.966289016743        22.4873087409942     
   40.9500000000000        144.412031577072        25.1287739049277     
   41.0000000000000        147.221195474992        22.4044586001300     
   41.0500000000000        145.397529113953        24.1315293681833     
   41.1000000000000        147.046246708999        22.4084585737865     
   41.1500000000000        147.394388767419        22.0953338653829     
   41.2000000000000        144.662267315422        24.7485713952787     
   41.2500000000000        145.658138134473        23.8725486645607     
   41.3000000000000        146.349068357884        23.1575746328711     
   41.3500000000000        147.150903459966        22.5016495152980     
   41.4000000000000        144.911685804316        24.8521686673429     
   41.4500000000000        145.311107112967        24.1410423339692     
   41.5000000000000        148.094406297041        21.2412406575495     
   41.5500000000000        147.955342570215        21.7194636287233     
   41.6000000000000        145.158727056341        24.0870552364358     
   41.6500000000000        146.022882201528        23.4498910313865     
   41.7000000000000        144.899452491685        24.4464672837805     
   41.7500000000000        145.604342336559        23.9202742696189     
   41.8000000000000        147.374753183383        21.9065087932514     
   41.8500000000000        144.883973891319        24.5475108441748     
   41.9000000000000        146.928303741047        22.5570831998330     
   41.9500000000000        146.544453228104        22.7745676298460     
   42.0000000000000        146.625983984711        22.6554618031449     
   42.0500000000000        147.016695518073        22.3727713977011     
   42.1000000000000        147.576603228440        21.9824298483193     
   42.1500000000000        145.107056685626        24.2285014803999     
   42.2000000000000        144.777131461895        24.6083129945080     
   42.2500000000000        145.628420738048        23.6721461383981     
   42.3000000000000        146.360549191065        23.1586336329291     
   42.3500000000000        145.951043516790        23.4399325512818     
   42.4000000000000        144.595815133898        24.8458647381466     
   42.4500000000000        145.215254927592        24.1017036438423     
   42.5000000000000        145.316872400684        24.2035388447419     
   42.5500000000000        146.023395255073        23.4771228062551     
   42.6000000000000        146.071610207877        23.3912516179119     
   42.6500000000000        145.494266862421        23.7555895703306     
   42.7000000000000        145.505130013432        23.9086766612270     
   42.7500000000000        144.508910525400        25.0730589161597     
   42.8000000000000        147.342327363744        22.4115239984644     
   42.8500000000000        144.566113750803        24.8424811054489     
   42.9000000000000        145.633792793667        23.6414344637184     
   42.9500000000000        144.550794887705        24.8468858480250     
   43.0000000000000        146.595959140777        23.0648180430743     
   43.0500000000000        145.194164400995        24.2917107353937     
   43.1000000000000        146.887095589177        22.6621310485202     
   43.1500000000000        145.597503680301        23.7634177684162     
   43.2000000000000        147.406225225860        22.1250127075375     
   43.2500000000000        144.776420771828        24.6584424941150     
   43.3000000000000        143.750631630830        25.6800630314764     
   43.3500000000000        145.231830525889        24.4287759276660     
   43.4000000000000        145.108566645632        24.4355238633573     
   43.4500000000000        144.560122146458        24.9859001365399     
   43.5000000000000        145.784389523381        23.6837770919561     
   43.5500000000000        146.742685778025        22.6511570365779     
   43.6000000000000        146.258393354666        23.0853114167226     
   43.6500000000000        147.278379842253        22.1889340820937     
   43.7000000000000        146.765135038885        22.6029471285584     
   43.7500000000000        145.368093715788        23.7736538568776     
   43.8000000000000        143.707147987724        25.8419100678557     
   43.8500000000000        145.560595447183        23.8737903607459     
   43.9000000000000        145.487450654357        24.1314691388865     
   43.9500000000000        145.853471514317        23.4865878135890     
   44.0000000000000        144.726264553481        24.5930136245679     
   44.0500000000000        145.266521456159        24.2044084480283     
   44.1000000000000        148.028745058373        21.5507369286351     
   44.1500000000000        145.670627623576        23.7115420191449     
   44.2000000000000        146.318367427257        23.1766884460329     
   44.2500000000000        144.626338942197        24.8367890495507     
   44.3000000000000        145.883717003879        23.5911625548211     
   44.3500000000000        148.038047250554        21.2315697424642     
   44.4000000000000        145.263023736006        24.1744531346626     
   44.4500000000000        146.124590124019        23.5024615540645     
   44.5000000000000        146.325251804061        23.1702818556749     
   44.5500000000000        146.630607140741        22.6562309691825     
   44.6000000000000        143.090558717858        26.4014475890022     
   44.6500000000000        146.596567975748        22.7243483394548     
   44.7000000000000        145.190981352237        24.1329099626734     
   44.7500000000000        146.015376816600        23.4353034957321     
   44.8000000000000        146.945363015414        22.4129704658209     
   44.8500000000000        148.065416706046        21.4819210731776     
   44.9000000000000        145.579731205377        23.8677919573311     
   44.9500000000000        144.464006643450        25.1049011334158     
   45.0000000000000        146.503225225733        22.8376876735143     
   45.0500000000000        146.591126459628        22.5557735018100     
   45.1000000000000        146.527599719443        23.0154433709416     
   45.1500000000000        145.844993169630        23.6586552553576     
   45.2000000000000        145.375399523820        24.0161823470212     
   45.2500000000000        144.720771333133        25.0726709031783     
   45.3000000000000        145.940305451952        23.4948815045580     
   45.3500000000000        142.787598860438        26.7198155816079     
   45.4000000000000        144.281145754302        25.3911362865896     
   45.4500000000000        145.674997687744        23.6383130746111     
   45.5000000000000        145.550623007918        23.9366260125676     
   45.5500000000000        147.803212069756        21.7180616671388     
   45.6000000000000        147.407312425471        21.9882350605234     
   45.6500000000000        143.345249205455        26.1171005835594     
   45.7000000000000        144.044259775112        25.2094712786350     
   45.7500000000000        146.629871373279        22.8364263694079     
   45.8000000000000        145.701311256339        23.4173711403987     
   45.8500000000000        145.574067855485        23.9204539762779     
   45.9000000000000        144.303042870806        25.1525367031513     
   45.9500000000000        146.344807925091        22.9264239920248     
   46.0000000000000        146.250754295809        23.0620407888140     
   46.0500000000000        146.395538432530        23.0633395949320     
   46.1000000000000        146.238094137941        23.3387596788794     
   46.1500000000000        147.571392407555        21.8665955594953     
   46.2000000000000        144.086888552071        25.3376941557782     
   46.2500000000000        145.561021612213        23.8117202451001     
   46.3000000000000        145.150867730181        24.2747976695230     
   46.3500000000000        145.984673189445        23.4966809353770     
   46.4000000000000        145.143348343307        24.2349256453784     
   46.4500000000000        145.286400096578        24.0808353741958     
   46.5000000000000        146.001125075814        23.4851974622992     
   46.5500000000000        144.707590267067        24.5997481581883     
   46.6000000000000        143.832809040653        25.5509247249689     
   46.6500000000000        144.361481899166        25.1603436755266     
   46.7000000000000        146.152024924328        23.2692807299847     
   46.7500000000000        145.587335426350        23.8741470764243     
   46.8000000000000        145.028535182474        24.4097607722362     
   46.8500000000000        144.869318963341        24.4695597717272     
   46.9000000000000        145.785779018681        23.6968079164445     
   46.9500000000000        144.734935387777        24.7783219364222     
   47.0000000000000        146.004697263953        23.5057308275939     
   47.0500000000000        146.768992313275        22.6070464569538     
   47.1000000000000        147.246098901068        22.1806484501575     
   47.1500000000000        143.406240368006        25.8925988507765     
   47.2000000000000        144.904596771134        24.6191192934650     
   47.2500000000000        147.345263809869        22.1668289427059     
   47.3000000000000        145.160581408729        24.4102221592741     
   47.3500000000000        144.930974605078        24.6851858766049     
   47.4000000000000        144.895533483149        24.5570826832841     
   47.4500000000000        146.643759086606        22.7471507770802     
   47.5000000000000        146.290400662207        23.1308134436465     
   47.5500000000000        144.129799251288        25.4240066238884     
   47.6000000000000        147.036714936586        22.1141738029656     
   47.6500000000000        144.857639758217        24.5660964690248     
   47.7000000000000        145.528742825579        23.9678401955068     
   47.7500000000000        144.266459297186        25.0867650536443     
   47.8000000000000        145.384971663382        24.1464387182377     
   47.8500000000000        144.824080004905        24.6133269153835     
   47.9000000000000        144.380348519651        25.1036997059322     
   47.9500000000000        145.395925310989        24.1426805317924     
   48.0000000000000        143.943993527840        25.3895201435505     
   48.0500000000000        145.571775519980        23.8281289401488     
   48.1000000000000        143.353084411244        26.0979335522300     
   48.1500000000000        145.439702737656        23.9795863927813     
   48.2000000000000        145.383259506284        24.1282479898683     
   48.2500000000000        147.518485178484        21.8967048132406     
   48.3000000000000        145.414774938448        23.9644471980185     
   48.3500000000000        143.997557690123        25.6484919174285     
   48.4000000000000        145.415562164922        24.0561560477186     
   48.4500000000000        149.168195769713        20.1039507278679     
   48.5000000000000        145.107800359989        24.2143448561907     
   48.5500000000000        147.503757257864        22.1068452260681     
   48.6000000000000        146.164783520671        23.0747550090626     
   48.6500000000000        146.928159376829        22.5164105885764     
   48.7000000000000        147.689349564011        21.7875655767163     
   48.7500000000000        146.053629381782        23.5862716832791     
   48.8000000000000        146.557233995595        23.1714710238140     
   48.8500000000000        148.177431504481        21.4783886340018     
   48.9000000000000        145.003888092585        24.3751406422034     
   48.9500000000000        146.288649572421        23.1875407462653     
   49.0000000000000        145.215419708403        24.2686893917943     
   49.0500000000000        146.614880849925        22.7523920444378     
   49.1000000000000        145.516461464179        23.8142190861531     
   49.1500000000000        145.114685429855        24.3485281004893     
   49.2000000000000        146.475181434449        22.9701545246575     
   49.2500000000000        144.756313493933        24.7305869946705     
   49.3000000000000        145.645608684738        23.7322909095522     
   49.3500000000000        143.675818668282        25.4993022518358     
   49.4000000000000        145.578073445132        23.9227656207420     
   49.4500000000000        146.628854221124        22.8008546689473     
   49.5000000000000        145.592808244046        23.9567296183693     
   49.5500000000000        146.252981350421        23.2038160527270     
   49.6000000000000        145.914741570630        23.6443380513735     
   49.6500000000000        146.154586676827        23.1347388259162     
   49.7000000000000        145.412468825132        24.0233923028047     
   49.7500000000000        145.338995435650        24.2030876063423     
   49.8000000000000        145.984858287837        23.3154863663854     
   49.8500000000000        146.363443756877        23.1726335169241     
   49.9000000000000        144.746540788732        24.6037986031632     
   49.9500000000000        145.873594057882        23.5608864930532     
   50.0000000000000        146.328319849231        23.0983002655978     
