  0.123888401863174        6.67295216138781        1.02934968755326     
  0.247776803726349        6.71697031294629       0.984461412498096     
  0.371665205589523        6.64977525946716        1.04774356166486     
  0.495553607452697        6.59209676954567        1.10879777874302     
  0.619442009315871        6.63817115036122        1.06761337623095     
  0.743330411179046        6.69069397163880        1.00693018624047     
  0.867218813042220        6.61827426907682        1.08504188914796     
  0.991107214905394        6.62191052101960        1.08487692432148     
   1.11499561676857        6.59869805858647        1.09785211175515     
   1.23888401863174        6.54557482963532        1.15619566527156     
   1.36277242049492        6.62015887352132        1.07584087700743     
   1.48666082235809        6.61503292926776        1.08559892917718     
   1.61054922422127        6.63566175997483        1.07019198048264     
   1.73443762608444        6.65325055968090        1.04247328573436     
   1.85832602794761        6.62284187143560        1.07868788811736     
   1.98221442981079        6.64245832444015        1.05811129268957     
   2.10610283167396        6.58716011548642        1.11493995673005     
   2.22999123353714        6.64267859666966        1.05846444267269     
   2.35387963540031        6.73536700249534       0.961235030492914     
   2.47776803726349        6.60170287444097        1.09614355111570     
   2.60165643912666        6.64026592224103        1.05996149083131     
   2.72554484098983        6.74974508966466       0.944669308365670     
   2.84943324285301        6.64093585597335        1.05566411278121     
   2.97332164471618        6.67087285860515        1.02904547193152     
   3.09721004657936        6.62536435105198        1.06865022276791     
   3.22109844844253        6.61671683180905        1.07917638521453     
   3.34498685030571        6.55526250750292        1.13687324622231     
   3.46887525216888        6.70285840738820       0.989243260369320     
   3.59276365403205        6.64134007066029        1.05496916266852     
   3.71665205589523        6.69871928808835       0.996598581466563     
   3.84054045775840        6.60284632908394        1.11308113971990     
   3.96442885962158        6.65464885355788        1.04189764985055     
   4.08831726148475        6.61616872779919        1.08178271062167     
   4.21220566334793        6.61235135403966        1.08412980886016     
   4.33609406521110        6.70548990347554        1.00156797356904     
   4.45998246707427        6.56900209900946        1.12707056758361     
   4.58387086893745        6.52916212153014        1.16668615941416     
   4.70775927080062        6.60909746903793        1.08141709476620     
   4.83164767266380        6.56945130544862        1.12400455819704     
   4.95553607452697        6.61809436056833        1.08495218017533     
   5.07942447639014        6.62906535077328        1.07144662442622     
   5.20331287825332        6.65520668753687        1.04504124191024     
   5.32720128011649        6.62510478424822        1.06406200988711     
   5.45108968197967        6.62288251958455        1.06696848499500     
   5.57497808384284        6.64304271577450        1.05594158210282     
   5.69886648570602        6.53727261519664        1.15604145819476     
   5.82275488756919        6.57054976583972        1.12898019240017     
   5.94664328943237        6.66114104328879        1.03769535217609     
   6.07053169129554        6.64211321951940        1.05525477955069     
   6.19442009315871        6.64470015964602        1.05674177629564     
   6.31830849502189        6.54780863542387        1.15652002696293     
   6.44219689688506        6.61024760327068        1.08606835092006     
   6.56608529874824        6.67989358938604        1.01900593166481     
   6.68997370061141        6.66528904599879        1.04074705291837     
   6.81386210247458        6.56146409776098        1.13378233037714     
   6.93775050433776        6.59775113479693        1.10900022486308     
   7.06163890620093        6.59952267281441        1.09059029070383     
   7.18552730806411        6.59135275529427        1.11597322642908     
   7.30941570992728        6.57125210611771        1.12961066494593     
   7.43330411179046        6.61731219070080        1.08261335141522     
   7.55719251365363        6.66329933288992        1.04329353916856     
   7.68108091551681        6.58535511851583        1.10446204278773     
   7.80496931737998        6.59854638059896        1.10528887214714     
   7.92885771924315        6.66750977332097        1.03263228389782     
   8.05274612110633        6.71577399958464       0.979733871403075     
   8.17663452296950        6.61117361230855        1.08504275958367     
   8.30052292483268        6.65485734707910        1.04995913862944     
   8.42441132669585        6.65141170110293        1.04454616755853     
   8.54829972855902        6.63874581242072        1.06170468423545     
   8.67218813042220        6.63921753112412        1.05638673404831     
   8.79607653228537        6.59521092894335        1.09834571510939     
   8.91996493414855        6.70348861430119       0.997914067766516     
   9.04385333601172        6.66439658331241        1.03452509646812     
   9.16774173787490        6.62980611396181        1.05890153165108     
   9.29163013973807        6.70527176068825       0.997521061891693     
   9.41551854160124        6.65287827192396        1.05334143918603     
   9.53940694346442        6.56094467305078        1.13689005923944     
   9.66329534532759        6.60717668666271        1.08886242108172     
   9.78718374719077        6.62310540482123        1.07251076340230     
   9.91107214905394        6.53809896663187        1.17622702308618     
   10.0349605509171        6.65406720067333        1.04643264427904     
   10.1588489527803        6.59426403341376        1.10151666967662     
   10.2827373546435        6.66712796241643        1.03396695060235     
   10.4066257565066        6.58353503478066        1.11571297286365     
   10.5305141583698        6.56504599720095        1.14074627411058     
   10.6544025602330        6.63359002405768        1.06445478822624     
   10.7782909620962        6.50452525273340        1.18985331092129     
   10.9021793639593        6.72539420705807       0.975380142776371     
   11.0260677658225        6.64004181846321        1.05572393454925     
   11.1499561676857        6.66925540877628        1.03141858370747     
   11.2738445695489        6.67691873588394        1.01963053005507     
   11.3977329714120        6.64126574386300        1.06416425585977     
   11.5216213732752        6.62820106698258        1.07167975036281     
   11.6455097751384        6.63988948250050        1.06955696421095     
   11.7693981770016        6.64217116728565        1.05666560959028     
   11.8932865788647        6.65747963968749        1.03827318646033     
   12.0171749807279        6.69994067154116       0.992202667064877     
   12.1410633825911        6.61145122255530        1.08201073510738     
   12.2649517844543        6.61524628661039        1.08509607175542     
   12.3888401863174        6.63121131054872        1.07007919817619     
   12.5127285881806        6.62494123952182        1.08019815825759     
   12.6366169900438        6.68295934365412        1.02065812267219     
   12.7605053919069        6.63362784107905        1.06172057712978     
   12.8843937937701        6.60277317525735        1.10162393972400     
   13.0082821956333        6.62975340219726        1.07001912269454     
   13.1321705974965        6.63804678216639        1.06201044279863     
   13.2560589993596        6.51727071920687        1.18038299587174     
   13.3799474012228        6.58422322632295        1.11140662728446     
   13.5038358030860        6.66997564759505        1.03577981582050     
   13.6277242049492        6.53112849432088        1.17349650550621     
   13.7516126068123        6.62979031886524        1.06302338346053     
   13.8755010086755        6.61426036089176        1.07325466784474     
   13.9993894105387        6.69599339059853        1.00561437311912     
   14.1232778124019        6.67032395799936        1.03522802746755     
   14.2471662142650        6.58432126676669        1.11037459461570     
   14.3710546161282        6.64532654585561        1.05203189168513     
   14.4949430179914        6.62045520135229        1.07790830474756     
   14.6188314198546        6.64525129212431        1.06008035902295     
   14.7427198217177        6.78150999933045       0.922835519787242     
   14.8666082235809        6.62841644132956        1.06864634794819     
   14.9904966254441        6.58499653962939        1.11529948851665     
   15.1143850273073        6.65121087016789        1.04853843863153     
   15.2382734291704        6.49653492161693        1.20081004518348     
   15.3621618310336        6.60474739378579        1.08661032705383     
   15.4860502328968        6.57447028587835        1.11178483024314     
   15.6099386347600        6.70003684885000       0.999821457062904     
   15.7338270366231        6.61198416409751        1.08576337082789     
   15.8577154384863        6.64459231099721        1.05458218648169     
   15.9816038403495        6.61196870116633        1.09062315143783     
   16.1054922422127        6.61602893353847        1.08504088721944     
   16.2293806440758        6.54667272058701        1.15703891328100     
   16.3532690459390        6.60269858471652        1.09275477825027     
   16.4771574478022        6.58728911810989        1.10877038970166     
   16.6010458496654        6.62099548829278        1.06456927158860     
   16.7249342515285        6.65492260207992        1.04353684532446     
   16.8488226533917        6.66772600867891        1.02955609145013     
   16.9727110552549        6.59307027041567        1.11296828736096     
   17.0965994571180        6.58323938145121        1.11616921770403     
   17.2204878589812        6.53250053984704        1.16965233479465     
   17.3443762608444        6.75203488495808       0.948997449525183     
   17.4682646627076        6.62177334740193        1.07156751360462     
   17.5921530645707        6.69142689565657        1.00724286465291     
   17.7160414664339        6.48369587978659        1.19805120438922     
   17.8399298682971        6.55858294114293        1.13972034718946     
   17.9638182701603        6.68802475360536        1.01683171840046     
   18.0877066720234        6.73278375342419       0.971389979795848     
   18.2115950738866        6.60947078019329        1.08688225806265     
   18.3354834757498        6.58620158717962        1.11816511733080     
   18.4593718776130        6.53038465847454        1.16309410425892     
   18.5832602794761        6.62619352344502        1.07114317134841     
   18.7071486813393        6.63625075014048        1.06141898489894     
   18.8310370832025        6.63388842710202        1.06844863808200     
   18.9549254850657        6.61523165445383        1.08936731097382     
   19.0788138869288        6.65827179227107        1.04166326316970     
   19.2027022887920        6.59661537712260        1.10244830911995     
   19.3265906906552        6.64390410833519        1.05320062412317     
   19.4504790925184        6.63745781625161        1.05733115322963     
   19.5743674943815        6.65547166009947        1.03851441884668     
   19.6982558962447        6.51060114930816        1.18104701613122     
   19.8221442981079        6.56038617830439        1.14552383938291     
   19.9460326999711        6.60384881348005        1.10114901025391     
   20.0699211018342        6.55459299776516        1.13740043798414     
   20.1938095036974        6.58795116893693        1.11110954628599     
   20.3176979055606        6.64973328507901        1.04626245783383     
   20.4415863074238        6.58991418451140        1.11161136749672     
   20.5654747092869        6.67033027939973        1.03739149692449     
   20.6893631111501        6.61539839248513        1.08067337208261     
   20.8132515130133        6.62059286108129        1.07382318966331     
   20.9371399148765        6.57191105493554        1.12890202934555     
   21.0610283167396        6.60764335869112        1.08854200747320     
   21.1849167186028        6.51076001499562        1.18239132733988     
   21.3088051204660        6.72732787904348       0.974308725985054     
   21.4326935223291        6.52118150929847        1.17499654412835     
   21.5565819241923        6.66229785069113        1.03819258331186     
   21.6804703260555        6.57966012563687        1.12318688944559     
   21.8043587279187        6.64523435721500        1.05592774632124     
   21.9282471297818        6.66098767438820        1.04338053523138     
   22.0521355316450        6.63589432515880        1.06313704881147     
   22.1760239335082        6.62249847634247        1.08228749295058     
   22.2999123353714        6.59077805853631        1.11179593735275     
   22.4238007372345        6.66992325616692        1.02513148518126     
   22.5476891390977        6.53356172378982        1.16902441452797     
   22.6715775409609        6.55451177407441        1.13147132032200     
   22.7954659428241        6.62819603792422        1.06271614357585     
   22.9193543446872        6.56407537080900        1.14294375162095     
   23.0432427465504        6.61783270490718        1.08311573700389     
   23.1671311484136        6.53165615499797        1.16904026237611     
   23.2910195502768        6.65153229442500        1.04678080973424     
   23.4149079521399        6.64410960792230        1.05898660324267     
   23.5387963540031        6.63634501503185        1.07089204202208     
   23.6626847558663        6.54668143893169        1.15118644739982     
   23.7865731577295        6.61027723402620        1.08792318916046     
   23.9104615595926        6.56086145331112        1.14100848224866     
   24.0343499614558        6.65238396521809        1.04611948090425     
   24.1582383633190        6.65059672611385        1.04786622149198     
   24.2821267651822        6.59108638400634        1.10909526025604     
   24.4060151670453        6.64840919358350        1.05406157604410     
   24.5299035689085        6.62272378674623        1.07804884983771     
   24.6537919707717        6.62636141935779        1.07521242178981     
   24.7776803726349        6.57155311287824        1.11225335290222     
   24.9015687744980        6.64531991521755        1.05706925634951     
   25.0254571763612        6.54415866881387        1.16045096098994     
   25.1493455782244        6.58094572307409        1.10935596613479     
   25.2732339800876        6.65741294635024        1.03534225240508     
   25.3971223819507        6.61623583344175        1.08646027638032     
   25.5210107838139        6.68763123249427        1.00529656188781     
   25.6448991856771        6.58360141892758        1.11573583967380     
   25.7687875875402        6.66521639926818        1.03419708639517     
   25.8926759894034        6.72116040714161       0.976279729289124     
   26.0165643912666        6.66612175730181        1.03375040436723     
   26.1404527931298        6.65144471889257        1.04176555869106     
   26.2643411949929        6.61467312028120        1.07620523898347     
   26.3882295968561        6.60008830800377        1.09519200094321     
   26.5121179987193        6.65057369486032        1.04866973308219     
   26.6360064005825        6.63577013666448        1.06533224546933     
   26.7598948024456        6.53905842737290        1.16201259694841     
   26.8837832043088        6.57027986658943        1.12495511377471     
   27.0076716061720        6.64676342652450        1.04166777803358     
   27.1315600080352        6.54742552617380        1.15085540032003     
   27.2554484098983        6.60762242549677        1.08214158951742     
   27.3793368117615        6.62077524978910        1.07048847748786     
   27.5032252136247        6.59577469130551        1.11106387702765     
   27.6271136154879        6.64231658248554        1.04950628334318     
   27.7510020173510        6.65440367363301        1.04198724914126     
   27.8748904192142        6.62708586393787        1.07556607938375     
   27.9987788210774        6.61843367340032        1.08960968086627     
   28.1226672229406        6.63759753563974        1.06072239939442     
   28.2465556248037        6.58683179242010        1.11318706466750     
   28.3704440266669        6.57157667360109        1.11917757441865     
   28.4943324285301        6.62853951344318        1.06408570108839     
   28.6182208303933        6.56691603064142        1.13233584685444     
   28.7421092322564        6.67611475018712        1.02543208898988     
   28.8659976341196        6.63224663988898        1.07168514149475     
   28.9898860359828        6.64949943653451        1.05189614170619     
   29.1137744378460        6.63755565895142        1.05894019752209     
   29.2376628397091        6.62708992186661        1.07601261640458     
   29.3615512415723        6.62129351441572        1.07843004998528     
   29.4854396434355        6.70173450615519       0.996925901690818     
   29.6093280452987        6.57397210742548        1.12630851035273     
   29.7332164471618        6.56662621379178        1.14383011518656     
   29.8571048490250        6.58079951749695        1.11075191556732     
   29.9809932508882        6.64176917000805        1.05912843804875     
   30.1048816527513        6.59255117722487        1.11234010971241     
   30.2287700546145        6.61276379696121        1.08920419370745     
   30.3526584564777        6.59812150920437        1.10241117229770     
   30.4765468583409        6.54517064612563        1.16268147352784     
   30.6004352602040        6.60058226625837        1.09983938541201     
   30.7243236620672        6.62313199530281        1.07841452156259     
   30.8482120639304        6.62112145460267        1.07515040965483     
   30.9721004657936        6.65954195877716        1.04086148831532     
   31.0959888676567        6.65715907912902        1.03357412757696     
   31.2198772695199        6.53511138472594        1.15474020112990     
   31.3437656713831        6.63366669376612        1.06107457275343     
   31.4676540732463        6.63792355378079        1.07382251608213     
   31.5915424751094        6.60530343036166        1.08967203801461     
   31.7154308769726        6.71125309885040       0.984871094116069     
   31.8393192788358        6.68192847796475        1.01760739177622     
   31.9632076806990        6.69810870835421       0.995403283849030     
   32.0870960825621        6.59866053558653        1.09380819591803     
   32.2109844844253        6.65717409524022        1.05118282330196     
   32.3348728862885        6.64759987764155        1.05766367699878     
   32.4587612881517        6.56179238414611        1.13217582986659     
   32.5826496900148        6.61957788714254        1.08052877123555     
   32.7065380918780        6.60455393229526        1.09803458281474     
   32.8304264937412        6.65711774331939        1.04255281274627     
   32.9543148956044        6.64472237506508        1.04200353465554     
   33.0782032974675        6.59081043905208        1.10466466818873     
   33.2020916993307        6.64150447680992        1.05539756159898     
   33.3259801011939        6.49389141550112        1.20382849600899     
   33.4498685030571        6.57649483586733        1.12656796182562     
   33.5737569049202        6.67516386836055        1.03145762355767     
   33.6976453067834        6.63055620550781        1.07313517372224     
   33.8215337086466        6.63150533309119        1.06470110127790     
   33.9454221105098        6.67939310061440        1.01323346218571     
   34.0693105123729        6.62193895157176        1.07533329207186     
   34.1931989142361        6.64519053069215        1.05189406692496     
   34.3170873160993        6.58196925167922        1.11279610812383     
   34.4409757179624        6.67629287788884        1.02059300376988     
   34.5648641198256        6.68148319508031        1.01900238731099     
   34.6887525216888        6.56694665316526        1.13047893661812     
   34.8126409235520        6.63423279092991        1.05853861365730     
   34.9365293254151        6.65872691181218        1.03972166285274     
   35.0604177272783        6.60029380431941        1.09221250047871     
   35.1843061291415        6.66380418277024        1.04843158247093     
   35.3081945310047        6.52903138861509        1.16819358712242     
   35.4320829328678        6.59601582286697        1.09689494449203     
   35.5559713347310        6.61699574101899        1.08609341436432     
   35.6798597365942        6.53242304445548        1.16972042061066     
   35.8037481384574        6.61541084997910        1.08819181824959     
   35.9276365403205        6.63538346713058        1.06576578814985     
   36.0515249421837        6.64253435251472        1.06185217893442     
   36.1754133440469        6.72526915053079       0.972201776318246     
   36.2993017459101        6.59277913534465        1.10803818006705     
   36.4231901477732        6.61406038998172        1.08714161185265     
   36.5470785496364        6.68566688771902        1.01750742139401     
   36.6709669514996        6.64807649121948        1.04618860980912     
   36.7948553533628        6.52894809438895        1.17361007475317     
   36.9187437552259        6.58391521686277        1.11401762201371     
   37.0426321570891        6.64704814661420        1.05496821975112     
   37.1665205589523        6.63132753886869        1.06540503924274     
   37.2904089608155        6.63998404320153        1.05994847636670     
   37.4142973626786        6.54980784539975        1.14396343274902     
   37.5381857645418        6.64638893349960        1.05510954789321     
   37.6620741664050        6.57550300492033        1.12276373825884     
   37.7859625682682        6.65429298955664        1.04736987087369     
   37.9098509701313        6.68826841935893        1.00195071141363     
   38.0337393719945        6.56931534426132        1.12546771879265     
   38.1576277738577        6.62625318202470        1.06948555856311     
   38.2815161757209        6.66416218549977        1.03493611788313     
   38.4054045775840        6.64013980279956        1.05209653671974     
   38.5292929794472        6.57515190877544        1.12746913034286     
   38.6531813813104        6.55228380954164        1.14944563118160     
   38.7770697831735        6.58507037119485        1.11437799850912     
   38.9009581850367        6.61644241511474        1.08513614103169     
   39.0248465868999        6.54555359461948        1.15008865263048     
   39.1487349887631        6.60641280488916        1.09674552237838     
   39.2726233906262        6.65950833916609        1.04336613533625     
   39.3965117924894        6.66836764769710        1.02223113489272     
   39.5204001943526        6.65038887628950        1.05283461856449     
   39.6442885962158        6.51739471519940        1.18480477522829     
   39.7681769980789        6.60617979883027        1.08808139706082     
   39.8920653999421        6.61317580185382        1.09060263801781     
   40.0159538018053        6.59194437297523        1.09148513920182     
   40.1398422036685        6.66175179789416        1.04139035365618     
   40.2637306055316        6.55813052880506        1.14215664535322     
   40.3876190073948        6.56229355442298        1.14117713066713     
   40.5115074092580        6.66393931503417        1.03867378773493     
   40.6353958111212        6.64054772417818        1.05500284298028     
   40.7592842129843        6.60070948133064        1.10320935732602     
   40.8831726148475        6.65047118247120        1.04886686686107     
   41.0070610167107        6.60929052557477        1.09235748018644     
   41.1309494185739        6.56437832813678        1.13281456708667     
   41.2548378204370        6.54244524981029        1.15609156046064     
   41.3787262223002        6.67058053885539        1.02350339324594     
   41.5026146241634        6.59791051307903        1.09382813978653     
   41.6265030260266        6.63312810939521        1.06883766834117     
   41.7503914278897        6.60613676044495        1.09515333870650     
   41.8742798297529        6.63578826457972        1.07499590525656     
   41.9981682316161        6.63862405794985        1.05799320097350     
   42.1220566334793        6.63855864333965        1.06276209433956     
   42.2459450353424        6.61370506839972        1.08571914977837     
   42.3698334372056        6.62847231914323        1.06808300305818     
   42.4937218390688        6.61477118640282        1.09206935079082     
   42.6176102409319        6.56550678521989        1.13670118690635     
   42.7414986427951        6.59710463578458        1.10036476523124     
   42.8653870446583        6.57375016510240        1.11271189649424     
   42.9892754465215        6.50802815124494        1.20490734694230     
   43.1131638483847        6.59572074624013        1.09541123484554     
   43.2370522502478        6.62484010583241        1.07520290365036     
   43.3609406521110        6.52214443228804        1.17892178967087     
   43.4848290539742        6.65517121921372        1.04968854941347     
   43.6087174558373        6.65844694859605        1.03455605230267     
   43.7326058577005        6.61798268449255        1.08050896521874     
   43.8564942595637        6.58277571266991        1.12609774787151     
   43.9803826614269        6.63545426231755        1.05283861425949     
   44.1042710632900        6.54244041658036        1.16706334812719     
   44.2281594651532        6.54239363860478        1.15535576446431     
   44.3520478670164        6.60476240989164        1.09951868638945     
   44.4759362688796        6.61515441082389        1.07221838268423     
   44.5998246707427        6.53313275984544        1.16424968769392     
   44.7237130726059        6.60320860817157        1.09079794036010     
   44.8476014744691        6.57214832367397        1.12971864522188     
   44.9714898763323        6.71268114823259       0.988724074974753     
   45.0953782781954        6.57425619077004        1.12863129450438     
   45.2192666800586        6.65230247164144        1.05346555943735     
   45.3431550819218        6.66107703574133        1.03862536947373     
   45.4670434837850        6.60851688186174        1.08984127990102     
   45.5909318856481        6.55898590828831        1.14023613783859     
   45.7148202875113        6.62451092067217        1.08289278379609     
   45.8387086893745        6.54666225766766        1.15157514772427     
   45.9625970912377        6.48853021536365        1.20611352287744     
   46.0864854931008        6.70802963949877       0.988980910053996     
   46.2103738949640        6.68086604593827        1.01314882928929     
   46.3342622968272        6.65059652743169        1.05227506946936     
   46.4581506986904        6.64459092502921        1.05901785822179     
   46.5820391005535        6.67340972070942        1.02987285191294     
   46.7059275024167        6.57408659334846        1.13083531496772     
   46.8298159042799        6.62387015376953        1.06902936677591     
   46.9537043061430        6.65833939141404        1.04501002611640     
   47.0775927080062        6.68595471031338        1.00760161563801     
   47.2014811098694        6.63996496239517        1.06232235320490     
   47.3253695117326        6.60789166748618        1.08095841114217     
   47.4492579135958        6.54294203049069        1.17082284262128     
   47.5731463154589        6.66575038105449        1.03434476318806     
   47.6970347173221        6.61422707751218        1.08498901173867     
   47.8209231191853        6.64853659367728        1.05466102068555     
   47.9448115210484        6.67928169033645        1.02800419540070     
   48.0686999229116        6.67251402200238        1.01863224944887     
   48.1925883247748        6.67289875719236        1.02312030657768     
   48.3164767266380        6.61133825826625        1.08936679352803     
   48.4403651285011        6.66190237515039        1.02872318309134     
   48.5642535303643        6.58638713746046        1.11188292455941     
   48.6881419322275        6.68624028711686        1.01485146927855     
   48.8120303340907        6.53922835682861        1.15463266927940     
   48.9359187359538        6.57767269868345        1.12371622922690     
   49.0598071378170        6.55299813020444        1.14633580488070     
   49.1836955396802        6.54743036404539        1.14859813351491     
   49.3075839415434        6.66915990749096        1.02601994549034     
   49.4314723434065        6.72448008592744       0.966543100547426     
   49.5553607452697        6.67294310060072        1.02368997798517     
   49.6792491471329        6.61851646993362        1.08442308322867     
   49.8031375489961        6.51758041735705        1.17478147151386     
   49.9270259508592        6.59633487637339        1.10589750634075     
   50.0509143527224        6.60522570724516        1.09203116240088     
   50.1748027545856        6.59660204572351        1.09120510197532     
   50.2986911564488        6.55280551165748        1.14845690756692     
   50.4225795583119        6.60765616036948        1.09032661203649     
   50.5464679601751        6.65786256672051        1.03523493562012     
   50.6703563620383        6.64944471961580        1.04869729863608     
   50.7942447639015        6.69885671515879        1.00110802484157     
   50.9181331657646        6.60745155086895        1.09203036343933     
   51.0420215676278        6.63492260560388        1.06542423530830     
   51.1659099694910        6.64462237584775        1.04971581437492     
   51.2897983713541        6.70627228681143       0.989189555580973     
   51.4136867732173        6.64613603153060        1.05801571231176     
   51.5375751750805        6.69458166422508        1.00695593569323     
   51.6614635769437        6.65649119264769        1.04448176250612     
   51.7853519788069        6.59133411716484        1.11128908638207     
   51.9092403806700        6.66423011314229        1.03432938341421     
   52.0331287825332        6.64901804046645        1.05628707713877     
   52.1570171843964        6.58607056801581        1.11939582012700     
   52.2809055862595        6.62360268741642        1.07561948541197     
   52.4047939881227        6.57647500904377        1.11872440717095     
   52.5286823899859        6.54339263119336        1.15451465659296     
   52.6525707918491        6.46709809348391        1.23456274214611     
   52.7764591937122        6.60806678936147        1.08845009960388     
   52.9003475955754        6.61613883781812        1.08403325131532     
   53.0242359974386        6.61659504203887        1.09004637503124     
   53.1481243993018        6.64971202365457        1.04790306131080     
   53.2720128011649        6.65668545881151        1.03459321944629     
   53.3959012030281        6.66141753970241        1.04446323795633     
   53.5197896048913        6.56365687494231        1.13788111919201     
   53.6436780067545        6.68821217664826        1.00946504909920     
   53.7675664086176        6.62599991013581        1.06959625480547     
   53.8914548104808        6.66446071583053        1.04241785937587     
   54.0153432123440        6.67764223935438        1.01929690523598     
   54.1392316142072        6.73262111883351       0.966620000967657     
   54.2631200160703        6.65833083439457        1.04664218129773     
   54.3870084179335        6.62308135536175        1.06904526112850     
   54.5108968197967        6.57857237761142        1.11914693341825     
   54.6347852216599        6.63627151551355        1.06223395896447     
   54.7586736235230        6.72922211160926       0.970901052401654     
   54.8825620253862        6.65799170053684        1.03955119617755     
   55.0064504272494        6.69026308270968        1.00651544669940     
   55.1303388291126        6.55687418458690        1.14878285202303     
   55.2542272309757        6.68213898111123        1.02327014634114     
   55.3781156328389        6.69379433408309        1.00265815124045     
   55.5020040347021        6.57576605884578        1.12891361212796     
   55.6258924365652        6.64570671053480        1.05528633737629     
   55.7497808384284        6.57839104475413        1.12331326700645     
   55.8736692402916        6.63243518334729        1.07317468868055     
   55.9975576421548        6.67886235014486        1.02120042188117     
   56.1214460440180        6.59849715229798        1.10373121693937     
   56.2453344458811        6.61120871508465        1.09075740897545     
   56.3692228477443        6.67486001829781        1.02387448195436     
   56.4931112496075        6.67832653383658        1.02332890976780     
   56.6169996514706        6.70045954596503       0.991518197400163     
   56.7408880533338        6.52922468840014        1.17028568463368     
   56.8647764551970        6.53515091389100        1.15501658248975     
   56.9886648570602        6.60358383907465        1.09391728470640     
   57.1125532589233        6.66394615313949        1.03796852831509     
   57.2364416607865        6.61623709999651        1.08853462348238     
   57.3603300626497        6.62827302403779        1.07695383431192     
   57.4842184645129        6.60891505620000        1.09363425526166     
   57.6081068663760        6.65716058578074        1.03686282527504     
   57.7319952682392        6.61783122902671        1.08478140356827     
   57.8558836701024        6.58667282291315        1.10646162653502     
   57.9797720719656        6.71440066575370       0.984786507002173     
   58.1036604738287        6.61871688803341        1.08035746284062     
   58.2275488756919        6.63655021913772        1.06207599741949     
   58.3514372775551        6.62443215737188        1.08003201143370     
   58.4753256794183        6.58585319146332        1.11928886212172     
   58.5992140812814        6.69135687451948        1.00869839655345     
   58.7231024831446        6.62772138552879        1.07853422638360     
   58.8469908850078        6.61208410361945        1.08871430802505     
   58.9708792868710        6.64014652671175        1.04888467637848     
   59.0947676887341        6.69323048943219        1.00756425475168     
   59.2186560905973        6.64811938005495        1.05365571888870     
   59.3425444924605        6.68558402463434        1.01576598829327     
   59.4664328943236        6.65602938774747        1.03938528377610     
   59.5903212961868        6.60122855452789        1.08991236469961     
   59.7142096980500        6.57336841565579        1.12788190144231     
   59.8380980999132        6.57089316269331        1.12766632732179     
   59.9619865017763        6.68314705901804        1.01288969116624     
   60.0858749036395        6.61550540080275        1.08662125285275     
   60.2097633055027        6.61228645221958        1.08976224933301     
   60.3336517073659        6.61582247846731        1.08396903239147     
   60.4575401092291        6.67686059911739        1.01860737307531     
   60.5814285110922        6.55422990999178        1.14363686717808     
   60.7053169129554        6.69928924031538        1.00087107089682     
   60.8292053148186        6.65701358181984        1.04557625725755     
   60.9530937166817        6.63569566733284        1.05585178566549     
   61.0769821185449        6.55996217365373        1.13933029513741     
   61.2008705204081        6.56189241031717        1.14517968641964     
   61.3247589222713        6.65878808094302        1.04226046972701     
   61.4486473241344        6.62245173071780        1.07730304578395     
   61.5725357259976        6.63523085580501        1.06136916141155     
   61.6964241278608        6.62758165576655        1.06847866217116     
   61.8203125297240        6.62558392764970        1.07129505398768     
   61.9442009315871        6.72786685089778       0.969038309685345     
   62.0680893334503        6.55352764067399        1.14914610018888     
   62.1919777353135        6.67451136111893        1.02089712991611     
   62.3158661371767        6.61784938317736        1.07788818486603     
   62.4397545390398        6.66104656798889        1.03202984063305     
   62.5636429409030        6.66357759708271        1.02774135446223     
   62.6875313427662        6.59989343096397        1.09645622456370     
   62.8114197446294        6.64704848589311        1.05227607416900     
   62.9353081464925        6.61937790634608        1.08360138891508     
   63.0591965483557        6.60242904512012        1.09069763021366     
   63.1830849502189        6.51839938506682        1.19757491337986     
   63.3069733520821        6.65268405967538        1.04706601067584     
   63.4308617539452        6.55847085197132        1.14453713257414     
   63.5547501558084        6.49711005858388        1.19959106274682     
   63.6786385576716        6.65375889547369        1.04499569050120     
   63.8025269595347        6.58499843973546        1.10811877774649     
   63.9264153613979        6.68882424753070       0.999697682009610     
   64.0503037632611        6.66633351137036        1.03204837181594     
   64.1741921651243        6.66628575164912        1.04654038757837     
   64.2980805669874        6.60288728278116        1.09659955165536     
   64.4219689688506        6.67055854155113        1.02865365641938     
   64.5458573707138        6.63114118205225        1.06942878833821     
   64.6697457725770        6.57608902734229        1.12539576522448     
   64.7936341744401        6.69324486304030        1.00608020619579     
   64.9175225763033        6.57945502790899        1.12503849999463     
   65.0414109781665        6.69002437956595        1.00768353082468     
   65.1652993800297        6.53296716011131        1.16118474806205     
   65.2891877818928        6.66243812992817        1.03229545301146     
   65.4130761837560        6.67933249577140        1.02013447947269     
   65.5369645856192        6.56307667329646        1.13019529668933     
   65.6608529874824        6.58144693284595        1.11661058633670     
   65.7847413893455        6.62286920344299        1.07019809977925     
   65.9086297912087        6.69707586324042        1.00786252178962     
   66.0325181930719        6.64422414315281        1.05092399612361     
   66.1564065949351        6.73659375267317       0.964100320529235     
   66.2802949967982        6.62640546481894        1.08008253528245     
   66.4041833986614        6.59535338495078        1.10597258770177     
   66.5280718005246        6.58215657656619        1.11395851493749     
   66.6519602023878        6.65230924886313        1.04855100304038     
   66.7758486042509        6.66374220103645        1.03003340803273     
   66.8997370061141        6.48199045083483        1.21949987249949     
   67.0236254079773        6.58807271704197        1.11231815056761     
   67.1475138098405        6.64711535298901        1.04287893539184     
   67.2714022117036        6.66930454125151        1.02886045918598     
   67.3952906135668        6.65514038548794        1.03976836593429     
   67.5191790154300        6.68198034739189        1.02161297329034     
   67.6430674172932        6.66631018477560        1.03655185969160     
   67.7669558191563        6.67199371220614        1.02794024778503     
   67.8908442210195        6.64200472838140        1.05719347692378     
   68.0147326228827        6.59735874821849        1.10644176845471     
   68.1386210247458        6.69072725971991        1.01421289906241     
   68.2625094266090        6.61347936869654        1.07380357183149     
   68.3863978284722        6.58880485723700        1.11394160769412     
   68.5102862303354        6.59963010531483        1.09916362646020     
   68.6341746321985        6.61801844479659        1.08351116338083     
   68.7580630340617        6.60592359007066        1.09564945949588     
   68.8819514359249        6.53291684510419        1.16258402056631     
   69.0058398377881        6.54762433786967        1.15852343255298     
   69.1297282396512        6.64454140195922        1.04325377012660     
   69.2536166415144        6.75673328586517       0.938776150383760     
   69.3775050433776        6.57394723924257        1.12966050454717     
   69.5013934452408        6.63622181341491        1.06577388043496     
   69.6252818471039        6.68216241910628        1.01706674584110     
   69.7491702489671        6.56426948336447        1.14016005705599     
   69.8730586508303        6.64049649590056        1.06452930326856     
   69.9969470526935        6.65010514013935        1.03797324171362     
   70.1208354545566        6.53694146836772        1.16801717297105     
   70.2447238564198        6.50958303864978        1.19073658365058     
   70.3686122582830        6.63959343171304        1.04479094634079     
   70.4925006601462        6.61918973259950        1.08105390349157     
   70.6163890620093        6.63691275247362        1.06765751864664     
   70.7402774638725        6.70590898284486       0.990707783514264     
   70.8641658657357        6.62249800776457        1.07878343314698     
   70.9880542675989        6.60111443824391        1.09759489438091     
   71.1119426694620        6.65377796160411        1.04847272061111     
   71.2358310713252        6.64548834323235        1.05166993050073     
   71.3597194731884        6.54720717093356        1.14796912719351     
   71.4836078750516        6.57407949334852        1.12314160171902     
   71.6074962769147        6.66183898896660        1.03474608264422     
   71.7313846787779        6.51372024705413        1.19781673916536     
   71.8552730806411        6.59938553312659        1.10073009504191     
   71.9791614825043        6.61659665110790        1.08109778834990     
   72.1030498843674        6.63572558275467        1.06759045870572     
   72.2269382862306        6.62118932108811        1.07440302112154     
   72.3508266880938        6.54246626901381        1.15128229196469     
   72.4747150899569        6.47595212903352        1.23174281720624     
   72.5986034918201        6.61295182025231        1.09073513903680     
   72.7224918936833        6.61521669383554        1.08890604724413     
   72.8463802955465        6.60585777710296        1.08499473712293     
   72.9702686974096        6.69496678736461        1.00921385981242     
   73.0941570992728        6.56906526430021        1.13237863647962     
   73.2180455011360        6.59841136254027        1.09842039293896     
   73.3419339029992        6.61746782183969        1.08530497004413     
   73.4658223048623        6.65347060163981        1.05224465280535     
   73.5897107067255        6.61843687846431        1.07942160451275     
   73.7135991085887        6.56783042513023        1.13335772446283     
   73.8374875104519        6.65516655019928        1.05132890497395     
   73.9613759123150        6.60758783209942        1.09256569591472     
   74.0852643141782        6.59114789537644        1.10064411388311     
   74.2091527160414        6.61079013800789        1.08528214763619     
   74.3330411179046        6.69297058750737        1.01388700807713     
   74.4569295197677        6.57099930928981        1.13105817407843     
   74.5808179216309        6.69446693077816        1.00287285389843     
   74.7047063234941        6.63191764208734        1.06718546377395     
   74.8285947253573        6.68383565408781        1.01410868061325     
   74.9524831272204        6.63907326979316        1.06542640712658     
   75.0763715290836        6.55841340326947        1.14542378365161     
   75.2002599309468        6.67353176141045        1.02617256834002     
   75.3241483328100        6.66432622271305        1.03384239087048     
   75.4480367346731        6.63938106474748        1.06119243812909     
   75.5719251365363        6.58452569169912        1.11080020522845     
   75.6958135383995        6.57653675825882        1.12173731060220     
   75.8197019402627        6.64072409998253        1.05319985324148     
   75.9435903421258        6.73273242131568       0.970427552845868     
   76.0674787439890        6.65333103075760        1.03848479286096     
   76.1913671458522        6.57843087421399        1.11935288224345     
   76.3152555477154        6.66444310304018        1.03045143625283     
   76.4391439495785        6.55095653807847        1.15117264531268     
   76.5630323514417        6.64920662061791        1.04886302523236     
   76.6869207533049        6.58058541811485        1.11527766358266     
   76.8108091551680        6.56963644227115        1.13169129027491     
   76.9346975570312        6.57992224974801        1.11545567579577     
   77.0585859588944        6.61955529629734        1.08817877249150     
   77.1824743607576        6.68734333682995        1.00789182233426     
   77.3063627626207        6.69186041365856        1.00452025900982     
   77.4302511644839        6.65230293432490        1.04657677393943     
   77.5541395663471        6.61352344706103        1.08201024909698     
   77.6780279682103        6.53852544920208        1.15956907293138     
   77.8019163700734        6.72000351697071       0.975028972171843     
   77.9258047719366        6.66054727626953        1.03725130372862     
   78.0496931737998        6.69463106279908        1.00860582155662     
   78.1735815756630        6.67268355345465        1.01884425593452     
   78.2974699775261        6.58767664915244        1.10328948671027     
   78.4213583793893        6.64800979063380        1.05301508162202     
   78.5452467812525        6.63432882353516        1.05941665872417     
   78.6691351831157        6.54713339970938        1.15217757590558     
   78.7930235849788        6.70266299090823       0.994515899325261     
   78.9169119868420        6.63382134144521        1.05879902139611     
   79.0408003887052        6.69528430250220        1.00754036049406     
   79.1646887905684        6.68139798446682        1.02375946509177     
   79.2885771924315        6.63886623579879        1.05831413663754     
   79.4124655942947        6.57996451984550        1.12455032619923     
   79.5363539961579        6.68877726676465        1.00746307015751     
   79.6602423980211        6.63778171734161        1.05788002124925     
   79.7841307998842        6.65850030216185        1.04227951026429     
   79.9080192017474        6.61184131888317        1.09011473130288     
   80.0319076036106        6.63648730197228        1.06363004543724     
   80.1557960054738        6.65584638757163        1.04717335563262     
   80.2796844073369        6.57589130681612        1.12612516250191     
   80.4035728092001        6.62142739615550        1.07925219246900     
   80.5274612110633        6.57000581090885        1.12282099801226     
   80.6513496129264        6.66662478369533        1.03660350537905     
   80.7752380147896        6.53588847116871        1.16645246826276     
   80.8991264166528        6.57054307713812        1.12172554395745     
   81.0230148185160        6.63721807087366        1.06018997391658     
   81.1469032203791        6.63747204401165        1.05646726393714     
   81.2707916222423        6.59264417927608        1.10867695159778     
   81.3946800241055        6.65112159480267        1.04701398146182     
   81.5185684259687        6.64934745873437        1.05316677687171     
   81.6424568278319        6.65261223483174        1.04334588117610     
   81.7663452296950        6.59744720700191        1.10390377770086     
   81.8902336315582        6.66084034314676        1.03463893744926     
   82.0141220334214        6.56877246435472        1.12940899873307     
   82.1380104352845        6.56963578304330        1.12549928263285     
   82.2618988371477        6.61978495739393        1.06899773517763     
   82.3857872390109        6.65349071055200        1.04811806515351     
   82.5096756408741        6.65803191207872        1.04420381196896     
   82.6335640427372        6.59908895951472        1.09954598973445     
   82.7574524446004        6.67689251879499        1.01420446167297     
   82.8813408464636        6.60121789346183        1.09640076123668     
   83.0052292483268        6.57780492339945        1.12848843299375     
   83.1291176501899        6.63299417919629        1.05741967586951     
   83.2530060520531        6.62947477875542        1.06183728516360     
   83.3768944539163        6.65832606095990        1.04215436316416     
   83.5007828557795        6.59033781039406        1.11956573786187     
   83.6246712576426        6.56248851239501        1.13630244401729     
   83.7485596595058        6.61301521287508        1.08812285328777     
   83.8724480613690        6.59033675108066        1.11786591294955     
   83.9963364632322        6.63850137324508        1.05882453551506     
   84.1202248650953        6.68278826110393        1.01601580765287     
   84.2441132669585        6.63052370180455        1.06479230975776     
   84.3680016688217        6.68683614539884        1.01380415852833     
   84.4918900706849        6.60123777913073        1.09617170539161     
   84.6157784725480        6.56636893145608        1.13647036373071     
   84.7396668744112        6.55435443505267        1.14148417694344     
   84.8635552762744        6.68532283344507        1.02372924176121     
   84.9874436781376        6.58965030035566        1.11462314793016     
   85.1113320800007        6.61415488894205        1.08692003112792     
   85.2352204818639        6.62656856377728        1.07594336351780     
   85.3591088837271        6.52299191867638        1.17311011631041     
   85.4829972855902        6.59655973770217        1.10583902956031     
   85.6068856874534        6.62920014004087        1.06987010956682     
   85.7307740893166        6.62658789038213        1.07236024667374     
   85.8546624911798        6.63621741188067        1.06753632045080     
   85.9785508930430        6.65627297371270        1.04037862796006     
   86.1024392949061        6.61661943058611        1.08652623870940     
   86.2263276967693        6.59886716317656        1.08767727548891     
   86.3502160986325        6.58082979978890        1.11677217906544     
   86.4741045004956        6.49239234324384        1.20647182944545     
   86.5979929023588        6.59683948653266        1.10115321994072     
   86.7218813042220        6.62441022710948        1.07752991307480     
   86.8457697060852        6.61275605173583        1.08395529836777     
   86.9696581079483        6.69518375961611        1.00380255556533     
   87.0935465098115        6.64004587297507        1.05480296184019     
   87.2174349116747        6.63775889362618        1.05576720984684     
   87.3413233135379        6.66524983493872        1.02911270208894     
   87.4652117154010        6.66167465309913        1.04118828295484     
   87.5891001172642        6.59092924090031        1.10179958681515     
   87.7129885191274        6.61099381252498        1.08479617954168     
   87.8368769209906        6.59588459854253        1.10421815444828     
   87.9607653228537        6.75512356063907       0.944931014046562     
   88.0846537247169        6.72659955477356       0.975658437208873     
   88.2085421265801        6.53952897310225        1.15898574329637     
   88.3324305284433        6.55576045139150        1.13880647507467     
   88.4563189303064        6.58508697924698        1.11305467728776     
   88.5802073321696        6.61189851095450        1.07903859391877     
   88.7040957340328        6.65527845961736        1.05087526151109     
   88.8279841358960        6.72852486838952       0.964162008967131     
   88.9518725377591        6.63283263167830        1.07246527214950     
   89.0757609396223        6.63788364194694        1.06019803725469     
   89.1996493414855        6.62827087918319        1.07543662006271     
   89.3235377433487        6.61746108083185        1.07853510013904     
   89.4474261452118        6.61868988594361        1.07578506343287     
   89.5713145470750        6.61826307558706        1.08686116502865     
   89.6952029489382        6.71503340905418       0.986111640119611     
   89.8190913508013        6.62407673005796        1.07306252830034     
   89.9429797526645        6.63061575670021        1.07430360653804     
   90.0668681545277        6.56130300653761        1.14243735014466     
   90.1907565563909        6.59611939215495        1.10923963792295     
   90.3146449582540        6.59387764087984        1.11352768285987     
   90.4385333601172        6.66834056705988        1.02863922615053     
   90.5624217619804        6.65090664319003        1.04809051610279     
   90.6863101638436        6.65898878280893        1.03714288289822     
   90.8101985657067        6.54685706095320        1.14677119273899     
   90.9340869675699        6.64652166537036        1.04733660755653     
   91.0579753694331        6.63562641144749        1.06086053267988     
   91.1818637712963        6.66276867793067        1.03391663242322     
   91.3057521731594        6.50177367597632        1.20132324362490     
   91.4296405750226        6.63346094618651        1.07084944130432     
   91.5535289768858        6.68614798056451        1.01056985383383     
   91.6774173787490        6.63021106437749        1.06641684558321     
   91.8013057806121        6.63327630451554        1.06455914925022     
   91.9251941824753        6.59047082514529        1.11166500888183     
   92.0490825843385        6.59180919782449        1.10808270425864     
   92.1729709862017        6.59528890368176        1.09929194817722     
   92.2968593880648        6.64965867028140        1.05817399834578     
   92.4207477899280        6.67408443028674        1.02453974676662     
   92.5446361917912        6.60072501695885        1.10925437933552     
   92.6685245936544        6.61588197766705        1.08542015971062     
   92.7924129955175        6.68029373607284        1.03033937049923     
   92.9163013973807        6.56317699551692        1.13371605721011     
   93.0401897992439        6.71235174594866       0.990673494225309     
   93.1640782011071        6.68348556515121        1.01964005218441     
   93.2879666029702        6.64423201312404        1.05091393962722     
   93.4118550048334        6.64385188512640        1.05449065150575     
   93.5357434066966        6.60316779998197        1.09854135667845     
   93.6596318085598        6.64607236902625        1.05350723533290     
   93.7835202104229        6.56481306412234        1.12404453342446     
   93.9074086122861        6.63153366052784        1.06197087668213     
   94.0312970141493        6.55729191043518        1.13940462781403     
   94.1551854160124        6.59728971556169        1.10549653589315     
   94.2790738178756        6.64154063924003        1.06405900336103     
   94.4029622197388        6.64559028513434        1.05940711715451     
   94.5268506216020        6.69026954397475        1.01029451399444     
   94.6507390234651        6.63781930700752        1.06288309573580     
   94.7746274253283        6.65166924485735        1.04576134492809     
   94.8985158271915        6.62012326259652        1.07946577946367     
   95.0224042290547        6.52705446441694        1.17802731313831     
   95.1462926309178        6.66952448170364        1.02814505069531     
   95.2701810327810        6.64584541949931        1.06253434210190     
   95.3940694346442        6.70029172642991       0.998241193485887     
   95.5179578365074        6.62097238400453        1.07906887165861     
   95.6418462383705        6.58002713472567        1.11938915549984     
   95.7657346402337        6.62348299974753        1.08340054653388     
   95.8896230420969        6.62060148869878        1.07313589989152     
   96.0135114439601        6.72015478065553       0.974190780816877     
   96.1373998458232        6.66748043362810        1.04278597860895     
   96.2612882476864        6.69832295398464       0.997398850775813     
   96.3851766495496        6.63888381303550        1.06691126695320     
   96.5090650514128        6.62713436355602        1.07458604260929     
   96.6329534532759        6.69841149433351       0.998186775188077     
   96.7568418551391        6.59186464077647        1.09946234946880     
   96.8807302570023        6.58652047271528        1.11506524460115     
   97.0046186588655        6.64862343999660        1.05397327254362     
   97.1285070607286        6.69646328259386        1.00984977492703     
   97.2523954625918        6.58710363815846        1.11489134094223     
   97.3762838644550        6.63221806947922        1.06238057038350     
   97.5001722663182        6.68096407709541        1.02010575301636     
   97.6240606681813        6.59339768440042        1.11139453314289     
   97.7479490700445        6.60079023846056        1.10252435051140     
   97.8718374719077        6.56784478228899        1.12967376222685     
   97.9957258737709        6.67359148260345        1.01775022623149     
   98.1196142756340        6.57325670514407        1.11804418016858     
   98.2435026774972        6.69372598743049        1.00410080580874     
   98.3673910793604        6.63497083943470        1.06395388787931     
   98.4912794812235        6.64306638093792        1.06501993294340     
   98.6151678830867        6.57353979461208        1.13045002329936     
   98.7390562849499        6.58130184631934        1.12050890091116     
   98.8629446868131        6.69424242984201        1.00072384322137     
   98.9868330886762        6.64997441928934        1.04739712028659     
   99.1107214905394        6.65928903257429        1.04141946463863     
   99.2346098924026        6.55264329071373        1.14614823538255     
   99.3584982942658        6.70241512674401       0.992480384625629     
   99.4823866961289        6.63155791382262        1.06991251231247     
   99.6062750979921        6.58267208026474        1.10868271317850     
   99.7301634998553        6.52122208718152        1.16094366612381     
   99.8540519017185        6.65153181050952        1.04778476727878     
   99.9779403035816        6.53694104851887        1.16388696677161     
   100.101828705445        6.57628137759876        1.12023879296645     
   100.225717107308        6.59034868810827        1.10887858778360     
   100.349605509171        6.62699059653432        1.07709258147296     
   100.473493911034        6.60810842858176        1.08625925778936     
   100.597382312898        6.65859640501934        1.03758750499309     
   100.721270714761        6.60015072288574        1.09122096836451     
   100.845159116624        6.76520464923063       0.934891223516347     
   100.969047518487        6.70777079300513       0.988415743966571     
   101.092935920350        6.58158847325429        1.11579827962310     
   101.216824322213        6.64094648397305        1.06636160439980     
   101.340712724077        6.67800120663179        1.02180082188203     
   101.464601125940        6.56193830283059        1.14182635746601     
   101.588489527803        6.68958390118814        1.01803619433130     
   101.712377929666        6.60671832540889        1.09651256296088     
   101.836266331529        6.68163440421019        1.01821794913428     
   101.960154733392        6.69745363120277        1.00398987550913     
   102.084043135256        6.57330876454544        1.12455033563007     
   102.207931537119        6.61856013869230        1.08474473876898     
   102.331819938982        6.64995531711389        1.05225703374303     
   102.455708340845        6.68638990231740        1.02245245232562     
   102.579596742708        6.58464209126232        1.12925769207540     
   102.703485144571        6.60279139610610        1.09694482261323     
   102.827373546435        6.72926172773125       0.965180734238392     
   102.951261948298        6.72294281104798       0.986910707825558     
   103.075150350161        6.59586739871309        1.09449170288841     
   103.199038752024        6.63513374435522        1.06553959857517     
   103.322927153887        6.58408622176969        1.11082302690770     
   103.446815555751        6.61611571143092        1.08691334253721     
   103.570703957614        6.69656140989974       0.995409853056552     
   103.694592359477        6.58338288964766        1.11541434524846     
   103.818480761340        6.67627519368943        1.02497130351721     
   103.942369163203        6.65883341023182        1.03485357853257     
   104.066257565066        6.66253808628130        1.02944152887310     
   104.190145966930        6.68029162764573        1.01659635954014     
   104.314034368793        6.70573327409707       0.998859629877781     
   104.437922770656        6.59351954873816        1.10091887876789     
   104.561811172519        6.57852807649707        1.11817713415745     
   104.685699574382        6.61720980991615        1.07563864838267     
   104.809587976245        6.65047699469282        1.05230515364667     
   104.933476378109        6.63186946635942        1.06508709519769     
   105.057364779972        6.57028924386920        1.12897124783664     
   105.181253181835        6.59843596865487        1.09515731187255     
   105.305141583698        6.60305336501470        1.09978460156623     
   105.429029985561        6.63515705699526        1.06677698319343     
   105.552918387424        6.63734789623571        1.06287508226630     
   105.676806789288        6.61111399196154        1.07943023448625     
   105.800695191151        6.61160760268032        1.08638635880949     
   105.924583593014        6.56634038536366        1.13929472409138     
   106.048471994877        6.69508801308118        1.01835723896622     
   106.172360396740        6.56893964272274        1.12881749895049     
   106.296248798604        6.61745391075142        1.07424314059690     
   106.420137200467        6.56824356890242        1.12901764604841     
   106.544025602330        6.66117378739776        1.04804226705925     
   106.667914004193        6.59747763621681        1.10379104410555     
   106.791802406056        6.67440273647661        1.02974457271371     
   106.915690807919        6.61580496972920        1.07978593997906     
   107.039579209783        6.69799146803784        1.00533845241780     
   107.163467611646        6.57849578345110        1.12045496849009     
   107.287356013509        6.53188495067329        1.16687638408725     
   107.411244415372        6.59918914726588        1.11001914937721     
   107.535132817235        6.59358815981089        1.11032576882709     
   107.659021219098        6.56866739021292        1.13533431630424     
   107.782909620962        6.62429687555293        1.07616714728139     
   107.906798022825        6.66784089906767        1.02924592458506     
   108.030686424688        6.64583513564267        1.04897346546446     
   108.154574826551        6.69218230165212        1.00824297575625     
   108.278463228414        6.66886097103191        1.02705531457457     
   108.402351630277        6.60538081035167        1.08025105760266     
   108.526240032141        6.52990909741419        1.17423055157330     
   108.650128434004        6.61412789652456        1.08480116020193     
   108.774016835867        6.61080427028335        1.09650982620186     
   108.897905237730        6.62743589213905        1.06720706366167     
   109.021793639593        6.57621673504560        1.11748194608674     
   109.145682041457        6.60076546844639        1.09982411546996     
   109.269570443320        6.72627814670742       0.979243935300253     
   109.393458845183        6.61912764858768        1.07742875780793     
   109.517347247046        6.64856029752713        1.05312554629929     
   109.641235648909        6.57167621519450        1.12855885762254     
   109.765124050772        6.62881021693924        1.07195883532852     
   109.889012452636        6.72670082901792       0.964741297527830     
   110.012900854499        6.60060653554040        1.09846297598593     
   110.136789256362        6.63975525064531        1.06792835055513     
   110.260677658225        6.64887311672473        1.05283443724001     
   110.384566060088        6.66274815786814        1.02947647900868     
   110.508454461951        6.50189189758074        1.19965537699667     
   110.632342863815        6.66120145225003        1.03257166419648     
   110.756231265678        6.59733300166432        1.09657529579391     
   110.880119667541        6.63479270716949        1.06487675554257     
   111.004008069404        6.67705035005737        1.01842296499643     
   111.127896471267        6.72794446970602       0.976117011644115     
   111.251784873130        6.61499740624114        1.08452859874917     
   111.375673274994        6.56429999787171        1.14074160260128     
   111.499561676857        6.65696005103210        1.03772169019682     
   111.623450078720        6.66095419519902        1.02491179214874     
   111.747338480583        6.65806760365177        1.04579873133222     
   111.871226882446        6.62705064463482        1.07502563614820     
   111.995115284310        6.60571277896285        1.09127130966630     
   112.119003686173        6.57596712860624        1.13927709316952     
   112.242892088036        6.63138153943124        1.06758392068561     
   112.366780489899        6.48812570461944        1.21412170021268     
   112.490668891762        6.55599098192974        1.15374784172635     
   112.614557293625        6.61932621993340        1.07410130779725     
   112.738445695489        6.61367475885677        1.08765634938506     
   112.862334097352        6.71603015323762       0.986847004093119     
   112.986222499215        6.69804086930097       0.999123412915122     
   113.110110901078        6.51346477864666        1.18673493341636     
   113.233999302941        6.54522711992131        1.14549316542990     
   113.357887704804        6.66271472533043        1.03766437779953     
   113.481776106668        6.62052188217677        1.06406192724858     
   113.605664508531        6.61474006928537        1.08692150822809     
   113.729552910394        6.55698596500655        1.14290611525449     
   113.853441312257        6.64976172730822        1.04175377977361     
   113.977329714120        6.64548802444727        1.04791607140292     
   114.101218115984        6.65206687083571        1.04797508785411     
   114.225106517847        6.64491275953392        1.06048990104860     
   114.348994919710        6.70549649960690       0.993596235627905     
   114.472883321573        6.54716412891753        1.15131948474440     
   114.596771723436        6.61414726103734        1.08198075621710     
   114.720660125299        6.59551027879169        1.10302253130545     
   114.844548527163        6.63339756505518        1.06766568502259     
   114.968436929026        6.59516860537151        1.10121078640035     
   115.092325330889        6.60166873398840        1.09420907856808     
   115.216213732752        6.63414512231993        1.06714388748941     
   115.340102134615        6.57536819414527        1.11778795655992     
   115.463990536478        6.53561900999825        1.16100846857786     
   115.587878938342        6.55964137601618        1.14326085627225     
   115.711767340205        6.64100186053655        1.05733284708978     
   115.835655742068        6.61534293443793        1.08481736900564     
   115.959544143931        6.58995161015643        1.10915511972964     
   116.083432545794        6.58271698437525        1.11187232646751     
   116.207320947657        6.62436001282983        1.07675925491532     
   116.331209349521        6.57661072908518        1.12590217046909     
   116.455097751384        6.63430743897674        1.06807690307504     
   116.578986153247        6.66903624172290        1.02724158395752     
   116.702874555110        6.69071548796564        1.00786648492671     
   116.826762956973        6.51623615608181        1.17653379918044     
   116.950651358837        6.58431997268357        1.11866816157575     
   117.074539760700        6.69522144225666        1.00723854032761     
   117.198428162563        6.59595165863123        1.10917608469526     
   117.322316564426        6.58551855508013        1.12167016104705     
   117.446204966289        6.58390814594081        1.11584928004574     
   117.570093368152        6.66334576913630        1.03360778415975     
   117.693981770016        6.64728951569005        1.05104103206585     
   117.817870171879        6.54911394817928        1.15524143698286     
   117.941758573742        6.68120129000353        1.00484594343295     
   118.065646975605        6.58218629297363        1.11625885745602     
   118.189535377468        6.61268054525147        1.08907469064363     
   118.313423779331        6.55532364400484        1.13991751727255     
   118.437312181195        6.60614772741239        1.09719002891800     
   118.561200583058        6.58066137134287        1.11840496170811     
   118.685088984921        6.56049865638440        1.14068701093785     
   118.808977386784        6.60664545020602        1.09701926068411     
   118.932865788647        6.54067112191153        1.15367440580279     
   119.056754190510        6.61463590785239        1.08272635091142     
   119.180642592374        6.51382080256250        1.18586400267978     
   119.304530994237        6.60863465269637        1.08960842610159     
   119.428419396100        6.60606992870605        1.09636346041163     
   119.552307797963        6.70309244802511       0.994964370008841     
   119.676196199826        6.60750195842814        1.08892051623076     
   119.800084601690        6.54310502388148        1.16544182423603     
   119.923973003553        6.60753772921187        1.09308767465229     
   120.047861405416        6.77805364757999       0.913503417123591     
   120.171749807279        6.59355334055754        1.10027561592045     
   120.295638209142        6.70242322604006        1.00451294022731     
   120.419526611005        6.64158159839577        1.04849379285680     
   120.543415012869        6.67626863392371        1.02312318073432     
   120.667303414732        6.71085635483911       0.990005192240413     
   120.791191816595        6.63653086547878        1.07173659901652     
   120.915080218458        6.65941415552582        1.05288847185109     
   121.038968620321        6.73303431013213       0.975956501140406     
   121.162857022184        6.58883167103897        1.10758201564108     
   121.286745424048        6.64720994792123        1.05361866396955     
   121.410633825911        6.59844345613014        1.10274497727374     
   121.534522227774        6.66203357093972        1.03384594210721     
   121.658410629637        6.61212249247082        1.08209430105571     
   121.782299031500        6.59386619124716        1.10637276835813     
   121.906187433363        6.65568576919993        1.04374085144591     
   122.030075835227        6.57758212885080        1.12373314245083     
   122.153964237090        6.61799081302580        1.07837156663914     
   122.277852638953        6.52848552446807        1.15866279502117     
   122.401741040816        6.61492207927334        1.08702654704090     
   122.525629442679        6.66266850695366        1.03604803530230     
   122.649517844543        6.61559161380123        1.08856983712908     
   122.773406246406        6.64558921958176        1.05435819761986     
   122.897294648269        6.63021994222786        1.07437507671636     
   123.021183050132        6.64111826400835        1.05121939751080     
   123.145071451995        6.60739717094517        1.09159892284714     
   123.268959853858        6.60405861360050        1.09976409774459     
   123.392848255722        6.63340597574101        1.05943238500219     
   123.516736657585        6.65060852086873        1.05294129437552     
   123.640625059448        6.57713806689921        1.11797200472913     
   123.764513461311        6.62835024039612        1.07058312135784     
   123.888401863174        6.64901252562922        1.04956366576850     
