  0.123888401863174        535.047820804105        742060521.495814     
  0.247776803726349        538.577265568218        731366565.822121     
  0.371665205589523        533.189460281548        747966289.835450     
  0.495553607452697        528.564708058936        764670701.900185     
  0.619442009315871        532.259024525477        753016452.562725     
  0.743330411179046        536.470387110940        738821788.063547     
  0.867218813042220        530.663661226814        756649704.778329     
  0.991107214905394        530.955221638281        759244487.932920     
   1.11499561676857        529.094009817791        760639488.735372     
   1.23888401863174        524.834505598824        774824421.656786     
   1.36277242049492        530.814771781291        754566237.610010     
   1.48666082235809        530.403765492605        757051143.273591     
   1.61054922422127        532.057817649523        754074414.570902     
   1.73443762608444        533.468115329723        745428988.097292     
   1.85832602794761        531.029898782435        755566066.365382     
   1.98221442981079        532.602776899668        749557696.239038     
   2.10610283167396        528.168879356349        766066239.021606     
   2.22999123353714        532.620438674177        750397148.220094     
   2.35387963540031        540.052341129255        724685812.782531     
   2.47776803726349        529.334940688563        759760489.890120     
   2.60165643912666        532.426986636139        750111455.823216     
   2.72554484098983        541.205198818208        720610022.498032     
   2.84943324285301        532.480702978605        749242517.961444     
   2.97332164471618        534.881099030031        742480151.845492     
   3.09721004657936        531.232155173478        752445086.738818     
   3.22109844844253        530.538783452179        756402146.867606     
   3.34498685030571        525.611278877930        770156806.682884     
   3.46887525216888        537.445750740352        732598503.012137     
   3.59276365403205        532.513113549242        749426174.692226     
   3.71665205589523        537.113869631681        733907858.371631     
   3.84054045775840        529.426624683910        765034547.011466     
   3.96442885962158        533.580232736476        745133874.937332     
   4.08831726148475        530.494835608862        756302015.137075     
   4.21220566334793        530.188752564680        758169019.290872     
   4.33609406521110        537.656748243846        735933724.616319     
   4.45998246707427        526.712940978379        768113634.190738     
   4.58387086893745        523.518508796692        776962373.961813     
   4.70775927080062        529.927850937152        756491678.194205     
   4.83164767266380        526.748959058615        767238840.376957     
   4.95553607452697        530.649235879068        758192365.237138     
   5.07942447639014        531.528907163869        754200104.353386     
   5.20331287825332        533.624960744052        747317483.920172     
   5.32720128011649        531.211342698078        750685208.789288     
   5.45108968197967        531.033158015078        752099202.006859     
   5.57497808384284        532.649634317850        749223656.013276     
   5.69886648570602        524.168820960926        774599581.651703     
   5.82275488756919        526.837035343936        768594401.445349     
   5.94664328943237        534.100786740725        745385758.886537     
   6.07053169129554        532.575105843240        750028476.468584     
   6.19442009315871        532.782530779584        750060069.224852     
   6.31830849502189        525.013615667406        776411230.091994     
   6.44219689688506        530.020070512534        755733767.688505     
   6.56608529874824        535.604395440622        738314094.180404     
   6.68997370061141        534.433380135222        744935303.448022     
   6.81386210247458        526.108532158463        770122831.932697     
   6.93775050433776        529.018083976003        763190867.486404     
   7.06163890620093        529.160128686171        757467186.354637     
   7.18552730806411        528.505051823699        765419306.283530     
   7.30941570992728        526.893350094306        770076220.493751     
   7.43330411179046        530.586520266398        756397483.990872     
   7.55719251365363        534.273841802385        745286491.987538     
   7.68108091551681        528.024151854591        762664141.682583     
   7.80496931737998        529.081848037709        762470665.340654     
   7.92885771924315        534.611441551758        744152155.674098     
   8.05274612110633        538.481343277504        729525015.520291     
   8.17663452296950        530.094319376572        757265212.302505     
   8.30052292483268        533.596950075591        747898587.915097     
   8.42441132669585        533.320672750919        746587295.001327     
   8.54829972855902        532.305101835069        750237584.145220     
   8.67218813042220        532.342924984132        750190054.632009     
   8.79607653228537        528.814406267324        760922457.051669     
   8.91996493414855        537.496281723836        734655709.169901     
   9.04385333601172        534.361821070516        744038629.393816     
   9.16774173787490        531.588302723761        750465012.814576     
   9.29163013973807        537.639257211370        732934981.746194     
   9.41551854160124        533.438264710650        748001882.101210     
   9.53940694346442        526.066883866592        771050038.227253     
   9.66329534532759        529.773839579174        758234750.309853     
   9.78718374719077        531.051029304620        754107028.942726     
   9.91107214905394        524.235079121324        782532547.234213     
   10.0349605509171        533.533594891514        746145898.378200     
   10.1588489527803        528.738482691464        762291104.596219     
   10.2827373546435        534.580827351701        743469582.942935     
   10.4066257565066        527.878214672271        765001885.874653     
   10.5305141583698        526.395734500596        770822820.764609     
   10.6544025602330        531.891702598651        752401472.894432     
   10.7782909620962        521.543085829117        785125098.419878     
   10.9021793639593        539.252706674072        727759286.478442     
   11.0260677658225        532.409017642049        748654523.657262     
   11.1499561676857        534.751409353668        742742225.771157     
   11.2738445695489        535.365866998485        740959190.964964     
   11.3977329714120        532.507153909497        752611411.388962     
   11.5216213732752        531.459607527429        752747418.866242     
   11.6455097751384        532.396803104478        753895759.302458     
   11.7693981770016        532.579752186464        749428834.374838     
   11.8932865788647        533.807209629638        746208663.627194     
   12.0171749807279        537.211802081815        731097871.004428     
   12.1410633825911        530.116578603667        754932872.672605     
   12.2649517844543        530.420872820586        757823416.827676     
   12.3888401863174        531.700973600675        752589630.161173     
   12.5127285881806        531.198229424171        756217830.138457     
   12.6366169900438        535.850212449434        740947460.534169     
   12.7605053919069        531.894734827024        750638571.417392     
   12.8843937937701        529.420759094803        761556783.764237     
   13.0082821956333        531.584076211406        752526364.797270     
   13.1321705974965        532.249052487613        750539208.423505     
   13.2560589993596        522.565037417684        782208649.475090     
   13.3799474012228        527.933394954715        762677933.998754     
   13.5038358030860        534.809159237246        745474434.185008     
   13.6277242049492        523.676175666037        780748097.457735     
   13.7516126068123        531.587036248025        750915383.045184     
   13.8755010086755        530.341819742657        753397862.294327     
   13.9993894105387        536.895302874961        737291534.196611     
   14.1232778124019        534.837087314397        743556676.074199     
   14.2471662142650        527.941255992004        764819579.333978     
   14.3710546161282        532.832755413047        748963682.848984     
   14.4949430179914        530.838531813787        755480516.280570     
   14.6188314198546        532.826721450272        751330731.239127     
   14.7427198217177        543.752159336383        714968119.938996     
   14.8666082235809        531.476876581997        753062102.917391     
   14.9904966254441        527.995400434359        765713291.118937     
   15.1143850273073        533.304569810040        747782605.385394     
   15.2382734291704        520.902408487519        789229473.044149     
   15.3621618310336        529.579055047762        756854617.415253     
   15.4860502328968        527.151388819333        762922409.362891     
   15.6099386347600        537.219513730013        734137144.195951     
   15.7338270366231        530.159310696432        757309246.393173     
   15.8577154384863        532.773883304954        750126790.497815     
   15.9816038403495        530.158070854240        760071409.611248     
   16.1054922422127        530.483626684722        756615228.849214     
   16.2293806440758        524.922536225596        775933006.270058     
   16.3532690459390        529.414778307686        758195315.153899     
   16.4771574478022        528.179222990005        762712319.065003     
   16.6010458496654        530.881852872163        750593642.797546     
   16.7249342515285        533.602182324398        746804103.906176     
   16.8488226533917        534.628779643542        742461641.447693     
   16.9727110552549        528.642764892920        764734752.794758     
   17.0965994571180        527.854508722369        764108108.463683     
   17.2204878589812        523.786188438654        779236219.587192     
   17.3443762608444        541.388798213529        722277121.841317     
   17.4682646627076        530.944222841432        753549095.964329     
   17.5921530645707        536.529154113765        736922781.073993     
   17.7160414664339        519.872953879364        786456955.848563     
   17.8399298682971        525.877516480155        771943694.901289     
   17.9638182701603        536.256365002359        740269472.531165     
   18.0877066720234        539.845212147556        727228583.937928     
   18.2115950738866        529.957783613924        758046254.044791     
   18.3354834757498        528.092023046079        765575783.229319     
   18.4593718776130        523.616533735599        777312619.010925     
   18.5832602794761        531.298639522719        753011770.783745     
   18.7071486813393        532.105043809247        750796452.953929     
   18.8310370832025        531.915629025027        752790276.052453     
   18.9549254850657        530.419699591213        758118870.495217     
   19.0788138869288        533.870725672214        745795385.422827     
   19.2027022887920        528.927017135733        761035136.372365     
   19.3265906906552        532.718702130913        748487586.993031     
   19.4504790925184        532.201828272361        749788337.290096     
   19.5743674943815        533.646206661715        744501498.797255     
   19.6982558962447        522.030260792032        781704707.357816     
   19.8221442981079        526.022102877643        772482719.915343     
   19.9460326999711        529.507005462694        761232051.487181     
   20.0699211018342        525.557596532015        770483992.644951     
   20.1938095036974        528.232307268703        763447591.776821     
   20.3176979055606        533.186094708955        747441173.446008     
   20.4415863074238        528.389704951156        764781950.161987     
   20.5654747092869        534.837594174242        745032031.466298     
   20.6893631111501        530.433068909339        756901260.271119     
   20.8132515130133        530.849569587809        753686836.188028     
   20.9371399148765        526.946185649017        769127786.803599     
   21.0610283167396        529.811258077883        758474827.359172     
   21.1849167186028        522.042998893223        780706742.547373     
   21.3088051204660        539.407751541308        727914669.326172     
   21.4326935223291        522.878610730594        780307477.193331     
   21.5565819241923        534.193541381361        745233840.289429     
   21.6804703260555        527.567518350305        767738788.149258     
   21.8043587279187        532.825363582555        749974295.561725     
   21.9282471297818        534.088489380568        748003182.613008     
   22.0521355316450        532.076465092494        751701989.280087     
   22.1760239335082        531.002364822681        755608873.433158     
   22.2999123353714        528.458971731930        764199696.053478     
   22.4238007372345        534.804958409970        740872205.696509     
   22.5476891390977        523.871275839601        779663751.834246     
   22.6715775409609        525.551083888483        768601088.027201     
   22.7954659428241        531.459204289604        750266853.005134     
   22.9193543446872        526.317908146793        773002351.694500     
   23.0432427465504        530.628255915791        757272679.666010     
   23.1671311484136        523.718484330714        779479840.553985     
   23.2910195502768        533.330342113537        747459121.685126     
   23.4149079521399        532.735179411672        751248503.324535     
   23.5387963540031        532.112602116797        754761860.304559     
   23.6626847558663        524.923235276213        774000291.665701     
   23.7865731577295        530.022446353209        758480769.521357     
   23.9104615595926        526.060211176712        772228186.115396     
   24.0343499614558        533.398630419951        746107201.218797     
   24.1582383633190        533.255326771903        747181063.622594     
   24.2821267651822        528.483693754035        763712567.425780     
   24.4060151670453        533.079926966090        749122320.030633     
   24.5299035689085        531.020430565941        755858524.078913     
   24.6537919707717        531.312101681607        754613579.970997     
   24.7776803726349        526.917485290749        763911560.392751     
   24.9015687744980        532.832223758038        749952079.397683     
   25.0254571763612        524.720955592306        778098960.092438     
   25.1493455782244        527.670599578909        761794946.040810     
   25.2732339800876        533.801862052749        744027067.585981     
   25.3971223819507        530.500216245040        758395640.451132     
   25.5210107838139        536.224811859486        736192219.440928     
   25.6448991856771        527.883537457792        764730914.323911     
   25.7687875875402        534.427555205872        744928410.333119     
   25.8926759894034        538.913233924345        728737005.786564     
   26.0165643912666        534.500148239842        744340028.413753     
   26.1404527931298        533.323320169328        745367521.263817     
   26.2643411949929        530.374915441007        754300797.271095     
   26.3882295968561        529.205482207088        760613484.654628     
   26.5121179987193        533.253480089698        748336897.005599     
   26.6360064005825        532.066507463299        751911285.315928     
   26.7598948024456        524.312010195641        777493376.907225     
   26.8837832043088        526.815394396689        766842037.821373     
   27.0076716061720        532.947966769588        745402036.886958     
   27.1315600080352        524.982897363958        774538316.713714     
   27.2554484098983        529.809579621369        756354612.861962     
   27.3793368117615        530.864193801844        753457364.030795     
   27.5032252136247        528.859609622007        764343032.657816     
   27.6271136154879        532.591411806363        747406307.586733     
   27.7510020173510        533.560573823699        746251880.541604     
   27.8748904192142        531.370188789755        755100424.809498     
   27.9987788210774        530.676442516691        758681750.861308     
   28.1226672229406        532.213031193098        751408338.903509     
   28.2465556248037        528.142553895457        763971709.372816     
   28.3704440266669        526.919374426639        765520123.353996     
   28.4943324285301        531.486744698028        751680206.171009     
   28.6182208303933        526.545676729007        769541813.456336     
   28.7421092322564        535.301402158241        741871252.999444     
   28.8659976341196        531.783987938845        753644709.342907     
   28.9898860359828        533.167344364114        748068344.380626     
   29.1137744378460        532.209673454231        751025771.398125     
   29.2376628397091        531.370514160877        755109598.409418     
   29.3615512415723        530.905749076386        755840101.383265     
   29.4854396434355        537.355634568233        733637316.160644     
   29.6093280452987        527.111444085857        767943021.005847     
   29.7332164471618        526.522438757254        773325850.557096     
   29.8571048490250        527.658876585316        763357458.138103     
   29.9809932508882        532.547519411202        751006458.583530     
   30.1048816527513        528.601143182796        763183942.691663     
   30.2287700546145        530.221822888136        758532465.230160     
   30.3526584564777        529.047781179698        762579883.771815     
   30.4765468583409        524.802097528028        779515929.571806     
   30.6004352602040        529.245088558415        762006305.348532     
   30.7243236620672        531.053161371340        756245126.014484     
   30.8482120639304        530.891953049411        754636204.863447     
   30.9721004657936        533.972569624442        746144901.073159     
   31.0959888676567        533.781506578859        742657717.690136     
   31.2198772695199        523.995530095709        774912956.288533     
   31.3437656713831        531.897850096704        752137881.820455     
   31.4676540732463        532.239171841448        754553908.644904     
   31.5915424751094        529.623638936723        759211945.057956     
   31.7154308769726        538.118850331739        730538454.544383     
   31.8393192788358        535.767556013827        738126108.303511     
   31.9632076806990        537.064912386331        734333043.390976     
   32.0870960825621        529.091001164519        759231805.881138     
   32.2109844844253        533.782710594321        750037711.143551     
   32.3348728862885        533.015034738391        750017730.342468     
   32.4587612881517        526.134854678199        768870626.972896     
   32.5826496900148        530.768187377812        754906162.223934     
   32.7065380918780        529.563543000558        761160156.228387     
   32.8304264937412        533.778192208499        745418773.762713     
   32.9543148956044        532.784312046895        745517837.699727     
   33.0782032974675        528.461568052716        763409213.874639     
   33.2020916993307        532.526295893422        749269500.263953     
   33.3259801011939        520.690448001014        789010702.730079     
   33.4498685030571        527.313720428119        768945288.278055     
   33.5737569049202        535.225158954806        744374855.331468     
   33.6976453067834        531.648446246056        755269388.709543     
   33.8215337086466        531.724548791506        751053010.463666     
   33.9454221105098        535.564265462147        738367656.322808     
   34.0693105123729        530.957501244760        754203844.798137     
   34.1931989142361        532.821849502883        748807822.344826     
   34.3170873160993        527.752667715540        763886488.895909     
   34.4409757179624        535.315684718092        738776777.784319     
   34.5648641198256        535.731852530391        739874650.930707     
   34.6887525216888        526.548132091229        769779233.167336     
   34.8126409235520        531.943240659460        750564073.193540     
   34.9365293254151        533.907217874283        745464205.962503     
   35.0604177272783        529.221959225537        758352786.271879     
   35.1843061291415        534.314321461428        747648822.555464     
   35.3081945310047        523.508026425529        779650142.918705     
   35.4320829328678        528.878943930625        759362900.688913     
   35.5559713347310        530.561146832189        758544221.099335     
   35.6798597365942        523.779974736026        779732015.712579     
   35.8037481384574        530.434067770839        757426037.992137     
   35.9276365403205        532.035503690684        753486389.327234     
   36.0515249421837        532.608872950506        750813082.776120     
   36.1754133440469        539.242679444627        726924921.461396     
   36.2993017459101        528.619421224099        763057366.319710     
   36.4231901477732        530.325785759938        756804318.096674     
   36.5470785496364        536.067307599620        739621925.394360     
   36.6709669514996        533.053250366208        747007262.303146     
   36.7948553533628        523.501347763207        781093895.861688     
   36.9187437552259        527.908698270777        763423418.861954     
   37.0426321570891        532.970796075096        750269545.424237     
   37.1665205589523        531.710292970545        751929983.994895     
   37.2904089608155        532.404385130514        750789603.013462     
   37.4142973626786        525.173915474006        772346338.912623     
   37.5381857645418        532.917939328654        747872119.016573     
   37.6620741664050        527.234193859673        767986861.979412     
   37.7859625682682        533.551699000019        748012158.960962     
   37.9098509701313        536.275902506494        735119591.188244     
   38.0337393719945        526.738057476344        766860272.370784     
   38.1576277738577        531.303423041659        752796144.483923     
   38.2815161757209        534.343026684490        744207536.623976     
   38.4054045775840        532.416874180559        749911271.174904     
   38.5292929794472        527.206042417452        768969042.449888     
   38.6531813813104        525.372442180997        774287931.604844     
   38.7770697831735        528.001320365635        764578046.395705     
   38.9009581850367        530.516780289151        756818494.882893     
   39.0248465868999        524.832802941788        773547782.504213     
   39.1487349887631        529.712590334701        760590909.480502     
   39.2726233906262        533.969873951042        746159455.111335     
   39.3965117924894        534.680227271237        740081674.448118     
   39.5204001943526        533.238661045417        748542132.298441     
   39.6442885962158        522.574979611782        783401141.666876     
   39.7681769980789        529.693907541684        758475643.689888     
   39.8920653999421        530.254858089741        758663414.299305     
   40.0159538018053        528.552488661742        758119544.841493     
   40.1398422036685        534.149758007526        745660397.434944     
   40.2637306055316        525.841241345907        772712598.690014     
   40.3876190073948        526.175039300837        773296901.527229     
   40.5115074092580        534.325156579317        744552562.707296     
   40.6353958111212        532.449581959577        748277389.715655     
   40.7592842129843        529.255288863400        763140822.503408     
   40.8831726148475        533.245260484779        748376200.787115     
   41.0070610167107        529.943330514531        761061589.931994     
   41.1309494185739        526.342199742792        770063073.973609     
   41.2548378204370        524.583570956268        776351138.039215     
   41.3787262223002        534.857660371803        741183137.568902     
   41.5026146241634        529.030863177841        759156698.805241     
   41.6265030260266        531.854665553042        752668892.350988     
   41.7503914278897        529.690456656121        760677820.089605     
   41.8742798297529        532.067960988113        755096117.900895     
   41.9981682316161        532.295339369711        749606113.255543     
   42.1220566334793        532.290094323173        751139659.365350     
   42.2459450353424        530.297295515510        758746488.404919     
   42.3698334372056        531.481356953160        754154126.188569     
   42.4937218390688        530.382778537190        757965817.582693     
   42.6176102409319        526.432681210153        769961557.830833     
   42.7414986427951        528.966246666317        761460931.737452     
   42.8653870446583        527.093648400614        764167851.122801     
   42.9892754465215        521.823953752304        789340748.716667     
   43.1131638483847        528.855284221647        758213115.072568     
   43.2370522502478        531.190120365568        754557032.693926     
   43.3609406521110        522.955819413454        781096640.946558     
   43.4848290539742        533.622116838004        748077128.493497     
   43.6087174558373        533.884769982395        743025129.327252     
   43.7326058577005        530.640281515312        754877377.633829     
   43.8564942595637        527.817331028747        769670364.797398     
   43.9803826614269        532.041180160348        749505840.684715     
   44.1042710632900        524.583183420275        779494820.314716     
   44.2281594651532        524.579432688472        776564109.272881     
   44.3520478670164        529.580259062794        761050790.426195     
   44.4759362688796        530.413506075229        754012274.529951     
   44.5998246707427        523.836880834498        778621201.858767     
   44.7237130726059        529.455672792104        757496302.571870     
   44.8476014744691        526.965210230397        770397144.020855     
   44.9714898763323        538.233353581794        731406353.282951     
   45.0953782781954        527.134222336137        768602921.975189     
   45.2192666800586        533.392096136542        749240190.062796     
   45.3431550819218        534.095654514694        744749404.076661     
   45.4670434837850        529.881298542366        758055682.250936     
   45.5909318856481        525.909827020943        771280400.292401     
   45.7148202875113        531.163725780627        756486309.037762     
   45.8387086893745        524.921697292233        775127674.020998     
   45.9625970912377        520.260578524796        789832993.861565     
   46.0864854931008        537.860388280787        730358509.389757     
   46.2103738949640        535.682368539562        736652430.259008     
   46.3342622968272        533.255310841254        748106053.517486     
   46.4581506986904        532.773772175855        751042510.838264     
   46.5820391005535        535.084508631621        743646545.804128     
   46.7059275024167        527.120623747591        769475897.805077     
   46.8298159042799        531.112348080531        752618025.572879     
   46.9537043061430        533.876145878033        748525117.395305     
   47.0775927080062        536.090385668840        736777453.323827     
   47.2014811098694        532.402855201389        751985888.989069     
   47.3253695117326        529.831167868402        755204361.559513     
   47.4492579135958        524.623403614144        780881679.981086     
   47.5731463154589        534.470370707048        743426344.346988     
   47.6970347173221        530.339151028828        757587740.869369     
   47.8209231191853        533.090142106391        748230906.149049     
   47.9448115210484        535.555332410480        742036082.348613     
   48.0686999229116        535.012690097678        741079595.096625     
   48.1925883247748        535.043538771549        739550001.205218     
   48.3164767266380        530.107520948940        757954715.147111     
   48.4403651285011        534.161831529239        742240688.727135     
   48.5642535303643        528.106900760022        764502590.758513     
   48.6881419322275        536.113283667010        740007566.801400     
   48.8120303340907        524.325635407207        774837442.765427     
   48.9359187359538        527.408163325015        766165020.843501     
   49.0598071378170        525.429717537502        773238692.121485     
   49.1836955396802        524.983285272127        773385958.831615     
   49.3075839415434        534.743751910102        742413868.788224     
   49.4314723434065        539.179411001172        725790495.659930     
   49.5553607452697        535.047094295917        740930822.019087     
   49.6792491471329        530.683081273217        757797665.232814     
   49.8031375489961        522.589869503446        779947890.003974     
   49.9270259508592        528.904526143594        762294871.672705     
   50.0509143527224        529.617406974752        758430448.336016     
   50.1748027545856        528.925948203144        758580634.719450     
   50.2986911564488        525.414273078842        773543893.866735     
   50.4225795583119        529.812284536629        758491791.882302     
   50.5464679601751        533.837913322635        744230688.824498     
   50.6703563620383        533.162957075339        747736014.103926     
   50.7942447639015        537.124888750773        734392125.482391     
   50.9181331657646        529.795878624413        758797613.787382     
   51.0420215676278        531.998551087160        752980763.602806     
   51.1659099694910        532.776293952052        747726576.050703     
   51.2897983713541        537.719480972746        732070326.742600     
   51.4136867732173        532.897661250208        751068641.644013     
   51.5375751750805        536.782108429471        736440754.687560     
   51.6614635769437        533.727954388205        746191256.483391     
   51.7853519788069        528.503557389108        765475653.993677     
   51.9092403806700        534.348473229921        743989868.175923     
   52.0331287825332        533.128745268701        749660906.618396     
   52.1570171843964        528.081517723040        766913484.456527     
   52.2809055862595        531.090902206815        753613209.044213     
   52.4047939881227        527.312130682159        765087705.743735     
   52.5286823899859        524.659533488626        775415245.993132     
   52.6525707918491        518.542117215675        796587851.660216     
   52.7764591937122        529.845209416353        757975708.166615     
   52.9003475955754        530.492438983073        756606676.651803     
   53.0242359974386        530.529018156466        759937274.773385     
   53.1481243993018        533.184389934435        747258215.225392     
   53.2720128011649        533.743530955381        743342654.013773     
   53.3959012030281        534.122956658924        746469566.544822     
   53.5197896048913        526.284352488656        772219893.516944     
   53.6436780067545        536.271392877315        737595425.949646     
   53.7675664086176        531.283115302454        753157440.066230     
   53.8914548104808        534.366963316891        746819066.599258     
   54.0153432123440        535.423878646980        739157842.671430     
   54.1392316142072        539.832171849765        726624533.609634     
   54.2631200160703        533.875459762725        747842891.606937     
   54.3870084179335        531.049100981058        752326393.401767     
   54.5108968197967        527.480300999345        766502044.711208     
   54.6347852216599        532.106708809586        750856765.439534     
   54.7586736235230        539.559634093724        726943499.149803     
   54.8825620253862        533.848267475542        744501794.096143     
   55.0064504272494        536.435837757527        735957893.337177     
   55.1303388291126        525.740505686509        774628332.115442     
   55.2542272309757        535.784434487862        742121999.742832     
   55.3781156328389        536.718979057862        735130832.233611     
   55.5020040347021        527.255285937986        769147620.297902     
   55.6258924365652        532.863237616160        750931602.275649     
   55.7497808384284        527.465761445069        767858544.623115     
   55.8736692402916        531.799105650475        755685167.526263     
   55.9975576421548        535.521709053042        741086226.613728     
   56.1214460440180        529.077900834953        762114339.509310     
   56.2453344458811        530.097133972481        759066644.474570     
   56.3692228477443        535.200795777912        739897723.793091     
   56.4931112496075        535.478746457003        740517307.840602     
   56.6169996514706        537.253406250862        731798713.852620     
   56.7408880533338        523.523525506933        778928627.302141     
   56.8647764551970        523.998699606461        775429823.247489     
   56.9886648570602        529.485759397273        760337690.772496     
   57.1125532589233        534.325704869378        745631845.453864     
   57.2364416607865        530.500317799397        757350018.670122     
   57.3603300626497        531.465377157519        754398339.614727     
   57.4842184645129        529.913224788327        759568516.048888     
   57.6081068663760        533.781627384569        744381038.168396     
   57.7319952682392        530.628137577369        757655883.472465     
   57.8558836701024        528.129807469856        760493016.848997     
   57.9797720719656        538.371227206579        730751247.248548     
   58.1036604738287        530.699151112316        755689428.434259     
   58.2275488756919        532.129055705406        752948239.509414     
   58.3514372775551        531.157410415080        754908681.489271     
   58.4753256794183        528.064088128478        766219194.371024     
   58.5992140812814        536.523539708641        736297620.634942     
   58.7231024831446        531.421145912490        756081029.268965     
   58.8469908850078        530.167324004805        758779680.557546     
   58.9708792868710        532.417413314436        746512318.413614     
   59.0947676887341        536.673769105140        736534014.717335     
   59.2186560905973        533.056689260628        750062233.639018     
   59.3425444924605        536.060663506898        739643821.214867     
   59.4664328943236        533.690926143505        744964034.181482     
   59.5903212961868        529.296908970409        757124633.186222     
   59.7142096980500        527.063039128351        768924085.484143     
   59.8380980999132        526.864569444847        767542067.475433     
   59.9619865017763        535.865263763151        737856024.279550     
   60.0858749036395        530.441649004890        757727827.722361     
   60.2097633055027        530.183548634462        759522430.549125     
   60.3336517073659        530.467072791746        755885269.399127     
   60.4575401092291        535.361205500920        739746030.446226     
   60.5814285110922        525.528483582123        773104801.026609     
   60.7053169129554        537.159569299483        735274156.003137     
   60.8292053148186        533.769840375308        748217036.422625     
   60.9530937166817        532.060536394925        748949364.949311     
   61.0769821185449        525.988105516527        771029049.659991     
   61.2008705204081        526.142874934235        772027108.146082     
   61.3247589222713        533.912122511596        745339959.786499     
   61.4486473241344        530.998616684824        755326278.472973     
   61.5725357259976        532.023267074086        750340535.771981     
   61.6964241278608        531.409942159941        753406921.065326     
   61.8203125297240        531.249761171134        753444001.520894     
   61.9442009315871        539.450967154001        727300634.364837     
   62.0680893334503        525.472174521453        773428343.808847     
   62.1919777353135        535.172839895829        740364477.731361     
   62.3158661371767        530.629593205779        754953986.057924     
   62.4397545390398        534.093211562287        742904317.514776     
   62.5636429409030        534.296153463905        741369261.595654     
   62.6875313427662        529.189856658913        760594844.731953     
   62.8114197446294        532.970823279013        749105292.381797     
   62.9353081464925        530.752152602384        756971899.007416     
   63.0591965483557        529.393166198055        758611058.411918     
   63.1830849502189        522.655535625100        786997099.349436     
   63.3069733520821        533.422692466482        746865355.624427     
   63.4308617539452        525.868528993723        773991657.993844     
   63.5547501558084        520.948523875939        787050681.999105     
   63.6786385576716        533.508874494721        745673254.145784     
   63.8025269595347        527.995552787858        762905819.053670     
   63.9264153613979        536.320469685287        733825968.388108     
   64.0503037632611        534.517127014782        743484085.914610     
   64.1741921651243        534.513297565064        747708918.105606     
   64.2980805669874        529.429908415895        761250875.152320     
   64.4219689688506        534.855896593279        741535474.552342     
   64.5458573707138        531.695350587306        752443324.295705     
   64.6697457725770        527.281182061031        767822807.884843     
   64.7936341744401        536.674921603691        736899600.365649     
   64.9175225763033        527.551073291251        769234592.673283     
   65.0414109781665        536.416698163268        737504775.009412     
   65.1652993800297        523.823602786832        778224793.279961     
   65.2891877818928        534.204789191666        743082901.016824     
   65.4130761837560        535.559406070323        739720139.286744     
   65.5369645856192        526.237831006300        769404397.466470     
   65.6608529874824        527.710787368319        766188328.882262     
   65.7847413893455        531.032090305862        753670410.188080     
   65.9086297912087        536.982097237354        735682285.382363     
   66.0325181930719        532.744363026961        746907889.604399     
   66.1564065949351        540.150703891859        724623923.660438     
   66.2802949967982        531.315633316098        757375270.720925     
   66.4041833986614        528.825828614510        763088404.441703     
   66.5280718005246        527.767687720199        765485738.172320     
   66.6519602023878        533.392639544858        747127047.267124     
   66.7758486042509        534.309351668330        741851222.387924     
   66.8997370061141        519.736209898274        791827284.290412     
   67.0236254079773        528.242053187324        764253331.501476     
   67.1475138098405        532.976184788145        745734995.312433     
   67.2714022117036        534.755348872964        741988703.326740     
   67.3952906135668        533.619644541277        744910866.530700     
   67.5191790154300        535.771714986240        742318689.156414     
   67.6430674172932        534.515256651651        744377232.233197     
   67.7669558191563        534.970970838213        743190786.369346     
   67.8908442210195        532.566406852815        750035414.074655     
   68.0147326228827        528.986621801747        762747624.200223     
   68.1386210247458        536.473056201745        739314678.680938     
   68.2625094266090        530.279198557609        754671671.924347     
   68.3863978284722        528.300757342007        765740484.564165     
   68.5102862303354        529.168742793366        760843609.148530     
   68.6341746321985        530.643148832848        757570927.251674     
   68.7580630340617        529.673364319556        759387902.458002     
   68.8819514359249        523.819568450265        777084085.071777     
   69.0058398377881        524.998838399059        776578158.352209     
   69.1297282396512        532.769801338055        745181133.965457     
   69.2536166415144        541.765523402891        718554938.161458     
   69.3775050433776        527.109450115760        769756499.039491     
   69.5013934452408        532.102723616987        752041583.608976     
   69.6252818471039        535.786313783244        739263294.242479     
   69.7491702489671        526.333472397410        771283469.047383     
   69.8730586508303        532.445474395542        750833895.145540     
   69.9969470526935        533.215910633733        745346728.534892     
   70.1208354545566        524.142269086300        780141269.971842     
   70.2447238564198        521.948627074911        785061781.107295     
   70.3686122582830        532.373065285767        746197261.602191     
   70.4925006601462        530.737064534823        757109603.412662     
   70.6163890620093        532.158124199627        752561468.485586     
   70.7402774638725        537.690350688143        732179335.515717     
   70.8641658657357        531.002327251366        755426568.668470     
   70.9880542675989        529.287758946914        760753902.945348     
   71.1119426694620        533.510403247106        747524348.035715     
   71.2358310713252        532.845728581705        748322989.357359     
   71.3597194731884        524.965389296671        772844067.926879     
   71.4836078750516        527.120054458406        766969218.348509     
   71.6074962769147        534.156749125126        743956666.125284     
   71.7313846787779        522.280354964970        786936103.243328     
   71.8552730806411        529.149132609870        760490038.382971     
   71.9791614825043        530.529147174156        756630007.215683     
   72.1030498843674        532.062935060594        753367841.711950     
   72.2269382862306        530.897394691170        754767359.485458     
   72.3508266880938        524.585256309132        775263253.393939     
   72.4747150899569        519.252047739912        795940088.019519     
   72.5986034918201        530.236898891939        759572100.003987     
   72.7224918936833        530.418500025260        758459357.261197     
   72.8463802955465        529.668087332086        756537752.270616     
   72.9702686974096        536.812988209749        738036383.678169     
   73.0941570992728        526.718005670939        769649846.865498     
   73.2180455011360        529.071022076976        760880321.184365     
   73.3419339029992        530.598999016388        757136813.625862     
   73.4658223048623        533.485758640772        750100298.723468     
   73.5897107067255        530.676699503773        755798894.629544     
   73.7135991085887        526.618994320196        768692032.361101     
   73.8374875104519        533.621742469068        748871200.891864     
   73.9613759123150        529.806805868250        758715007.742106     
   74.0852643141782        528.488625832630        761345746.389827     
   74.2091527160414        530.063571802793        756652665.106444     
   74.3330411179046        536.652929759205        739094637.368237     
   74.4569295197677        526.873080446240        769281506.563222     
   74.5808179216309        536.772908920878        735150881.862539     
   74.7047063234941        531.757608376613        752634242.232553     
   74.8285947253573        535.920476401064        737953285.543060     
   74.9524831272204        532.331357883261        752001319.508923     
   75.0763715290836        525.863922666271        773746266.583069     
   75.2002599309468        535.094294047364        742048697.003850     
   75.3241483328100        534.356179446772        743865932.301983     
   75.4480367346731        532.356037367780        750667161.510090     
   75.5719251365363        527.957647105259        763512892.949624     
   75.6958135383995        527.317081831538        765255634.248682     
   75.8197019402627        532.463724049536        748954261.022515     
   75.9435903421258        539.841096258197        727551425.893622     
   76.0674787439890        533.474567627474        744822425.759107     
   76.1913671458522        527.468955033931        765686625.849653     
   76.3152555477154        534.365551095603        742259207.166561     
   76.4391439495785        525.266019463313        773606444.287155     
   76.5630323514417        533.143865922446        749206726.525443     
   76.6869207533049        527.641709759441        765338011.014076     
   76.8108091551680        526.763803620820        769075019.142005     
   76.9346975570312        527.588535874641        765907426.704459     
   77.0585859588944        530.766376008240        759105920.017056     
   77.1824743607576        536.201727931400        737176489.515335     
   77.3063627626207        536.563914270385        735569820.796175     
   77.4302511644839        533.392133235231        747126095.763337     
   77.5541395663471        530.282732830340        755870109.948519     
   77.6780279682103        524.269275165936        775866691.653561     
   77.8019163700734        538.820472647195        728649338.152788     
   77.9258047719366        534.053177565350        744518799.554598     
   78.0496931737998        536.786069284986        736362227.422118     
   78.1735815756630        535.026283396701        739953004.817094     
   78.2974699775261        528.210295839742        762388682.906598     
   78.4213583793893        533.047902208129        748438797.712423     
   78.5452467812525        531.950940705096        750060513.033426     
   78.6691351831157        524.959474203653        775468440.338574     
   78.7930235849788        537.430081939014        733468817.960565     
   78.9169119868420        531.910249991337        750330705.928286     
   79.0408003887052        536.838447073882        736919674.049630     
   79.1646887905684        535.725020209110        740606402.737775     
   79.2885771924315        532.314757571309        750031035.655962     
   79.4124655942947        527.591925157675        768265071.345703     
   79.5363539961579        536.316702693423        737024765.575359     
   79.6602423980211        532.227799172223        749115157.757857     
   79.7841307998842        533.889047955386        745437932.272159     
   79.9080192017474        530.147857142023        759082557.330877     
   80.0319076036106        532.124010907924        752379325.009104     
   80.1557960054738        533.676252901000        747526655.972408     
   80.2796844073369        527.265328517638        767319278.820692     
   80.4035728092001        530.916483925278        755471366.849883     
   80.5274612110633        526.793420180312        766725930.242757     
   80.6513496129264        534.540481688840        744220618.336929     
   80.7752380147896        524.057838111370        778367297.817473     
   80.8991264166528        526.836499033301        766236499.456477     
   81.0230148185160        532.182605110121        750636795.477224     
   81.1469032203791        532.202969076584        749382317.414513     
   81.2707916222423        528.608600233832        764144209.530926     
   81.3946800241055        533.297411570560        746843368.625965     
   81.5185684259687        533.155158544583        748516169.403546     
   81.6424568278319        533.416933437324        746068844.983884     
   81.7663452296950        528.993714566411        762853431.919200     
   81.8902336315582        534.076676129436        745018027.241783     
   82.0141220334214        526.694528509860        767810685.043396     
   82.1380104352845        526.763750762891        766202437.835338     
   82.2618988371477        530.784790596908        753717128.664152     
   82.3857872390109        533.487371005043        746468128.621664     
   82.5096756408741        533.851491700342        746658016.628640     
   82.6335640427372        529.125352870274        761281772.027172     
   82.7574524446004        535.363764870975        738071582.750025     
   82.8813408464636        529.296054149331        759247105.394948     
   83.0052292483268        527.418765311129        768804763.160124     
   83.1291176501899        531.843926818620        749134437.062912     
   83.2530060520531        531.561735744732        750579880.395036     
   83.3768944539163        533.875077021211        745020775.738490     
   83.5007828557795        528.423671942058        766197060.747140     
   83.6246712576426        526.190671338287        771019767.137918     
   83.7485596595058        530.241981812339        758322340.288457     
   83.8724480613690        528.423587004640        767428940.487309     
   83.9963364632322        532.285502316733        750572325.065876     
   84.1202248650953        535.836494780936        738781520.679699     
   84.2441132669585        531.645840047903        751809931.752193     
   84.3680016688217        536.161060523126        737566235.648819     
   84.4918900706849        529.297648613603        760368181.745234     
   84.6157784725480        526.501809454104        771390721.419106     
   84.7396668744112        525.538468197755        771106598.173120     
   84.8635552762744        536.039720785708        741392792.855545     
   84.9874436781376        528.368546303670        765251487.392172     
   85.1113320800007        530.333362835507        758299973.802737     
   85.2352204818639        531.328710847620        754826460.356919     
   85.3591088837271        523.023772207701        779927879.407220     
   85.4829972855902        528.922555879315        764071099.374806     
   85.6068856874534        531.539714779771        752880002.415096     
   85.7307740893166        531.330260485255        754946425.749732     
   85.8546624911798        532.102370695035        752709559.904795     
   85.9785508930430        533.710457250087        745315633.077103     
   86.1024392949061        530.530973668620        758404837.090289     
   86.2263276967693        529.107568890331        757519629.748790     
   86.3502160986325        527.661304667209        765490708.613009     
   86.4741045004956        520.570250024904        789261664.333053     
   86.5979929023588        528.944986581425        760653587.544640     
   86.7218813042220        531.155652012079        755356725.351878     
   86.8457697060852        530.221201863759        756662885.867208     
   86.9696581079483        536.830385386821        736627266.791361     
   87.0935465098115        532.409342739199        749003731.250548     
   87.2174349116747        532.225969130749        749755642.243857     
   87.3413233135379        534.430236130630        743050624.926605     
   87.4652117154010        534.143572416282        745428728.683647     
   87.5891001172642        528.471093772138        760544055.335170     
   87.7129885191274        530.079902746563        756164744.581681     
   87.8368769209906        528.868422157483        762098220.989184     
   87.9607653228537        541.636453097352        719234688.049935     
   88.0846537247169        539.349353353515        728772434.875179     
   88.2085421265801        524.349739293795        774644550.461374     
   88.3324305284433        525.651204803670        771528382.253878     
   88.4563189303064        528.002652025429        764405010.834188     
   88.5802073321696        530.152442892436        755275984.772536     
   88.7040957340328        533.630715542578        749135827.847708     
   88.8279841358960        539.503728033517        725582424.338514     
   88.9518725377591        531.830973684030        754458885.184696     
   89.0757609396223        532.235971647710        750354232.007942     
   89.1996493414855        531.465205179697        754496026.772934     
   89.3235377433487        530.598458511756        755910097.350437     
   89.4474261452118        530.696986042200        753937140.307275     
   89.5713145470750        530.662763715163        759472411.876090     
   89.6952029489382        538.421961561608        730649917.251117     
   89.8190913508013        531.128911692900        754291204.254384     
   89.9429797526645        531.653221154514        755202637.989691     
   90.0668681545277        526.095615610295        773496739.410293     
   90.1907565563909        528.887248279359        764387579.502908     
   90.3146449582540        528.707501129144        765025885.113706     
   90.4385333601172        534.678055903066        743354480.576624     
   90.5624217619804        533.280176411497        747649329.308777     
   90.6863101638436        533.928215103509        744036940.950910     
   90.8101985657067        524.937316926676        773937383.378169     
   90.9340869675699        532.928581979235        747964164.328666     
   91.0579753694331        532.054983348891        749454247.533941     
   91.1818637712963        534.231293051446        744362502.740442     
   91.3057521731594        521.322460068278        788524993.241227     
   91.4296405750226        531.881352931515        754109901.096250     
   91.5535289768858        536.105882382168        737242115.379914     
   91.6774173787490        531.620772286288        751689899.745857     
   91.8013057806121        531.866548071343        752144616.512576     
   91.9251941824753        528.434337274441        763746560.590051     
   92.0490825843385        528.541650105121        763258269.283382     
   92.1729709862017        528.820658404738        761360184.339630     
   92.2968593880648        533.180111976890        749720113.465040     
   92.4207477899280        535.138607908865        741197729.724190     
   92.5446361917912        529.256534534554        763775613.084709     
   92.6685245936544        530.471843531351        756929355.834759     
   92.7924129955175        535.636479832597        743873394.197529     
   92.9163013973807        526.245875000044        769524585.705450     
   93.0401897992439        538.206941587534        732414699.740541     
   93.1640782011071        535.892405718390        741534364.030061     
   93.2879666029702        532.744994053657        748663197.948419     
   93.4118550048334        532.714514791729        749456948.371054     
   93.5357434066966        529.452400727148        761840595.593064     
   93.6596318085598        532.892556690278        748376933.828963     
   93.7835202104229        526.377057559253        765866197.031121     
   93.9074086122861        531.726820130021        750005850.039448     
   94.0312970141493        525.773999603356        770513881.081670     
   94.1551854160124        528.981086654530        763297678.464304     
   94.2790738178756        532.529195454060        753775945.977207     
   94.4029622197388        532.853902444066        750193582.037050     
   94.5268506216020        536.436355831942        738385951.129971     
   94.6507390234651        532.230813170876        751616294.514555     
   94.7746274253283        533.341323015035        748444240.623052     
   94.8985158271915        530.811916441218        754736849.626870     
   95.0224042290547        523.349513527709        780674204.477463     
   95.1462926309178        534.772984045040        741353132.417775     
   95.2701810327810        532.874359519538        752431497.678084     
   95.3940694346442        537.239950216054        734413166.717808     
   95.5179578365074        530.880000333919        756052477.903437     
   95.6418462383705        527.596945717447        766639427.938810     
   95.7657346402337        531.081305460897        757544452.313136     
   95.8896230420969        530.850261363776        753713780.128803     
   96.0135114439601        538.832601207834        727377291.185311     
   96.1373998458232        534.609089048944        745665357.874182     
   96.2612882476864        537.082090938627        734796325.050257     
   96.3851766495496        532.316166941850        751011322.991164     
   96.5090650514128        531.374077565574        755080335.700282     
   96.6329534532759        537.089190243338        735302283.737732     
   96.7568418551391        528.546095608389        760207239.871624     
   96.8807302570023        528.117591790889        764261406.391398     
   97.0046186588655        533.097105581143        749100650.455703     
   97.1285070607286        536.932979555691        738458463.544344     
   97.2523954625918        528.164350915185        765139084.820746     
   97.3762838644550        531.781697118364        750195183.560108     
   97.5001722663182        535.690228832237        739885087.097941     
   97.6240606681813        528.669017462218        764377000.188517     
   97.7479490700445        529.261764097349        761463562.967689     
   97.8718374719077        526.620145499812        767908488.325310     
   97.9957258737709        535.099082586739        738627975.642808     
   98.1196142756340        527.054082003468        765721855.451509     
   98.2435026774972        536.713498915543        736132393.590527     
   98.3673910793604        532.002418551732        751159659.089666     
   98.4912794812235        532.651531827950        752451466.768645     
   98.6151678830867        527.076780563158        769007220.059819     
   98.7390562849499        527.699154101961        765857394.955521     
   98.8629446868131        536.754908082007        734504806.433914     
   98.9868330886762        533.205429229964        747730006.531709     
   99.1107214905394        533.952289602887        745832543.557364     
   99.2346098924026        525.401265947913        773440773.108242     
   99.3584982942658        537.410207799696        732774268.556538     
   99.4823866961289        531.728764797419        753366326.140059     
   99.6062750979921        527.809021619177        762208587.870615     
   99.7301634998553        522.881864329207        776524817.274986     
   99.8540519017185        533.330303312431        748344768.972871     
   99.9779403035816        524.142235422157        777858427.241686     
   100.101828705445        527.296605007737        765090893.469720     
   100.225717107308        528.424544134326        763840167.376445     
   100.349605509171        531.362550099198        755955901.975670     
   100.473493911034        529.848548114659        756374147.828098     
   100.597382312898        533.896753633957        745380117.672060     
   100.721270714761        529.210486730690        758548626.142243     
   100.845159116624        542.444770668315        717556432.793796     
   100.969047518487        537.839633560988        732398395.460945     
   101.092935920350        527.722136301326        764437685.573466     
   101.216824322213        532.481555148371        752993927.734893     
   101.340712724077        535.452661209010        740785677.302586     
   101.464601125940        526.146554668287        772722811.895561     
   101.588489527803        536.381379912747        741214535.985005     
   101.712377929666        529.737087451470        760307545.421522     
   101.836266331529        535.743976716729        741422902.416362     
   101.960154733392        537.012387267933        737089668.655569     
   102.084043135256        527.058256208315        766402532.812911     
   102.207931537119        530.686582703110        758287979.159230     
   102.331819938982        533.203897587431        748871740.149053     
   102.455708340845        536.125280049581        742080637.148325     
   102.579596742708        527.966980205680        769975141.830177     
   102.703485144571        529.422220071172        759490708.851825     
   102.827373546435        539.562810576820        725637695.840018     
   102.951261948298        539.056149878608        731717786.027567     
   103.075150350161        528.867043048052        758457166.427944     
   103.199038752024        532.015480524995        751960234.827840     
   103.322927153887        527.922409713717        763567141.417946     
   103.446815555751        530.490584672901        758180983.106394     
   103.570703957614        536.940847557725        732986903.111315     
   103.694592359477        527.866015435728        765925392.093983     
   103.818480761340        535.314266771113        742582260.024825     
   103.942369163203        533.915757085411        743519209.978541     
   104.066257565066        534.212803849589        742334514.075304     
   104.190145966930        535.636310775588        739352164.775551     
   104.314034368793        537.676262083830        734926891.451625     
   104.437922770656        528.678788736875        761788055.779245     
   104.561811172519        527.476748866178        765387688.721643     
   104.685699574382        530.578311213734        754824049.180570     
   104.809587976245        533.245726517869        749918666.540813     
   104.933476378109        531.753745570823        750954123.967533     
   105.057364779972        526.816146281760        769567615.108846     
   105.181253181835        529.072995034024        759280126.361471     
   105.305141583698        529.443225151124        760862301.598991     
   105.429029985561        532.017349769214        752653119.185157     
   105.552918387424        532.193014712253        750825224.904903     
   105.676806789288        530.089538923187        755194483.542651     
   105.800695191151        530.129117408545        757590547.682506     
   105.924583593014        526.499520583425        770614044.116078     
   106.048471994877        536.822708278754        739408774.537151     
   106.172360396740        526.707933134879        767874278.135016     
   106.296248798604        530.597883603406        754013623.693536     
   106.420137200467        526.652120838961        768139623.604797     
   106.544025602330        534.103412214987        748522737.083508     
   106.667914004193        528.996154428818        762282718.562950     
   106.791802406056        535.164130200816        743442785.761950     
   106.915690807919        530.465668913531        754616585.432513     
   107.039579209783        537.055511872995        737128134.577628     
   107.163467611646        527.474159558859        765303414.019412     
   107.287356013509        523.736829528540        777621261.561205     
   107.411244415372        529.133386082057        764298992.170399     
   107.535132817235        528.684290080817        763818121.168941     
   107.659021219098        526.686103499575        771267051.883342     
   107.782909620962        531.146563305634        755118868.591784     
   107.906798022825        534.637991735979        741340236.819091     
   108.030686424688        532.873534943706        746797209.600590     
   108.154574826551        536.589723757001        737379047.894149     
   108.278463228414        534.719782713695        742397505.244530     
   108.402351630277        529.629843386272        754827527.270289     
   108.526240032141        523.578402500301        781340636.053219     
   108.650128434004        530.331198540933        756999492.871057     
   108.774016835867        530.064704950912        759863978.405562     
   108.897905237730        531.398254602567        752796778.953195     
   109.021793639593        527.291421865949        766304608.606380     
   109.145682041457        529.259777998576        761489934.693018     
   109.269570443320        539.323582348236        730499207.718223     
   109.393458845183        530.732086540912        755729329.700295     
   109.517347247046        533.092042718429        748844087.722769     
   109.641235648909        526.927355828475        768378530.081155     
   109.765124050772        531.508450130968        753511378.275633     
   109.889012452636        539.357473682035        725049717.150910     
   110.012900854499        529.247034507697        761536192.470065     
   110.136789256362        532.386040182781        753194944.394990     
   110.260677658225        533.117125054692        749389058.308152     
   110.384566060088        534.229647720493        742982430.684666     
   110.508454461951        521.331939262836        788582713.191950     
   110.632342863815        534.105630426441        743037398.573860     
   110.756231265678        528.984557402457        760490944.921884     
   110.880119667541        531.988135625972        752052799.135562     
   111.004008069404        535.376420030334        739610948.024077     
   111.127896471267        539.457190752372        729712737.275376     
   111.251784873130        530.400917200346        758370949.421478     
   111.375673274994        526.335919098691        772177632.115425     
   111.499561676857        533.765548192382        744624259.028244     
   111.623450078720        534.085804966416        741236005.496745     
   111.747338480583        533.854353506919        746671763.461519     
   111.871226882446        531.367364850531        753391390.427037     
   111.995115284310        529.656461152696        758911909.008457     
   112.119003686173        527.271408028264        772502564.648965     
   112.242892088036        531.714622820754        753076011.047570     
   112.366780489899        520.228144215820        790362516.775277     
   112.490668891762        525.669689105540        774864011.745685     
   112.614557293625        530.748008304358        753383510.385728     
   112.738445695489        530.294865248589        756976053.625920     
   112.862334097352        538.501882081095        731885116.883585     
   112.986222499215        537.059472944128        735687964.192577     
   113.110110901078        522.259871105444        783666950.845812     
   113.233999302941        524.806625685968        772722766.312392     
   113.357887704804        534.226967046930        745368136.423679     
   113.481776106668        530.843878387382        750960631.629954     
   113.605664508531        530.380283517672        758680985.195277     
   113.729552910394        525.749468416722        773729815.842868     
   113.853441312257        533.188375251718        744192998.220313     
   113.977329714120        532.845703021015        748266076.284568     
   114.101218115984        533.373205292635        747009800.237734     
   114.225106517847        532.799577373651        751434792.748696     
   114.348994919710        537.657277132054        732312291.999843     
   114.472883321573        524.961938119991        775064293.400890     
   114.596771723436        530.332751218086        754452733.819507     
   114.720660125299        528.838408609937        760995671.510457     
   114.844548527163        531.876270932518        752925425.710721     
   114.968436929026        528.811012696633        761256892.502508     
   115.092325330889        529.332203253272        759384063.942619     
   115.216213732752        531.936211252147        753139852.305160     
   115.340102134615        527.223384519269        765846092.049221     
   115.463990536478        524.036232290055        776105313.439504     
   115.587878938342        525.962383456375        771212175.676505     
   115.711767340205        532.485995328505        750114632.129422     
   115.835655742068        530.428622195714        756234400.321421     
   115.959544143931        528.392705798357        763120240.354269     
   116.083432545794        527.812622101526        763386059.576129     
   116.207320947657        531.151625751999        755490532.546353     
   116.331209349521        527.323012928973        767711607.665671     
   116.455097751384        531.949226057500        753041241.110515     
   116.578986153247        534.733836193923        741992328.474780     
   116.702874555110        536.472112323936        735871707.797215     
   116.826762956973        522.482084515856        780302381.075606     
   116.950651358837        527.941152230380        767018734.043162     
   117.074539760700        536.833406840327        736680169.733425     
   117.198428162563        528.873799141081        763435873.197227     
   117.322316564426        528.037256455890        767500120.171359     
   117.446204966289        527.908131313111        765078746.195403     
   117.570093368152        534.277565133803        745272753.538954     
   117.693981770016        532.990149427992        748317329.603426     
   117.817870171879        525.118277701293        775889302.012365     
   117.941758573742        535.709248937056        734290481.433729     
   118.065646975605        527.770070428580        764351003.549830     
   118.189535377468        530.215147634846        757768531.446320     
   118.313423779331        525.616180899004        771715340.295971     
   118.437312181195        529.691336004855        760253883.409028     
   118.561200583058        527.647799808965        765859268.523526     
   118.685088984921        526.031121547364        771396536.767557     
   118.808977386784        529.731244202853        759944974.068694     
   118.932865788647        524.441318585338        774597978.152971     
   119.056754190510        530.371931689818        757983023.005098     
   119.180642592374        522.288417664105        783186052.217894     
   119.304530994237        529.890741593492        758407507.790090     
   119.428419396100        529.685097981970        759406326.444569     
   119.552307797963        537.464516487466        734420769.418920     
   119.676196199826        529.799920381951        758102046.047273     
   119.800084601690        524.636472681093        777857526.834839     
   119.923973003553        529.802788539765        760460956.378610     
   120.047861405416        543.475023605856        712306661.311146     
   120.171749807279        528.681498218209        762317386.047242     
   120.295638209142        537.410857214017        736397417.890334     
   120.419526611005        532.532479623719        747415581.900032     
   120.543415012869        535.313740798760        739712763.879249     
   120.667303414732        538.087038771649        732485273.043427     
   120.791191816595        532.127503898531        754446415.016556     
   120.915080218458        533.962322158333        749462636.712056     
   121.038968620321        539.865302179273        729116790.694479     
   121.162857022184        528.302907314907        762494379.782792     
   121.286745424048        532.983769558891        747953455.610223     
   121.410633825911        529.073595391591        762774258.447227     
   121.534522227774        534.172351014391        743076570.843792     
   121.658410629637        530.170402083408        755581370.254867     
   121.782299031500        528.706583079552        761872419.025280     
   121.906187433363        533.663374266824        746922734.046185     
   122.030075835227        527.400901293096        768857992.163958     
   122.153964237090        530.640933273918        757006985.210559     
   122.277852638953        523.464258177945        776344774.787400     
   122.401741040816        530.394877365354        758083086.410717     
   122.525629442679        534.223261184642        744852263.613408     
   122.649517844543        530.448561698979        758365913.427929     
   122.773406246406        532.853817006381        749150713.112386     
   122.897294648269        531.621484126322        754280067.451509     
   123.021183050132        532.495328742325        748348411.368469     
   123.145071451995        529.791518356423        759241510.954754     
   123.268959853858        529.523827566995        760287689.649309     
   123.392848255722        531.876945314563        750959990.261336     
   123.516736657585        533.256272493937        748586027.803416     
   123.640625059448        527.365295705980        766411650.389616     
   123.764513461311        531.471568486822        753933080.909455     
   123.888401863174        533.128303080362        747794485.586778     
