  5.000000000000000E-002   97.9034480129082        180.951877655744     
  0.100000000000000        98.5492684396852        178.344150519390     
  0.150000000000000        97.5634038229591        182.392002603912     
  0.200000000000000        96.7171632231588        186.465382928951     
  0.250000000000000        97.3931519966140        183.623487639830     
  0.300000000000000        98.1637502532890        180.162110677420     
  0.350000000000000        97.1012312342088        184.509458246493     
  0.400000000000000        97.1545811750494        185.142197585579     
  0.450000000000000        96.8140152524846        185.482369319855     
  0.500000000000000        96.0346080039220        188.941373231526     
  0.550000000000000        97.1288815558048        184.001403599709     
  0.600000000000000        97.0536753195532        184.607349250497     
  0.650000000000000        97.3563350128720        183.881472273593     
  0.700000000000000        97.6143923308303        181.773280140718     
  0.750000000000000        97.1682456544027        184.245212406912     
  0.800000000000000        97.4560520615939        182.780067955054     
  0.850000000000000        96.6447341928948        186.805685444911     
  0.900000000000000        97.4592838262236        182.984768795179     
  0.950000000000000        98.8191788624360        176.715045114036     
   1.00000000000000        96.8581009623300        185.268024954539     
   1.05000000000000        97.4238858284885        182.915102542698     
   1.10000000000000        99.0301296194115        175.721161349105     
   1.15000000000000        97.4337148847664        182.703211553891     
   1.20000000000000        97.8729411387449        181.054204753731     
   1.25000000000000        97.2052546791960        183.484159760676     
   1.30000000000000        97.0783810061702        184.449091110018     
   1.35000000000000        96.1767425559971        187.803172681523     
   1.40000000000000        98.3422230152981        178.644559099593     
   1.45000000000000        97.4396453950760        182.747996351514     
   1.50000000000000        98.2814951633083        178.963846144188     
   1.55000000000000        96.8748773679577        186.554106765020     
   1.60000000000000        97.6349076572677        181.701316629834     
   1.65000000000000        97.0703393971286        184.424673930924     
   1.70000000000000        97.0143320941578        184.879943949250     
   1.75000000000000        98.3808314953459        179.457854773183     
   1.80000000000000        96.3783255061285        187.304943914302     
   1.85000000000000        95.7938059307371        189.462714109697     
   1.90000000000000        96.9665921203948        184.470923374622     
   1.95000000000000        96.3849161212266        187.091624948288     
   2.00000000000000        97.0985916733544        184.885636871444     
   2.05000000000000        97.2595545790074        183.912121798105     
   2.10000000000000        97.6430920213454        182.233790914700     
   2.15000000000000        97.2014463969750        183.055012527819     
   2.20000000000000        97.1688420312147        183.399815573258     
   2.25000000000000        97.4646260668075        182.698612057168     
   2.30000000000000        95.9128005339999        188.886545869184     
   2.35000000000000        96.4010323853917        187.422179281118     
   2.40000000000000        97.7301590159524        181.762738673238     
   2.45000000000000        97.4509887911178        182.894867980162     
   2.50000000000000        97.4889435601725        182.902571891638     
   2.55000000000000        96.0673816974240        189.328317365479     
   2.60000000000000        96.9834665268555        184.286106469358     
   2.65000000000000        98.0052904536637        180.038309237015     
   2.70000000000000        97.7910172025322        181.652894859913     
   2.75000000000000        96.2677303309343        187.794887919484     
   2.80000000000000        96.8001222855100        186.104524470596     
   2.85000000000000        96.8261137321744        184.708801591001     
   2.90000000000000        96.7062472808860        186.647930531018     
   2.95000000000000        96.4113369002796        187.783521693748     
   3.00000000000000        97.0871159239244        184.447954064891     
   3.05000000000000        97.7618247597866        181.738532383801     
   3.10000000000000        96.6182518470306        185.976082085575     
   3.15000000000000        96.8117898809240        185.928902770222     
   3.20000000000000        97.8235990129034        181.461923832525     
   3.25000000000000        98.5317165076203        177.895087437254     
   3.30000000000000        96.9970526391947        184.659550104212     
   3.35000000000000        97.6379666084068        182.375493452362     
   3.40000000000000        97.5874131781499        182.055733934062     
   3.45000000000000        97.4015832569778        182.945859005319     
   3.50000000000000        97.4085041649115        182.934268906654     
   3.55000000000000        96.7628531869590        185.551371303747     
   3.60000000000000        98.3514692122213        179.146209984108     
   3.65000000000000        97.7779232716742        181.434240384902     
   3.70000000000000        97.2704228227119        183.001317614908     
   3.75000000000000        98.3776309732205        178.726609629105     
   3.80000000000000        97.6089302423609        182.400681798038     
   3.85000000000000        96.2601094955256        188.020987698564     
   3.90000000000000        96.9384110076177        184.895972495386     
   3.95000000000000        97.1721121330608        183.889425306599     
   4.00000000000000        95.9249245014469        190.821004011007     
   4.05000000000000        97.6263738297253        181.948099117989     
   4.10000000000000        96.7489606346055        185.885116781186     
   4.15000000000000        97.8179972038179        181.295478086171     
   4.20000000000000        96.5915481529179        186.546142328344     
   4.25000000000000        96.3202828290081        187.965580591852     
   4.30000000000000        97.3259391573711        183.473524500067     
   4.35000000000000        95.4323415675726        191.453199083209     
   4.40000000000000        98.6728611553669        177.464513412228     
   4.45000000000000        97.4205978485913        182.559828810422     
   4.50000000000000        97.8492104253509        181.118111628656     
   4.55000000000000        97.9616443419961        180.683317583211     
   4.60000000000000        97.4385548957650        183.524718120637     
   4.65000000000000        97.2468740800132        183.557883620857     
   4.70000000000000        97.4183628234263        183.837907085389     
   4.75000000000000        97.4518389824549        182.748644916623     
   4.80000000000000        97.6764400579163        181.963404459438     
   4.85000000000000        98.2994149158382        178.278629136201     
   4.90000000000000        97.0011256491164        184.090807766982     
   4.95000000000000        97.0568056311450        184.795668593230     
   5.00000000000000        97.2910394235308        183.519406755928     
   5.05000000000000        97.1990469203669        184.404145371421     
   5.10000000000000        98.0502702326801        180.680457111030     
   5.15000000000000        97.3264939967730        183.043639978318     
   5.20000000000000        96.8738040781025        185.706052231193     
   5.25000000000000        97.2696494523392        183.503979461176     
   5.30000000000000        97.3913273057123        183.019410256088     
   5.35000000000000        95.6193390289820        190.742021359345     
   5.40000000000000        96.6016450820213        185.979445349670     
   5.45000000000000        97.8597775419801        181.784362194899     
   5.50000000000000        95.8226559317015        190.385864924258     
   5.55000000000000        97.2701910820402        183.111140650237     
   5.60000000000000        97.0423404401763        183.716494618493     
   5.65000000000000        98.2415016556780        179.788957406911     
   5.70000000000000        97.8648878422993        181.316715795464     
   5.75000000000000        96.6030835004686        186.501686775343     
   5.80000000000000        97.4981337009414        182.635217454092     
   5.85000000000000        97.1332291842146        184.224350970369     
   5.90000000000000        97.4970296019471        183.212423542128     
   5.95000000000000        99.4961743484737        174.345380220700     
   6.00000000000000        97.2500339844563        183.634619504622     
   6.05000000000000        96.6129908907823        186.719618899323     
   6.10000000000000        97.5844666500568        182.347211046929     
   6.15000000000000        95.3151099513183        192.454053155552     
   6.20000000000000        96.9027691892543        184.559426308845     
   6.25000000000000        96.4585530180147        186.039060805417     
   6.30000000000000        98.3008259989583        179.019757622064     
   6.35000000000000        97.0089447992182        184.670287842114     
   6.40000000000000        97.4873612388361        182.918841911768     
   6.45000000000000        97.0087179319723        185.343842904301     
   6.50000000000000        97.0682883798568        184.501051271689     
   6.55000000000000        96.0507159134519        189.211702216158     
   6.60000000000000        96.8727097092295        184.886356210314     
   6.65000000000000        96.6466268786709        185.987830167513     
   6.70000000000000        97.1411561036816        183.032684108970     
   6.75000000000000        97.6389240091832        182.108602908072     
   6.80000000000000        97.8267715498273        181.049690982764     
   6.85000000000000        96.7314461206698        186.481001775801     
   6.90000000000000        96.5872104205816        186.328194201424     
   6.95000000000000        95.8427861506201        190.017192650858     
   7.00000000000000        99.0637247732577        176.127684466381     
   7.05000000000000        97.1525686070252        183.753373034416     
   7.10000000000000        98.1745034831542        179.699036749503     
   7.15000000000000        95.1267395818069        191.777973270097     
   7.20000000000000        96.2254589103770        188.238906383715     
   7.25000000000000        98.1245883287538        180.515129353229     
   7.30000000000000        98.7812782473820        177.335101297716     
   7.35000000000000        96.9720692238428        184.850007574594     
   7.40000000000000        96.6306709681055        186.686087522706     
   7.45000000000000        95.8117426069314        189.548121562918     
   7.50000000000000        97.2174200348455        183.622345985379     
   7.55000000000000        97.3649764906868        183.082139480253     
   7.60000000000000        97.3303172326566        183.568334369942     
   7.65000000000000        97.0565909527621        184.867715137080     
   7.70000000000000        97.6880622706056        181.862626335676     
   7.75000000000000        96.7834588073769        185.578848219796     
   7.80000000000000        97.4772641465876        182.519121210479     
   7.85000000000000        97.3826861836984        182.836309905737     
   7.90000000000000        97.6469796151539        181.547111350592     
   7.95000000000000        95.5214852044596        190.619134789168     
   8.00000000000000        96.2519154368771        188.370347938104     
   8.05000000000000        96.8895855026159        185.626866081861     
   8.10000000000000        96.1669197204334        187.882957163333     
   8.15000000000000        96.6563402794505        186.167126833941     
   8.20000000000000        97.5627879879841        182.263952675497     
   8.25000000000000        96.6851410243976        186.492510880481     
   8.30000000000000        97.8649805878904        181.676482041850     
   8.35000000000000        97.0590372805318        184.570800195615     
   8.40000000000000        97.1352488843107        183.786961065830     
   8.45000000000000        96.4210047893593        187.552245602252     
   8.50000000000000        96.9452578723288        184.954515419579     
   8.55000000000000        95.5238160316852        190.375780505989     
   8.60000000000000        98.7012313804364        177.502403607485     
   8.65000000000000        95.6767169068930        190.278419423700     
   8.70000000000000        97.7471313290511        181.725693237453     
   8.75000000000000        96.5346967089486        187.213537495186     
   8.80000000000000        97.4967811383027        182.881655935396     
   8.85000000000000        97.7279088358489        182.400998928576     
   8.90000000000000        97.3597471358495        183.302955025289     
   8.95000000000000        97.1632074699777        184.255650934588     
   9.00000000000000        96.6978155114375        186.350527886971     
   9.05000000000000        97.8590088714821        180.662106176325     
   9.10000000000000        95.8583555065006        190.121446630987     
   9.15000000000000        96.1657280320783        187.423809807883     
   9.20000000000000        97.2468002952562        182.952996233355     
   9.25000000000000        96.3060421049318        188.497060441201     
   9.30000000000000        97.0947527440771        184.661371025024     
   9.35000000000000        95.8303976026170        190.076599761330     
   9.40000000000000        97.5891824853100        182.268329363752     
   9.45000000000000        97.4802791716704        183.192372218671     
   9.50000000000000        97.3663595154214        184.049106304360     
   9.55000000000000        96.0508438262534        188.740408667317     
   9.60000000000000        96.9839012599485        184.955964419187     
   9.65000000000000        96.2588885217709        188.308279727098     
   9.70000000000000        97.6016779303842        181.938662793793     
   9.75000000000000        97.5754561223303        182.200524748017     
   9.80000000000000        96.7023391654209        186.231741295731     
   9.85000000000000        97.5433613354681        182.673901220515     
   9.90000000000000        97.1665131531097        184.316528385684     
   9.95000000000000        97.2198833506868        184.012948061198     
   10.0000000000000        96.4157531764672        186.280265843219     
   10.0500000000000        97.4980364183125        182.876238511236     
   10.1000000000000        96.0138305393145        189.739871280166     
   10.1500000000000        96.5535585887906        185.764128236969     
   10.2000000000000        97.6754615543217        181.431421031526     
   10.2500000000000        97.0713239499365        184.935205647289     
   10.3000000000000        98.1188147112138        179.520888882292     
   10.3500000000000        96.5925221201696        186.480065762515     
   10.4000000000000        97.7899513526293        181.651213969947     
   10.4500000000000        98.6107441792530        177.702930818221     
   10.5000000000000        97.8032344799520        181.507736706295     
   10.5500000000000        97.5878976047385        181.758291418628     
   10.6000000000000        97.0483963156642        183.936675823010     
   10.6500000000000        96.8344125531485        185.476028210065     
   10.7000000000000        97.5751182150476        182.482375371858     
   10.7500000000000        97.3579250814569        183.353991981945     
   10.8000000000000        95.9390014066170        189.592199478114     
   10.8500000000000        96.3970725087763        186.994864420795     
   10.9000000000000        97.5192151606110        181.766708072843     
   10.9500000000000        96.0617608394228        188.871606379422     
   11.0000000000000        96.9449507471082        184.437499915871     
   11.0500000000000        97.1379248338666        183.731004150568     
   11.1000000000000        96.7711245304036        186.385480598967     
   11.1500000000000        97.4539724683721        182.255450616003     
   11.2000000000000        97.6313104547930        181.973942928447     
   11.2500000000000        97.2305121729185        184.131665450281     
   11.3000000000000        97.1035699641324        185.004973832549     
   11.3500000000000        97.3847361024632        183.231348214959     
   11.4000000000000        96.6399171404901        186.294933206010     
   11.4500000000000        96.4160988519567        186.672514830643     
   11.5000000000000        97.2518396596636        183.297643201826     
   11.5500000000000        96.3477193694319        187.653206235572     
   11.6000000000000        97.9498485176041        180.905724425910     
   11.6500000000000        97.3062294488432        183.776688410833     
   11.7000000000000        97.5593570359458        182.416888662445     
   11.7500000000000        97.3841217009092        183.138058912505     
   11.8000000000000        97.2305717095683        184.133902437808     
   11.8500000000000        97.1455286488952        184.312036000936     
   11.9000000000000        98.3257334911301        178.897874273100     
   11.9500000000000        96.4512439009878        187.263339792718     
   12.0000000000000        96.3434672680851        188.575945821720     
   12.0500000000000        96.5514135067078        186.145147695187     
   12.1000000000000        97.4459410052753        183.133349471748     
   12.1500000000000        96.7238301492092        186.102835855484     
   12.2000000000000        97.0203833265287        184.968570447002     
   12.2500000000000        96.8055563019193        185.955535746403     
   12.3000000000000        96.0286779510352        190.085400088727     
   12.3500000000000        96.8416597527582        185.815668323639     
   12.4000000000000        97.1725022602142        184.410801486220     
   12.4500000000000        97.1430042416231        184.018465154012     
   12.5000000000000        97.7066977526965        181.947855924591     
   12.5500000000000        97.6717368945768        181.097504285326     
   12.6000000000000        95.8810916426556        188.962962451526     
   12.6500000000000        97.3270640311351        183.409247667669     
   12.7000000000000        97.3895193377317        183.998397174598     
   12.7500000000000        96.9109271824007        185.134261987122     
   12.8000000000000        98.4653872789219        178.142215116179     
   12.8500000000000        98.0351456966446        179.992468774666     
   12.9000000000000        98.2725369301586        179.067527751513     
   12.9500000000000        96.8134647268723        185.139105060083     
   13.0000000000000        97.6719572062211        182.897119860873     
   13.0500000000000        97.5314873074018        182.892247531234     
   13.1000000000000        96.2725468451640        187.489537032162     
   13.1500000000000        97.1203575070247        184.084294408974     
   13.2000000000000        96.8999307833250        185.609334382361     
   13.2500000000000        97.6711304286243        181.770789369457     
   13.3000000000000        97.4892694977894        181.794946166499     
   13.3500000000000        96.6982905881450        186.157768360799     
   13.4000000000000        97.4420575102140        182.709791203612     
   13.4500000000000        95.2763252639233        192.400705890795     
   13.5000000000000        96.4882565764700        187.507743233631     
   13.5500000000000        97.9358974795594        181.516229269868     
   13.6000000000000        97.2814279291330        184.172867392823     
   13.6500000000000        97.2953532294752        183.144701174035     
   13.7000000000000        97.9979474403691        180.051370395719     
   13.7500000000000        97.1549982991374        183.913033907672     
   13.8000000000000        97.4961381293918        182.597210782045     
   13.8500000000000        96.5685754774419        186.274152144541     
   13.9000000000000        97.9524619510235        180.151134895386     
   13.9500000000000        98.0286126467031        180.418851882764     
   14.0000000000000        96.3481686534366        187.711101166314     
   14.0500000000000        97.3353696300521        183.025473544317     
   14.1000000000000        97.6947396408691        181.781868037059     
   14.1500000000000        96.8374275302334        184.924755631453     
   14.2000000000000        97.7692317578914        182.314588028223     
   14.2500000000000        95.7918878586689        190.118128089239     
   14.3000000000000        96.7746623365679        185.171072603067     
   14.3500000000000        97.0824730740698        184.971437122346     
   14.4000000000000        95.8416491626940        190.138092816308     
   14.4500000000000        97.0592200529515        184.698767539544     
   14.5000000000000        97.3522519880951        183.738081985512     
   14.5500000000000        97.4571675215082        183.086194671795     
   14.6000000000000        98.6710263654686        177.261053031152     
   14.6500000000000        96.7271746787950        186.071970135629     
   14.7000000000000        97.0394065300985        184.547160791575     
   14.7500000000000        98.0899944646526        180.357224617859     
   14.8000000000000        97.5384800313898        182.158143198019     
   14.8500000000000        95.7906657920721        190.470188060543     
   14.9000000000000        96.5971260644346        186.161232254986     
   14.9500000000000        97.5233924839044        182.953652781275     
   15.0000000000000        97.2927446887577        183.358551665381     
   15.0500000000000        97.4197501881869        183.080469118398     
   15.1000000000000        96.0967134752049        188.337091353494     
   15.1500000000000        97.5137207171461        182.369038996494     
   15.2000000000000        96.4737047458546        187.274030438906     
   15.2500000000000        97.6296865329584        182.403187816098     
   15.3000000000000        98.1281633157849        179.259327876515     
   15.3500000000000        96.3829213415982        186.999310925977     
   15.4000000000000        97.2182953266973        183.569765390274     
   15.4500000000000        97.7744842609472        181.475428508460     
   15.5000000000000        97.4220354438487        182.866287403042     
   15.5500000000000        96.4685535740288        187.513535701861     
   15.6000000000000        96.1330400396376        188.810549829081     
   15.6500000000000        96.6140741242082        186.442788831805     
   15.7000000000000        97.0743548510419        184.550617808909     
   15.7500000000000        96.0342964504717        188.630064052483     
   15.8000000000000        96.9272035753305        185.470523241093     
   15.8500000000000        97.7062044963738        181.951404935028     
   15.9000000000000        97.8361854749899        180.469334684515     
   15.9500000000000        97.5724066153085        182.532422114038     
   16.0000000000000        95.6211582590491        191.032811254431     
   16.0500000000000        96.9237849839752        184.954714482286     
   16.1000000000000        97.0264281322772        185.000502451539     
   16.1500000000000        96.7149273087763        184.867879576801     
   16.2000000000000        97.7391198147577        181.829709438521     
   16.2500000000000        96.2188212593450        188.426404007259     
   16.3000000000000        96.2798998572882        188.568886584422     
   16.3500000000000        97.7712143758176        181.559563313922     
   16.4000000000000        97.4280203375688        182.467864485566     
   16.4500000000000        96.8435262121473        186.092320973202     
   16.5000000000000        97.5736141856290        182.491959621200     
   16.5500000000000        96.9694245849713        185.585298935266     
   16.6000000000000        96.3104869992265        187.780315907379     
   16.6500000000000        95.9886917964786        189.313663884439     
   16.7000000000000        97.8686523156377        180.737927089179     
   16.7500000000000        96.8024606333624        185.120790157167     
   16.8000000000000        97.3191620912316        183.538734885721     
   16.8500000000000        96.9231535383694        185.491716442253     
   16.9000000000000        97.3581910485078        184.130615208184     
   16.9500000000000        97.3997969138090        182.791874471899     
   17.0000000000000        97.3988371712941        183.165830557694     
   17.0500000000000        97.0341933639931        185.020760119155     
   17.1000000000000        97.2508538061023        183.900909996622     
   17.1500000000000        97.0498351108493        184.830393097840     
   17.2000000000000        96.3270433653894        187.755561138576     
   17.2500000000000        96.7906370560469        185.682678660276     
   17.3000000000000        96.4479876332725        186.342762482623     
   17.3500000000000        95.4837349889586        192.481187791200     
   17.4000000000000        96.7703330654303        184.890696730544     
   17.4500000000000        97.1975631187953        183.999158975718     
   17.5000000000000        95.6908446090808        190.470857451041     
   17.5500000000000        97.6425716413026        182.419030673335     
   17.6000000000000        97.6906321089233        181.187097820736     
   17.6500000000000        97.0969531972176        184.077275270405     
   17.7000000000000        96.5804076185642        187.684553552761     
   17.7500000000000        97.3532906727341        182.767422948818     
   17.8000000000000        95.9886208848545        190.080252584452     
   17.8500000000000        95.9879345731608        189.365597040161     
   17.9000000000000        96.9029895008200        185.582665469672     
   17.9500000000000        97.0554576586030        183.866319389479     
   18.0000000000000        95.8520618828971        189.867220230110     
   18.0500000000000        96.8801926123898        184.715901597033     
   18.1000000000000        96.4244859214034        187.861779077251     
   18.1500000000000        98.4863391687404        178.353852714205     
   18.2000000000000        96.4554118821576        187.424257017136     
   18.2500000000000        97.6004822823484        182.702643894490     
   18.3000000000000        97.7292199174179        181.607563193117     
   18.3500000000000        96.9580739285891        184.852306647992     
   18.4000000000000        96.2313711171506        188.077161618375     
   18.4500000000000        97.1927334180208        184.469614102788     
   18.5000000000000        96.0505624048015        189.015321491968     
   18.5500000000000        95.1976674275938        192.601222048051     
   18.6000000000000        98.4180937006943        178.098335388500     
   18.6500000000000        98.0195580292740        179.633111550439     
   18.7000000000000        97.5754532073284        182.426084056786     
   18.7500000000000        97.4873409043510        183.142140834445     
   18.8000000000000        97.9101611788614        181.338630579911     
   18.8500000000000        96.4529236023161        187.637132666751     
   18.9000000000000        97.1833322882623        183.526330993124     
   18.9500000000000        97.6890540638958        182.528273020290     
   19.0000000000000        98.0942173069152        179.663598495471     
   19.0500000000000        97.4194702406182        183.372184129814     
   19.1000000000000        96.9489009805993        184.157010485528     
   19.1500000000000        95.9959804058290        190.418439098092     
   19.2000000000000        97.7977857648641        181.284934330107     
   19.2500000000000        97.0418521169360        184.738198877568     
   19.3000000000000        97.5452305094344        182.456529441572     
   19.3500000000000        97.9963128639341        180.945918155884     
   19.4000000000000        97.8970197701297        180.712678198781     
   19.4500000000000        97.9026644834079        180.339685863678     
   19.5000000000000        96.9994682727210        184.827685762647     
   19.5500000000000        97.7413290367363        180.995811536951     
   19.6000000000000        96.6333933032632        186.424388932021     
   19.6500000000000        98.0984071996429        180.451263492970     
   19.7000000000000        95.9414945579584        188.944548436229     
   19.7500000000000        96.5055378079542        186.829773448022     
   19.8000000000000        96.1435203269502        188.554692187925     
   19.8500000000000        96.0618318191478        188.590603258441     
   19.9000000000000        97.8478092606345        181.038041592747     
   19.9500000000000        98.6594494586507        176.984422658170     
   20.0000000000000        97.9033150758999        180.676399799722     
   20.0500000000000        97.1047847287369        184.789389052265     
   20.1000000000000        95.6238828224953        190.190733884299     
   20.1500000000000        96.7793433889153        185.886035384916     
   20.2000000000000        96.9097868533662        184.943693569695     
   20.2500000000000        96.7832632132971        184.980316604196     
   20.3000000000000        96.1406942884230        188.629115806036     
   20.3500000000000        96.9454456945133        184.958652228134     
   20.4000000000000        97.6820582424864        181.481074185646     
   20.4500000000000        97.5585542465841        182.335849736605     
   20.5000000000000        98.2835114499115        179.081934952904     
   20.5500000000000        96.9424437284997        185.033227072570     
   20.6000000000000        97.3454903732312        183.614784866779     
   20.6500000000000        97.4878023408343        182.333548261991     
   20.7000000000000        98.3923103767165        178.515763017686     
   20.7500000000000        97.5100102192770        183.148512846199     
   20.8000000000000        98.2207892518920        179.581494342681     
   20.8500000000000        97.6619378749194        181.959159717581     
   20.9000000000000        96.7059738281336        186.661670951991     
   20.9500000000000        97.7754808738791        181.422349934354     
   21.0000000000000        97.5522941447721        182.805235864406     
   21.0500000000000        96.6287486962861        187.012286723167     
   21.1000000000000        97.1794081063466        183.769007045189     
   21.1500000000000        96.4879656835724        186.567069551934     
   21.2000000000000        96.0025914771211        189.085446079939     
   21.2500000000000        94.8832220997222        194.248397940793     
   21.3000000000000        96.9514703134821        184.832804922320     
   21.3500000000000        97.0699008607601        184.498965813516     
   21.4000000000000        97.0765941451011        185.311134048261     
   21.4500000000000        97.5624760470751        182.219338209973     
   21.5000000000000        97.6647880867612        181.264526395042     
   21.5500000000000        97.7342156840659        182.027025783391     
   21.6000000000000        96.2999020656603        188.306257572278     
   21.6500000000000        98.1273381404852        179.863061582679     
   21.7000000000000        97.2145794014806        183.657867522261     
   21.7500000000000        97.7788642037387        182.112251569238     
   21.8000000000000        97.9722593565643        180.244057783525     
   21.8500000000000        98.7788921239979        177.187803283690     
   21.9000000000000        97.6889285180068        182.361911876132     
   21.9500000000000        97.1717592869818        183.455216323338     
   22.0000000000000        96.5187376132313        186.911956908683     
   22.0500000000000        97.3652811536866        183.096846713963     
   22.1000000000000        98.7290229627892        177.265583210972     
   22.1500000000000        97.6839528530828        181.547183359393     
   22.2000000000000        98.1574283869170        179.463748329427     
   22.2500000000000        96.2003885735000        188.893556686019     
   22.3000000000000        98.0382341323713        180.966869161033     
   22.3500000000000        98.2092377925436        179.262069011782     
   22.4000000000000        96.4775641900244        187.557082011050     
   22.4500000000000        97.5037113571279        183.115095718755     
   22.5000000000000        96.5160771547809        187.242740179034     
   22.5500000000000        97.3089956989560        184.274255292321     
   22.6000000000000        97.9901604369941        180.714295297976     
   22.6500000000000        96.8110676188293        185.842012514817     
   22.7000000000000        96.9975676560466        185.098830357725     
   22.7500000000000        97.9314394873393        180.424478213299     
   22.8000000000000        97.9822991092319        180.575564133537     
   22.8500000000000        98.3070276776195        178.449530060921     
   22.9000000000000        95.7947238921065        189.942186098265     
   22.9500000000000        95.8816716020893        189.089000751654     
   23.0000000000000        96.8856978817705        185.408775716000     
   23.0500000000000        97.7713147023406        181.822747021794     
   23.1000000000000        97.0713425324283        184.680230184897     
   23.1500000000000        97.2479298112163        183.960461578646     
   23.2000000000000        96.9639158168093        185.221212024832     
   23.2500000000000        97.6717589996954        181.517736958148     
   23.3000000000000        97.0947310904247        184.754815489854     
   23.3500000000000        96.6375847900578        185.446652067561     
   23.4000000000000        98.5115673871007        178.194104737382     
   23.4500000000000        97.1077251998417        184.275294317145     
   23.5000000000000        97.3693702052967        183.606853848219     
   23.5500000000000        97.1915778277380        184.084908733251     
   23.6000000000000        96.6255594161157        186.842983693332     
   23.6500000000000        98.1734761551307        179.546591023035     
   23.7000000000000        97.2398363451189        184.370786402061     
   23.7500000000000        97.0104110803415        185.028854044337     
   23.8000000000000        97.4221340949662        182.037450850763     
   23.8500000000000        98.2009652417848        179.604235853661     
   23.9000000000000        97.5391092828474        182.903099685256     
   23.9500000000000        98.0887787236271        180.362563926067     
   24.0000000000000        97.6551624191769        181.659900865508     
   24.0500000000000        96.8511418902688        184.625269807236     
   24.1000000000000        96.4423867258785        187.502572920350     
   24.1500000000000        96.4060705956456        187.165567047667     
   24.2000000000000        98.0530243332532        179.926608632743     
   24.2500000000000        97.0606072727943        184.772359135862     
   24.3000000000000        97.0133798751378        185.209974049662     
   24.3500000000000        97.0652593362135        184.323050247137     
   24.4000000000000        97.9607913777062        180.387487704913     
   24.4500000000000        96.1615926112191        188.522042768751     
   24.5000000000000        98.2898573224965        179.297018594002     
   24.5500000000000        97.6696022039781        182.453147300943     
   24.6000000000000        97.3568324909268        182.631726026163     
   24.6500000000000        96.2456945744658        188.015869624573     
   24.7000000000000        96.2740143975758        188.259246750611     
   24.7500000000000        97.6956370950508        181.751570536804     
   24.8000000000000        97.1625216329262        184.186739993796     
   24.8500000000000        97.3500129228931        182.970963817704     
   24.9000000000000        97.2377862741484        183.718703604922     
   24.9500000000000        97.2084762377356        183.727745694974     
   25.0000000000000        98.7091390053740        177.352670835048     
   25.0500000000000        96.1512891374368        188.600938859099     
   25.1000000000000        97.9263240992529        180.538296425004     
   25.1500000000000        97.0949974423932        184.095956277928     
   25.2000000000000        97.7287729041703        181.157637791968     
   25.2500000000000        97.7659073641983        180.783313538319     
   25.3000000000000        96.8315533787271        185.471482854384     
   25.3500000000000        97.5233974616975        182.669749018721     
   25.4000000000000        97.1174234518964        184.588025491394     
   25.4500000000000        96.8687551093425        184.987735438803     
   25.5000000000000        95.6358984582527        191.909687568129     
   25.5500000000000        97.6060808215465        182.123539174193     
   25.6000000000000        96.2238143734284        188.738303341554     
   25.6500000000000        95.3235481793742        191.922753727541     
   25.7000000000000        97.6218504731426        181.832844554728     
   25.7500000000000        96.6130187685389        186.035015249135     
   25.8000000000000        98.1363182512922        178.943877225413     
   25.8500000000000        97.8063412688126        181.299014644012     
   25.9000000000000        97.8056405532563        182.329242362097     
   25.9500000000000        96.8754782276776        185.631456243246     
   26.0000000000000        97.8683295781322        180.823844661768     
   26.0500000000000        97.2900105203643        183.483729987926     
   26.1000000000000        96.4823026818708        187.234025755205     
   26.1500000000000        98.2011761268265        179.693384120669     
   26.2000000000000        96.5316875798174        187.578290273952     
   26.2500000000000        98.1539262097309        179.840956299658     
   26.3000000000000        95.8496322558640        189.770555774077     
   26.3500000000000        97.7491894617424        181.201185479896     
   26.4000000000000        97.9970582652406        180.381174131037     
   26.4500000000000        96.2913895302341        187.619697268762     
   26.5000000000000        96.5609121803730        186.835457126450     
   26.5500000000000        97.1686466609885        183.782955576457     
   26.6000000000000        98.2573833526328        179.396541173843     
   26.6500000000000        97.4819595964232        182.133911109254     
   26.7000000000000        98.8371773538615        176.699953416628     
   26.7500000000000        97.2205295717914        184.686387911760     
   26.8000000000000        96.7649432565386        186.079538799223     
   26.8500000000000        96.5713238490605        186.664129984654     
   26.9000000000000        97.6005817156060        182.187352829200     
   26.9500000000000        97.7683223814557        180.900839949968     
   27.0000000000000        95.1017180664897        193.087530896504     
   27.0500000000000        96.6581235948851        186.363606921285     
   27.1000000000000        97.5243785146242        181.847900173117     
   27.1500000000000        97.8499312815204        180.934364754616     
   27.2000000000000        97.6421192586095        181.646935903809     
   27.2500000000000        98.0359067085087        181.014831985724     
   27.3000000000000        97.8059990283764        181.516808878698     
   27.3500000000000        97.8893859490180        181.227493384097     
   27.4000000000000        97.4493970433827        182.896559719325     
   27.4500000000000        96.7943653134751        185.996439344694     
   27.5000000000000        98.1642386455088        180.282302333103     
   27.5500000000000        97.0308819691827        184.027113816862     
   27.6000000000000        96.6688653247505        186.726250036314     
   27.6500000000000        96.8276899479130        185.532144197993     
   27.7000000000000        97.0974778611119        184.734098867388     
   27.7500000000000        96.9200259699181        185.177169298593     
   27.8000000000000        95.8488940499599        189.492393432666     
   27.8500000000000        96.0646777418762        189.369022916097     
   27.9000000000000        97.4866143174984        181.712840770558     
   27.9500000000000        99.1326582284700        175.220027871886     
   28.0000000000000        96.4508790428570        187.705557436387     
   28.0500000000000        97.3645519401822        183.385765294362     
   28.1000000000000        98.0385780072373        180.269772208737     
   28.1500000000000        96.3088900630805        188.077909936012     
   28.2000000000000        97.4272687324480        183.091269779843     
   28.2500000000000        97.5682437280655        181.753221099926     
   28.3000000000000        95.9079420522418        190.237889698782     
   28.3500000000000        95.5065478062131        191.437759120742     
   28.4000000000000        97.4140192597114        181.960624069195     
   28.4500000000000        97.1146626260774        184.621604788457     
   28.5000000000000        97.3746891799793        183.512539515416     
   28.5500000000000        98.3869800955840        178.542344868634     
   28.6000000000000        97.1632005951505        184.211195814662     
   28.6500000000000        96.8494676121674        185.510269289636     
   28.7000000000000        97.6221302053905        182.284234846216     
   28.7500000000000        97.5005075409868        182.478983983973     
   28.8000000000000        96.0585572002547        188.458462854988     
   28.8500000000000        96.4528194333579        187.025877464233     
   28.9000000000000        97.7403990546534        181.414253595536     
   28.9500000000000        95.5672476221474        191.894813633173     
   29.0000000000000        96.8241016619584        185.445925766937     
   29.0500000000000        97.0766177528540        184.504654984707     
   29.1000000000000        97.3572714005541        183.709174082510     
   29.1500000000000        97.1439999572776        184.050447282731     
   29.2000000000000        95.9890001835986        189.048382598703     
   29.2500000000000        95.0131257148195        194.090440410826     
   29.3000000000000        97.0231419449123        185.222085974309     
   29.3500000000000        97.0563714552923        184.950743027443     
   29.4000000000000        96.9190603828277        184.482158564201     
   29.4500000000000        98.2264396570437        179.970589374054     
   29.5000000000000        96.3792522473384        187.679550243468     
   29.5500000000000        96.8098089385810        185.541096448685     
   29.6000000000000        97.0893992948743        184.628240014328     
   29.6500000000000        97.6176207170024        182.912381877617     
   29.7000000000000        97.1036169878197        184.301987710747     
   29.7500000000000        96.3611350767729        187.445986635115     
   29.8000000000000        97.6425031389963        182.612665676568     
   29.8500000000000        96.9444432037005        185.013083541732     
   29.9000000000000        96.7032416408289        185.654590648143     
   29.9500000000000        96.9914264252865        184.510180124178     
   30.0000000000000        98.1971520427734        180.228645134611     
   30.0500000000000        96.4076279450078        187.589730252534     
   30.1000000000000        98.2191059189706        179.266958125130     
   30.1500000000000        97.3014024969350        183.530285434753     
   30.2000000000000        98.0631271827844        179.950325846832     
   30.2500000000000        97.4063876081950        183.375946870803     
   30.3000000000000        96.2229715042067        188.678464507316     
   30.3500000000000        97.9119517215087        180.948994246694     
   30.4000000000000        97.7768909631674        181.392128101432     
   30.4500000000000        97.4109034786193        183.050611688584     
   30.5000000000000        96.6060827585572        186.183050561844     
   30.5500000000000        96.4888716485665        186.608019012796     
   30.6000000000000        97.4306080677030        182.632919936381     
   30.6500000000000        98.7805251188873        177.413826491115     
   30.7000000000000        97.6155729770696        181.625369571661     
   30.7500000000000        96.5166615200450        186.713116558334     
   30.8000000000000        97.7786057944377        181.000327268873     
   30.8500000000000        96.1135667316398        188.644368761415     
   30.9000000000000        97.5550609332352        182.694483791990     
   30.9500000000000        96.5482723081471        186.628106633605     
   31.0000000000000        96.3876323902544        187.539378178142     
   31.0500000000000        96.5385425111763        186.766958971597     
   31.1000000000000        97.1200260612739        185.108407720963     
   31.1500000000000        98.1145907968918        179.760903696346     
   31.2000000000000        98.1808639224538        179.369116620925     
   31.2500000000000        97.6004890706940        182.187120804463     
   31.3000000000000        97.0315286730346        184.319353606537     
   31.3500000000000        95.9311817191118        189.195531359438     
   31.4000000000000        98.5937706518001        177.681553016166     
   31.4500000000000        97.7214474536489        181.551330150050     
   31.5000000000000        98.2215140121786        179.562345424611     
   31.5500000000000        97.8995070820903        180.437958522253     
   31.6000000000000        96.6523126118157        185.908911307333     
   31.6500000000000        97.5375014214486        182.507223916822     
   31.7000000000000        97.3367785901268        182.902680114609     
   31.7500000000000        96.0574748521370        189.098417551146     
   31.8000000000000        98.3393559263808        178.856785891758     
   31.8500000000000        97.3293329730732        182.968566804762     
   31.9000000000000        98.2310981389292        179.698279099856     
   31.9500000000000        98.0273624634759        180.597289974579     
   32.0000000000000        97.4033500707731        182.895492039451     
   32.0500000000000        96.5391626847055        187.341871950148     
   32.1000000000000        98.1356289643206        179.723905727813     
   32.1500000000000        97.3874383582622        182.672154696250     
   32.2000000000000        97.6914148956014        181.775461182816     
   32.2500000000000        97.0068490193177        185.102710716731     
   32.3000000000000        97.3684471045032        183.468123725710     
   32.3500000000000        97.6524774983551        182.284797637883     
   32.4000000000000        96.4794017887149        187.111239908265     
   32.4500000000000        97.1474929195259        184.222119876524     
   32.5000000000000        96.3930516503276        186.966551522114     
   32.5500000000000        97.8106147244340        181.478618491559     
   32.6000000000000        95.8924928096820        189.805305586108     
   32.6500000000000        96.4009342508729        186.847203548203     
   32.7000000000000        97.3791687151809        183.043206914304     
   32.7500000000000        97.3828949289033        182.737301729551     
   32.8000000000000        96.7251946459514        186.336997467080     
   32.8500000000000        97.5831568300751        182.118177632189     
   32.9000000000000        97.5571272656289        182.526091047441     
   32.9500000000000        97.6050270301099        181.929309604227     
   33.0000000000000        96.7956631528263        186.022240616780     
   33.0500000000000        97.7257472383747        181.673067103785     
   33.1000000000000        96.3749563789508        187.231069593465     
   33.1500000000000        96.3876227182713        186.838897602633     
   33.2000000000000        97.1233955763980        183.794347903257     
   33.2500000000000        97.6179157486154        182.026675145016     
   33.3000000000000        97.6845428241337        182.072979442861     
   33.3500000000000        96.8197504275288        185.638990463645     
   33.4000000000000        97.9612596931415        179.979172687625     
   33.4500000000000        96.8509854744724        185.142835855174     
   33.5000000000000        96.5074777672551        187.473476104184     
   33.5500000000000        97.3171971096238        182.676855965686     
   33.6000000000000        97.2655615771389        183.029328139338     
   33.6500000000000        97.6888584836800        181.673737326261     
   33.7000000000000        96.6913563296443        186.837586396636     
   33.7500000000000        96.2827602191218        188.013606076317     
   33.8000000000000        97.0240720214658        184.917331361184     
   33.8500000000000        96.6913407877325        187.137980967662     
   33.9000000000000        97.3979969225421        183.027485768051     
   33.9500000000000        98.0477601635002        180.152291453106     
   34.0000000000000        97.2809510450574        183.329276858132     
   34.0500000000000        98.1071494442930        179.855943511321     
   34.1000000000000        96.8512772307303        185.416210956939     
   34.1500000000000        96.3396925028585        188.104063487487     
   34.2000000000000        96.1634196036102        188.034779873337     
   34.2500000000000        98.0849466089346        180.789051649345     
   34.3000000000000        96.6812693993509        186.607007799492     
   34.3500000000000        97.0407929890189        184.911877280997     
   34.4000000000000        97.2229225082313        184.064859063647     
   34.4500000000000        95.7032786618893        190.185854288969     
   34.5000000000000        96.7826424833611        186.319169514180     
   34.5500000000000        97.2615321645997        183.590214194195     
   34.6000000000000        97.2232060620778        184.094112692501     
   34.6500000000000        97.3644873622610        183.548651691707     
   34.7000000000000        97.6587362355789        181.745638454965     
   34.7500000000000        97.0769519661687        184.937448252946     
   34.8000000000000        96.8164963016581        184.721589942312     
   34.8500000000000        96.5518577989378        186.665342029425     
   34.9000000000000        95.2543313488977        192.461903019549     
   34.9500000000000        96.7867468699085        185.485807322465     
   35.0000000000000        97.1912560738496        184.194164482428     
   35.0500000000000        97.0202696910265        184.512672462468     
   35.1000000000000        98.2296230054375        179.626975424628     
   35.1500000000000        97.4206573351096        182.644983279453     
   35.2000000000000        97.3871034959129        182.828337200229     
   35.2500000000000        97.7904419102345        181.193314937051     
   35.3000000000000        97.7379879706733        181.773216882554     
   35.3500000000000        96.7000336113663        185.459097831267     
   35.4000000000000        96.9944146735181        184.391200428391     
   35.4500000000000        96.7727370546965        185.838082004573     
   35.5000000000000        99.1090408480097        175.385785266456     
   35.5500000000000        98.6905456366199        177.711570221508     
   35.6000000000000        95.9459051050456        188.897511538843     
   35.6500000000000        96.1840482315706        188.137632159866     
   35.7000000000000        96.6143177923074        186.400594012312     
   35.7500000000000        97.0076881233375        184.174475846513     
   35.8000000000000        97.6441450386578        182.677195109345     
   35.8500000000000        98.7187932303311        176.933684348820     
   35.9000000000000        97.3148269354270        183.975225650109     
   35.9500000000000        97.3889337639024        182.974303652585     
   36.0000000000000        97.2478983425866        183.984282647397     
   36.0500000000000        97.0893003929349        184.329104557100     
   36.1000000000000        97.1073290337024        183.847997866806     
   36.1500000000000        97.1010670068599        185.197776967967     
   36.2000000000000        98.5208507971006        178.169395360226     
   36.2500000000000        97.1863631103672        183.934336560462     
   36.3000000000000        97.2823016454324        184.156590192053     
   36.3500000000000        96.2653668513481        188.617617165176     
   36.4000000000000        96.7761818724730        186.396343372325     
   36.4500000000000        96.7432916053000        186.551994556354     
   36.5000000000000        97.8357881564277        181.267410309078     
   36.5500000000000        97.5800031278568        182.314711600305     
   36.6000000000000        97.6985817294824        181.433828657145     
   36.6500000000000        96.0534204971237        188.725068445840     
   36.7000000000000        97.5156681172613        182.391484297882     
   36.7500000000000        97.3558163904353        182.754841929836     
   36.8000000000000        97.7540391577084        181.513217083563     
   36.8500000000000        95.3919713018380        192.282265357365     
   36.9000000000000        97.3240453675845        183.890125682860     
   36.9500000000000        98.0970529070403        179.776906600523     
   37.0000000000000        97.2763641274014        183.300006985533     
   37.0500000000000        97.3213363632641        183.410889926150     
   37.1000000000000        96.6933078800926        186.240030548055     
   37.1500000000000        96.7129440616283        186.120960436891     
   37.2000000000000        96.7639972077108        185.658111350365     
   37.2500000000000        97.5616932632232        182.819673487429     
   37.3000000000000        97.9200603048297        180.741485394495     
   37.3500000000000        96.8437541459811        186.247115015301     
   37.4000000000000        97.0661322896931        184.577651314691     
   37.4500000000000        98.0111612795593        181.393947688879     
   37.5000000000000        96.2928614261892        187.649005238780     
   37.5500000000000        98.4815062823956        178.599738567909     
   37.6000000000000        98.0579907884007        180.823573860282     
   37.6500000000000        97.4820750621571        182.561944041224     
   37.7000000000000        97.4764979441508        182.755500530493     
   37.7500000000000        96.8795938875117        185.775259906092     
   37.8000000000000        97.5090761831063        182.492138373869     
   37.8500000000000        96.3168653083964        186.756905092447     
   37.9000000000000        97.2957688406852        182.889350512627     
   37.9500000000000        96.2065173153045        187.890245475523     
   38.0000000000000        96.7933524881224        186.130570387937     
   38.0500000000000        97.4425880739751        183.808690538295     
   38.1000000000000        97.5020032003981        182.935129066367     
   38.1500000000000        98.1575231845587        180.055831594788     
   38.2000000000000        97.3879898619764        183.282058308270     
   38.2500000000000        97.5911917788295        182.508551173656     
   38.3000000000000        97.1283590835556        184.043007436467     
   38.3500000000000        95.7628830507851        190.367846079247     
   38.4000000000000        97.8531581784170        180.779380429175     
   38.4500000000000        97.5057464512762        183.480846060534     
   38.5000000000000        98.3045654823669        179.087065870055     
   38.5500000000000        97.1408171248565        184.363824135437     
   38.6000000000000        96.5400813504650        186.945457886396     
   38.6500000000000        97.1776520866441        184.727642938660     
   38.7000000000000        97.1353754659914        183.793531361020     
   38.7500000000000        98.5959899448423        177.371363644055     
   38.8000000000000        97.8231685501896        181.830919044434     
   38.8500000000000        98.2756802744285        179.180499246023     
   38.9000000000000        97.4036079584425        183.134535660299     
   38.9500000000000        97.2312237440088        184.126766709643     
   39.0000000000000        98.2769793104824        179.303877557984     
   39.0500000000000        96.7137575031210        185.376965190078     
   39.1000000000000        96.6353495560390        186.365575987757     
   39.1500000000000        97.5465046912212        182.668617082418     
   39.2000000000000        98.2483957627274        180.073513788024     
   39.2500000000000        96.6439055753641        186.579598368908     
   39.3000000000000        97.3058102728086        182.935519598671     
   39.3500000000000        98.0209963114712        180.421396748043     
   39.4000000000000        96.7362498353165        186.393763600531     
   39.4500000000000        96.8447110552692        185.683320287257     
   39.5000000000000        96.3613457204750        187.254918979048     
   39.5500000000000        97.9128279320033        180.114849409060     
   39.6000000000000        96.4407477445084        186.721707316662     
   39.6500000000000        98.2082350320281        179.506300314852     
   39.7000000000000        97.3461980447736        183.170707501774     
   39.7500000000000        97.4649732746161        183.485715534556     
   39.8000000000000        96.4449011438350        187.522845333624     
   39.8500000000000        96.5587835166464        186.754758701336     
   39.9000000000000        98.2158121120919        179.109412266632     
   39.9500000000000        97.5663258330119        182.334384786723     
   40.0000000000000        97.7029868992759        181.871687367788     
   40.0500000000000        96.1383142339361        188.603969750783     
   40.1000000000000        98.3357193415936        178.687419626955     
   40.1500000000000        97.2961246773714        183.708804509448     
   40.2000000000000        96.5788871566238        185.864995031000     
   40.2500000000000        95.6773122527861        189.356015664263     
   40.3000000000000        97.5891753854548        182.484294955528     
   40.3500000000000        95.9079358923519        189.681217208536     
   40.4000000000000        96.4851247841246        186.567846880718     
   40.4500000000000        96.6915159240339        186.262856615833     
   40.5000000000000        97.2291144396417        184.340274040856     
   40.5500000000000        96.9520812309802        184.442263528406     
   40.6000000000000        97.6928248863948        181.761363059899     
   40.6500000000000        96.8353282845975        184.972511294550     
   40.7000000000000        99.2569473980594        174.976541773524     
   40.7500000000000        98.4142959866360        178.595762760113     
   40.8000000000000        96.5629888165715        186.408561765956     
   40.8500000000000        97.4338708154236        183.617994947830     
   40.9000000000000        97.9775260111620        180.641006178552     
   40.9500000000000        96.2746877180483        188.428894503205     
   41.0000000000000        98.1474636499944        180.745583610695     
   41.0500000000000        96.9316860759684        185.401424755124     
   41.1000000000000        98.0308311393324        180.796393882772     
   41.1500000000000        98.2629258449463        179.739732380613     
   41.2000000000000        96.4415115436144        186.887690876028     
   41.2500000000000        97.1054254229818        184.908952380397     
   41.3000000000000        97.5660455719226        182.612797174738     
   41.3500000000000        98.1006023066441        180.956782868980     
   41.4000000000000        96.6077905362107        187.758873604495     
   41.4500000000000        96.8740714086446        185.202238695843     
   41.5000000000000        98.7296041980274        176.947162335707     
   41.5500000000000        98.6368950468097        178.429795765033     
   41.6000000000000        96.7724847042276        184.950208791515     
   41.6500000000000        97.3485881343518        183.365928348096     
   41.7000000000000        96.5996349944569        186.196279081511     
   41.7500000000000        97.0695615577063        184.882861332428     
   41.8000000000000        98.2498354555887        178.739270683341     
   41.8500000000000        96.5893159275463        186.771339841989     
   41.9000000000000        97.9522024940312        181.079103890984     
   41.9500000000000        97.6963021520693        181.307579666858     
   42.0000000000000        97.7506559898075        181.018690901141     
   42.0500000000000        98.0111303453821        180.291443338466     
   42.1000000000000        98.3844021522930        179.212337936806     
   42.1500000000000        96.7380377904173        185.762448042792     
   42.2000000000000        96.5180876412636        186.640220570678     
   42.2500000000000        97.0856138253651        184.064271096931     
   42.3000000000000        97.5736994607103        182.868090767199     
   42.3500000000000        97.3006956778599        183.120587646052     
   42.4000000000000        96.3972100892655        187.659497983123     
   42.4500000000000        96.8101699517282        185.150888036527     
   42.5000000000000        96.8779149337897        185.536702362605     
   42.5500000000000        97.3489301700486        183.534888590317     
   42.6000000000000        97.3810734719177        183.089155536763     
   42.6500000000000        96.9961779082806        184.154601725533     
   42.7000000000000        97.0034200089545        184.738883320538     
   42.7500000000000        96.3392736836001        187.914670288086     
   42.8000000000000        98.2282182424962        180.305247660834     
   42.8500000000000        96.3774091672020        187.246576804806     
   42.9000000000000        97.0891951957778        183.866648383782     
   42.9500000000000        96.3671965918032        187.311281447612     
   43.0000000000000        97.7306394271846        182.527692579913     
   43.0500000000000        96.7961096006633        185.883071842232     
   43.1000000000000        97.9247303927846        181.288943578439     
   43.1500000000000        97.0650024535341        184.013680944688     
   43.2000000000000        98.2708168172399        179.749112317451     
   43.2500000000000        96.5176138478854        186.619670136899     
   43.3000000000000        95.8337544205534        189.623384223280     
   43.3500000000000        96.8212203505929        186.374741301214     
   43.4000000000000        96.7390444304216        186.257480635671     
   43.4500000000000        96.3734147643056        188.073906601280     
   43.5000000000000        97.1895930155877        184.136162977018     
   43.5500000000000        97.8284571853498        180.776235830146     
   43.6000000000000        97.5055955697774        182.106921727757     
   43.6500000000000        98.1855865615018        179.810297671527     
   43.7000000000000        97.8434233592568        181.034051333366     
   43.7500000000000        96.9120624771917        184.065119231076     
   43.8000000000000        95.8047653251493        190.530355795731     
   43.8500000000000        97.0403969647889        184.594754270641     
   43.9000000000000        96.9916337695716        185.293260687532     
   43.9500000000000        97.2356476762114        183.569920105964     
   44.0000000000000        96.4841763689871        186.863812002909     
   44.0500000000000        96.8443476374390        185.689751047386     
   44.1000000000000        98.6858300389155        178.132644755434     
   44.1500000000000        97.1137517490508        184.285024263424     
   44.2000000000000        97.5455782848380        182.606054114957     
   44.2500000000000        96.4175592947981        187.369538926927     
   44.3000000000000        97.2558113359191        183.744175554706     
   44.3500000000000        98.6920315003693        176.803783399982     
   44.4000000000000        96.8420158240043        185.701031032469     
   44.4500000000000        97.4163934160129        183.667012974030     
   44.5000000000000        97.5501678693740        182.738945500276     
   44.5500000000000        97.7537380938275        181.176685732603     
   44.6000000000000        95.3937058119052        192.296340399978     
   44.6500000000000        97.7310453171655        181.190089683457     
   44.7000000000000        96.7939875681583        185.446146826964     
   44.7500000000000        97.3435845444000        183.388500206860     
   44.8000000000000        97.9635753436090        180.354547779910     
   44.8500000000000        98.7102778040306        177.940863493352     
   44.9000000000000        97.0531541369182        184.929184725750     
   44.9500000000000        96.3093377622998        188.295952105627     
   45.0000000000000        97.6688168171556        181.577046502315     
   45.0500000000000        97.7274176397517        180.750818963270     
   45.1000000000000        97.6850664796286        182.076331615830     
   45.1500000000000        97.2299954464200        183.714916449996     
   45.2000000000000        96.9169330158799        185.061098026841     
   45.2500000000000        96.4805142220888        188.375187087616     
   45.3000000000000        97.2935369679680        183.638011010028     
   45.3500000000000        95.1917325736252        192.730346509901     
   45.4000000000000        96.1874305028682        188.951027297084     
   45.4500000000000        97.1166651251627        183.712994897468     
   45.5000000000000        97.0337486719452        184.589038597464     
   45.5500000000000        98.5354747131704        178.470599488866     
   45.6000000000000        98.2715416169805        179.397925954924     
   45.6500000000000        95.5634994703033        191.097628972978     
   45.7000000000000        96.0295065167413        188.428883387723     
   45.7500000000000        97.7532475821861        181.758441425708     
   45.8000000000000        97.1342075042257        183.122174543212     
   45.8500000000000        97.0493785703231        185.004787124455     
   45.9000000000000        96.2020285805373        188.674452985018     
   45.9500000000000        97.5632052833942        181.471883310508     
   46.0000000000000        97.5005028638727        182.465105699000     
   46.0500000000000        97.5970256216864        182.158762074803     
   46.1000000000000        97.4920627586277        183.237799000062     
   46.1500000000000        98.3809282717035        178.574766382449     
   46.2000000000000        96.0579257013803        188.999866091926     
   46.2500000000000        97.0406810748086        183.973725636231     
   46.3000000000000        96.7672451534540        185.569224690911     
   46.3500000000000        97.3231154596299        183.601290690511     
   46.4000000000000        96.7622322288710        185.632923577491     
   46.4500000000000        96.8576000643853        185.176233274447     
   46.5000000000000        97.3340833838762        183.653578736781     
   46.5500000000000        96.4717268447116        186.752002481245     
   46.6000000000000        95.8885393604356        189.253719416834     
   46.6500000000000        96.2409879327770        188.060525007221     
   46.7000000000000        97.4346832828855        182.915877086762     
   46.7500000000000        97.0582236175668        184.408186019904     
   46.8000000000000        96.6856901216493        186.087302004499     
   46.8500000000000        96.5795459755606        186.152122172018     
   46.9000000000000        97.1905193457871        184.226793442443     
   46.9500000000000        96.4899569251844        187.206909518898     
   47.0000000000000        97.3364648426351        183.629532341222     
   47.0500000000000        97.8459948755166        180.935248749015     
   47.1000000000000        98.1640659340456        179.442731936786     
   47.1500000000000        95.6041602453371        190.277176732512     
   47.2000000000000        96.6030645140895        187.037951894366     
   47.2500000000000        98.2301758732463        179.639875836957     
   47.3000000000000        96.7737209391525        186.164269251683     
   47.3500000000000        96.6206497367186        187.155338173855     
   47.4000000000000        96.5970223220993        186.564884761009     
   47.4500000000000        97.7625060577375        181.735182255348     
   47.5000000000000        97.5269337748050        182.477603849777     
   47.5500000000000        96.0865328341920        189.201044908214     
   47.6000000000000        98.0244766243907        179.057148994178     
   47.6500000000000        96.5717598388114        186.387424305491     
   47.7000000000000        97.0191618837192        184.782284761959     
   47.7500000000000        96.1776395314575        188.183221984118     
   47.8000000000000        96.9233144422544        185.388339243042     
   47.8500000000000        96.5493866699365        186.755215571953     
   47.9000000000000        96.2535656797671        188.105481563494     
   47.9500000000000        96.9306168739925        185.313011525774     
   48.0000000000000        95.9626623518935        188.886154855111     
   48.0500000000000        97.0478503466535        184.834588649820     
   48.1000000000000        95.5687229408291        190.980361570706     
   48.1500000000000        96.9598018251042        184.938099504603     
   48.2000000000000        96.9221730041894        185.181661998132     
   48.2500000000000        98.3456567856557        179.088919793019     
   48.3000000000000        96.9431832922987        184.863612485938     
   48.3500000000000        95.9983717934151        189.680997643817     
   48.4000000000000        96.9437081099477        185.438834103734     
   48.4500000000000        99.4454638464753        173.696382029768     
   48.5000000000000        96.7385335733261        185.891525527875     
   48.5500000000000        98.3358381719090        179.570926640179     
   48.6000000000000        97.4431890137807        182.257712162544     
   48.6500000000000        97.9521062512190        180.379375633750     
   48.7000000000000        98.4595663760075        178.616947907713     
   48.7500000000000        97.3690862545212        183.972184792559     
   48.8000000000000        97.7048226637297        182.756887635662     
   48.8500000000000        98.7849543363209        177.795541582709     
   48.9000000000000        96.6692587283900        185.934685550344     
   48.9500000000000        97.5257663816139        182.388872970835     
   49.0000000000000        96.8102798056023        186.002934120882     
   49.0500000000000        97.7432538999497        181.199641863624     
   49.1000000000000        97.0109743094525        184.248944269014     
   49.1500000000000        96.7431236199031        185.783020068028     
   49.2000000000000        97.6501209562994        182.137530934775     
   49.2500000000000        96.5042089959550        187.486456026860     
   49.3000000000000        97.0970724564918        184.596581281864     
   49.3500000000000        95.7838791121880        189.312112201886     
   49.4000000000000        97.0520489634212        184.858989167846     
   49.4500000000000        97.7525694807495        181.632645549299     
   49.5000000000000        97.0618721626976        184.927956695876     
   49.5500000000000        97.5019875669471        182.680824889551     
   49.6000000000000        97.2764943804200        183.931620844785     
   49.6500000000000        97.4363911178848        182.485183155754     
   49.7000000000000        96.9416458834212        185.141471647770     
   49.7500000000000        96.8926636237667        185.396582913845     
   49.8000000000000        97.3232388585578        183.122018145112     
   49.8500000000000        97.5756291712513        182.543126057741     
   49.9000000000000        96.4976938591549        186.889914202262     
   49.9500000000000        97.2490627052550        183.847007980353     
   50.0000000000000        97.5522132328209        182.350108040752     
