  5.000000000000000E-002   169.508612622220     
  0.100000000000000        169.489463356244     
  0.150000000000000        169.403350010608     
  0.200000000000000        169.477641415715     
  0.250000000000000        169.585257743176     
  0.300000000000000        169.405668211872     
  0.350000000000000        169.530935060736     
  0.400000000000000        169.607329504194     
  0.450000000000000        169.382032402597     
  0.500000000000000        169.496918834193     
  0.550000000000000        169.369919023939     
  0.600000000000000        169.471860261998     
  0.650000000000000        169.586780969156     
  0.700000000000000        169.363847034822     
  0.750000000000000        169.491620844494     
  0.800000000000000        169.470490484600     
  0.850000000000000        169.504172015592     
  0.900000000000000        169.483110089182     
  0.950000000000000        169.383173771171     
   1.00000000000000        169.410559773689     
   1.05000000000000        169.462959419713     
   1.10000000000000        169.335029336700     
   1.15000000000000        169.383128342494     
   1.20000000000000        169.456157277596     
   1.25000000000000        169.326230194764     
   1.30000000000000        169.367574484993     
   1.35000000000000        169.284882011603     
   1.40000000000000        169.284131863763     
   1.45000000000000        169.376729974885     
   1.50000000000000        169.354912510286     
   1.55000000000000        169.808478813439     
   1.60000000000000        169.381951702468     
   1.65000000000000        169.412870847089     
   1.70000000000000        169.380513719488     
   1.75000000000000        169.613281037095     
   1.80000000000000        169.371523726162     
   1.85000000000000        169.366585553034     
   1.90000000000000        169.249203631333     
   1.95000000000000        169.313934365758     
   2.00000000000000        169.525001446855     
   2.05000000000000        169.469221928288     
   2.10000000000000        169.463410934376     
   2.15000000000000        169.219542554531     
   2.20000000000000        169.234600334064     
   2.25000000000000        169.435601529024     
   2.30000000000000        169.310813912969     
   2.35000000000000        169.447610163954     
   2.40000000000000        169.432346562752     
   2.45000000000000        169.400030790072     
   2.50000000000000        169.489688064034     
   2.55000000000000        169.553217772988     
   2.60000000000000        169.376877884433     
   2.65000000000000        169.433735800763     
   2.70000000000000        169.590794227803     
   2.75000000000000        169.353340261408     
   2.80000000000000        169.606535347609     
   2.85000000000000        169.240365402369     
   2.90000000000000        169.619181357938     
   2.95000000000000        169.476942077591     
   3.00000000000000        169.456315986620     
   3.05000000000000        169.603047427507     
   3.10000000000000        169.233855527269     
   3.15000000000000        169.542359047208     
   3.20000000000000        169.461080948498     
   3.25000000000000        169.359093971868     
   3.30000000000000        169.374686324352     
   3.35000000000000        169.563953557705     
   3.40000000000000        169.368997307631     
   3.45000000000000        169.467868937612     
   3.50000000000000        169.361215369450     
   3.55000000000000        169.316152293244     
   3.60000000000000        169.488824183360     
   3.65000000000000        169.434223459595     
   3.70000000000000        169.209437831222     
   3.75000000000000        169.519417737625     
   3.80000000000000        169.594835078017     
   3.85000000000000        169.410302433817     
   3.90000000000000        169.370785178909     
   3.95000000000000        169.361477326163     
   4.00000000000000        169.773234219900     
   4.05000000000000        169.468954971552     
   4.10000000000000        169.365098331618     
   4.15000000000000        169.482050947837     
   4.20000000000000        169.441405128729     
   4.25000000000000        169.585428185293     
   4.30000000000000        169.414925774861     
   4.35000000000000        169.334240710726     
   4.40000000000000        169.474996145039     
   4.45000000000000        169.364769317381     
   4.50000000000000        169.472787527977     
   4.55000000000000        169.382012498933     
   4.60000000000000        169.577455483676     
   4.65000000000000        169.455331705042     
   4.70000000000000        169.665847547513     
   4.75000000000000        169.432354956666     
   4.80000000000000        169.364484829063     
   4.85000000000000        169.285048936069     
   4.90000000000000        169.314068479999     
   4.95000000000000        169.465489081314     
   5.00000000000000        169.486355525538     
   5.05000000000000        169.571060053685     
   5.10000000000000        169.537566106787     
   5.15000000000000        169.355584810600     
   5.20000000000000        169.554724245282     
   5.25000000000000        169.452948455992     
   5.30000000000000        169.459214000419     
   5.35000000000000        169.406318692722     
   5.40000000000000        169.361778507613     
   5.45000000000000        169.584618134544     
   5.50000000000000        169.559739427080     
   5.55000000000000        169.299801983445     
   5.60000000000000        169.183191283622     
   5.65000000000000        169.493337523221     
   5.70000000000000        169.580140088182     
   5.75000000000000        169.341223648900     
   5.80000000000000        169.399820364461     
   5.85000000000000        169.421939437484     
   5.90000000000000        169.575291074787     
   5.95000000000000        169.553588747941     
   6.00000000000000        169.393313877457     
   6.05000000000000        169.464469467771     
   6.10000000000000        169.452437527222     
   6.15000000000000        169.399523906785     
   6.20000000000000        169.267759432197     
   6.25000000000000        169.155463723266     
   6.30000000000000        169.454836284093     
   6.35000000000000        169.408383435494     
   6.40000000000000        169.439787351810     
   6.45000000000000        169.514994885542     
   6.50000000000000        169.481498729239     
   6.55000000000000        169.539638501464     
   6.60000000000000        169.357894385149     
   6.65000000000000        169.371234133928     
   6.70000000000000        169.140270689966     
   6.75000000000000        169.424050868293     
   6.80000000000000        169.398140366844     
   6.85000000000000        169.590848341219     
   6.90000000000000        169.444939350673     
   6.95000000000000        169.505334066368     
   7.00000000000000        169.480673749054     
   7.05000000000000        169.311403442121     
   7.10000000000000        169.428679335141     
   7.15000000000000        169.056253090425     
   7.20000000000000        169.420614193367     
   7.25000000000000        169.564833557205     
   7.30000000000000        169.549808165233     
   7.35000000000000        169.377694012983     
   7.40000000000000        169.554054986034     
   7.45000000000000        169.314438318041     
   7.50000000000000        169.399341860372     
   7.55000000000000        169.406671252436     
   7.60000000000000        169.509387644623     
   7.65000000000000        169.559166474343     
   7.70000000000000        169.456525351367     
   7.75000000000000        169.437348670581     
   7.80000000000000        169.394236943118     
   7.85000000000000        169.343272727860     
   7.90000000000000        169.325603093073     
   7.95000000000000        169.274151399445     
   8.00000000000000        169.588019491787     
   8.05000000000000        169.567944359118     
   8.10000000000000        169.281749944966     
   8.15000000000000        169.437283285788     
   8.20000000000000        169.369830826225     
   8.25000000000000        169.491528246839     
   8.30000000000000        169.627891818135     
   8.35000000000000        169.371503874815     
   8.40000000000000        169.335065708854     
   8.45000000000000        169.475848594403     
   8.50000000000000        169.374003964971     
   8.55000000000000        169.307232604932     
   8.60000000000000        169.493972249137     
   8.65000000000000        169.373843029706     
   8.70000000000000        169.468747859834     
   8.75000000000000        169.520610380564     
   8.80000000000000        169.483529644936     
   8.85000000000000        169.554088109764     
   8.90000000000000        169.436637557391     
   8.95000000000000        169.563281966880     
   9.00000000000000        169.514601903410     
   9.05000000000000        169.349121709285     
   9.10000000000000        169.514869128233     
   9.15000000000000        169.149477197923     
   9.20000000000000        169.257954213342     
   9.25000000000000        169.612428143884     
   9.30000000000000        169.478827481042     
   9.35000000000000        169.473281044347     
   9.40000000000000        169.420830215437     
   9.45000000000000        169.526094569972     
   9.50000000000000        169.617224345913     
   9.55000000000000        169.411032072262     
   9.60000000000000        169.418350385939     
   9.65000000000000        169.499107277004     
   9.70000000000000        169.425019171248     
   9.75000000000000        169.424127899070     
   9.80000000000000        169.461952161412     
   9.85000000000000        169.512330148718     
   9.90000000000000        169.474958440633     
   9.95000000000000        169.492590971359     
   10.0000000000000        169.101574985815     
   10.0500000000000        169.510534377232     
   10.1000000000000        169.559401170884     
   10.1500000000000        169.244518788021     
   10.2000000000000        169.298514464564     
   10.2500000000000        169.517289329036     
   10.3000000000000        169.302312867406     
   10.3500000000000        169.443369321538     
   10.4000000000000        169.445046890630     
   10.4500000000000        169.401618354954     
   10.5000000000000        169.455141215014     
   10.5500000000000        169.308529623971     
   10.6000000000000        169.257209869598     
   10.6500000000000        169.354085894209     
   10.7000000000000        169.441304340820     
   10.7500000000000        169.482215324585     
   10.8000000000000        169.481525216693     
   10.8500000000000        169.353088324218     
   10.9000000000000        169.203354047362     
   10.9500000000000        169.420122064610     
   11.0000000000000        169.232685908893     
   11.0500000000000        169.265690866369     
   11.1000000000000        169.608454594801     
   11.1500000000000        169.277996122906     
   11.2000000000000        169.378527757527     
   11.2500000000000        169.516317333604     
   11.3000000000000        169.634968953247     
   11.3500000000000        169.420980546098     
   11.4000000000000        169.458369618337     
   11.4500000000000        169.254478488077     
   11.5000000000000        169.295653833305     
   11.5500000000000        169.441490294590     
   11.6000000000000        169.491996724774     
   11.6500000000000        169.544483403766     
   11.7000000000000        169.488667845699     
   11.7500000000000        169.380837088701     
   11.8000000000000        169.526233813931     
   11.8500000000000        169.451870956689     
   11.9000000000000        169.428473510553     
   11.9500000000000        169.464130323691     
   12.0000000000000        169.688072558338     
   12.0500000000000        169.272022559129     
   12.1000000000000        169.477708753643     
   12.1500000000000        169.565599747734     
   12.2000000000000        169.501265227418     
   12.2500000000000        169.469677622793     
   12.3000000000000        169.630760352417     
   12.3500000000000        169.467234130821     
   12.4000000000000        169.491989631493     
   12.4500000000000        169.375907574055     
   12.5000000000000        169.466833493089     
   12.5500000000000        169.254015420806     
   12.6000000000000        169.234613126518     
   12.6500000000000        169.342222903663     
   12.7000000000000        169.716456565130     
   12.7500000000000        169.347377107249     
   12.8000000000000        169.372657694194     
   12.8500000000000        169.447740261471     
   12.9000000000000        169.315169616480     
   12.9500000000000        169.292210028930     
   13.0000000000000        169.641869727375     
   13.0500000000000        169.573792439101     
   13.1000000000000        169.325209930075     
   13.1500000000000        169.460301907570     
   13.2000000000000        169.514921435551     
   13.2500000000000        169.450704374341     
   13.3000000000000        169.165824725910     
   13.3500000000000        169.358372922838     
   13.4000000000000        169.389776148439     
   13.4500000000000        169.407775512448     
   13.5000000000000        169.525359222099     
   13.5500000000000        169.603677279831     
   13.6000000000000        169.539192746981     
   13.6500000000000        169.374467624047     
   13.7000000000000        169.295683505361     
   13.7500000000000        169.397923449979     
   13.8000000000000        169.393793825065     
   13.8500000000000        169.342753137240     
   13.9000000000000        169.389420578330     
   13.9500000000000        169.468641087861     
   14.0000000000000        169.401298219225     
   14.0500000000000        169.298871114840     
   14.1000000000000        169.423811586191     
   14.1500000000000        169.293036924187     
   14.2000000000000        169.727233549179     
   14.2500000000000        169.396883200280     
   14.3000000000000        169.301938144743     
   14.3500000000000        169.525939289670     
   14.4000000000000        169.505126984884     
   14.4500000000000        169.537240437261     
   14.5000000000000        169.483246886605     
   14.5500000000000        169.554491327915     
   14.6000000000000        169.402295975903     
   14.6500000000000        169.475941711123     
   14.7000000000000        169.484407707792     
   14.7500000000000        169.527813312640     
   14.8000000000000        169.331743678967     
   14.8500000000000        169.514253595856     
   14.9000000000000        169.412461517121     
   14.9500000000000        169.502329856848     
   15.0000000000000        169.386046746439     
   15.0500000000000        169.456469543085     
   15.1000000000000        169.320875858817     
   15.1500000000000        169.490932489553     
   15.2000000000000        169.419809924936     
   15.2500000000000        169.494550065590     
   15.3000000000000        169.242701881040     
   15.3500000000000        169.343142742005     
   15.4000000000000        169.364174840727     
   15.4500000000000        169.438110508218     
   15.5000000000000        169.287095656139     
   15.5500000000000        169.515637208528     
   15.6000000000000        169.496015333155     
   15.6500000000000        169.445814602081     
   15.7000000000000        169.492694736821     
   15.7500000000000        169.362051261030     
   15.8000000000000        169.527461591750     
   15.8500000000000        169.521214694477     
   15.9000000000000        169.251057078497     
   15.9500000000000        169.528895769141     
   16.0000000000000        169.506359964517     
   16.0500000000000        169.331657736550     
   16.1000000000000        169.541108736364     
   16.1500000000000        169.093279169371     
   16.2000000000000        169.527105604224     
   16.2500000000000        169.464274613400     
   16.3000000000000        169.534335814831     
   16.3500000000000        169.515462549112     
   16.4000000000000        169.360033608981     
   16.4500000000000        169.544198566356     
   16.5000000000000        169.443386723569     
   16.5500000000000        169.494223151064     
   16.6000000000000        169.396177187514     
   16.6500000000000        169.425753433635     
   16.7000000000000        169.327756598986     
   16.7500000000000        169.276142803881     
   16.8000000000000        169.501216526252     
   16.8500000000000        169.486346511839     
   16.9000000000000        169.695287524732     
   16.9500000000000        169.383508856343     
   17.0000000000000        169.487020790053     
   17.0500000000000        169.445283086734     
   17.1000000000000        169.382145782289     
   17.1500000000000        169.608497924550     
   17.2000000000000        169.506546625723     
   17.2500000000000        169.402262396087     
   17.3000000000000        169.160018081310     
   17.3500000000000        169.742632940585     
   17.4000000000000        169.262791458564     
   17.4500000000000        169.458901152815     
   17.5000000000000        169.481419528575     
   17.5500000000000        169.564906107687     
   17.6000000000000        169.303967976820     
   17.6500000000000        169.424759561418     
   17.7000000000000        169.653237539149     
   17.7500000000000        169.200309790643     
   17.8000000000000        169.667108974836     
   17.8500000000000        169.408424548716     
   17.9000000000000        169.552170960653     
   17.9500000000000        169.180061038054     
   18.0000000000000        169.400348765144     
   18.0500000000000        169.326053578021     
   18.1000000000000        169.499041988069     
   18.1500000000000        169.488880107558     
   18.2000000000000        169.521501029389     
   18.2500000000000        169.584894717727     
   18.3000000000000        169.451405295342     
   18.3500000000000        169.421821821844     
   18.4000000000000        169.440833779944     
   18.4500000000000        169.620891843312     
   18.5000000000000        169.419164272804     
   18.5500000000000        169.340076547483     
   18.6000000000000        169.392164210321     
   18.6500000000000        169.326236828001     
   18.7000000000000        169.521151365590     
   18.7500000000000        169.537375013777     
   18.8000000000000        169.530195924698     
   18.8500000000000        169.566273648544     
   18.9000000000000        169.301690630195     
   18.9500000000000        169.531667015789     
   19.0000000000000        169.316145292621     
   19.0500000000000        169.508292779332     
   19.1000000000000        169.212572429595     
   19.1500000000000        169.760885431281     
   19.2000000000000        169.460048509926     
   19.2500000000000        169.440702683837     
   19.3000000000000        169.528326203544     
   19.3500000000000        169.618298944456     
   19.4000000000000        169.263105954164     
   19.4500000000000        169.370344060610     
   19.5000000000000        169.473471066579     
   19.5500000000000        169.251646344368     
   19.6000000000000        169.419882964411     
   19.6500000000000        169.481981478365     
   19.7000000000000        169.322850989415     
   19.7500000000000        169.488521488377     
   19.8000000000000        169.443296179166     
   19.8500000000000        169.370551674999     
   19.9000000000000        169.351875106875     
   19.9500000000000        169.260397158275     
   20.0000000000000        169.383857007986     
   20.0500000000000        169.522646914815     
   20.1000000000000        169.289858686831     
   20.1500000000000        169.507083842385     
   20.2000000000000        169.397585106319     
   20.2500000000000        169.189620099448     
   20.3000000000000        169.485737345109     
   20.3500000000000        169.413560430599     
   20.4000000000000        169.306047719814     
   20.4500000000000        169.417065037784     
   20.5000000000000        169.457178635101     
   20.5500000000000        169.446552835852     
   20.6000000000000        169.465587731072     
   20.6500000000000        169.333352191348     
   20.7000000000000        169.358080996334     
   20.7500000000000        169.549324233420     
   20.8000000000000        169.491793391543     
   20.8500000000000        169.479366956883     
   20.9000000000000        169.515684842248     
   20.9500000000000        169.426252702667     
   21.0000000000000        169.574707137156     
   21.0500000000000        169.578256302798     
   21.1000000000000        169.440836568331     
   21.1500000000000        169.352305645254     
   21.2000000000000        169.411899200826     
   21.2500000000000        169.494505504743     
   21.3000000000000        169.381299961825     
   21.3500000000000        169.461741876658     
   21.4000000000000        169.604115783140     
   21.4500000000000        169.405468539479     
   21.5000000000000        169.266019900478     
   21.5500000000000        169.587375991081     
   21.6000000000000        169.491802067262     
   21.6500000000000        169.406836104392     
   21.7000000000000        169.361037103398     
   21.7500000000000        169.609335047127     
   21.8000000000000        169.390592763713     
   21.8500000000000        169.441253544338     
   21.9000000000000        169.567398395482     
   21.9500000000000        169.284680923661     
   22.0000000000000        169.407762297359     
   22.0500000000000        169.425063810340     
   22.1000000000000        169.460665155723     
   22.1500000000000        169.403879854627     
   22.2000000000000        169.387058020843     
   22.2500000000000        169.582452004004     
   22.3000000000000        169.576996136631     
   22.3500000000000        169.379882596966     
   22.4000000000000        169.560942603793     
   22.4500000000000        169.479809148773     
   22.5000000000000        169.495462306842     
   22.5500000000000        169.581414028210     
   22.6000000000000        169.459336077511     
   22.6500000000000        169.506995515688     
   22.7000000000000        169.501224147981     
   22.7500000000000        169.430104101150     
   22.8000000000000        169.494386839595     
   22.8500000000000        169.281404594405     
   22.9000000000000        169.447179142011     
   22.9500000000000        169.241565535790     
   23.0000000000000        169.402960535687     
   23.0500000000000        169.500092023473     
   23.1000000000000        169.562968451746     
   23.1500000000000        169.572984844510     
   23.2000000000000        169.514058660218     
   23.2500000000000        169.326424680468     
   23.3000000000000        169.515452201743     
   23.3500000000000        169.306860834265     
   23.4000000000000        169.440066303305     
   23.4500000000000        169.437583372742     
   23.5000000000000        169.427721044856     
   23.5500000000000        169.556199934100     
   23.6000000000000        169.571118501398     
   23.6500000000000        169.459171000086     
   23.7000000000000        169.595625165879     
   23.7500000000000        169.475525685964     
   23.8000000000000        169.216558531003     
   23.8500000000000        169.475444974226     
   23.9000000000000        169.497020157654     
   23.9500000000000        169.487665065860     
   24.0000000000000        169.357042882184     
   24.0500000000000        169.262988164957     
   24.1000000000000        169.485471007243     
   24.1500000000000        169.426252558707     
   24.2000000000000        169.370733294841     
   24.2500000000000        169.504757007318     
   24.3000000000000        169.503041474341     
   24.3500000000000        169.453366290164     
   24.4000000000000        169.358215898076     
   24.4500000000000        169.411007662357     
   24.5000000000000        169.461482673743     
   24.5500000000000        169.514950572798     
   24.6000000000000        169.271934967722     
   24.6500000000000        169.442383608599     
   24.7000000000000        169.613593977350     
   24.7500000000000        169.481030627215     
   24.8000000000000        169.452557857826     
   24.8500000000000        169.383129409022     
   24.9000000000000        169.371251962801     
   24.9500000000000        169.389268725927     
   25.0000000000000        169.389844859771     
   25.0500000000000        169.516797043572     
   25.1000000000000        169.356906864919     
   25.1500000000000        169.364149035925     
   25.2000000000000        169.305583499240     
   25.2500000000000        169.266906215915     
   25.3000000000000        169.377619567501     
   25.3500000000000        169.443089858098     
   25.4000000000000        169.523521540112     
   25.4500000000000        169.306689745236     
   25.5000000000000        169.809509418048     
   25.5500000000000        169.452454287093     
   25.6000000000000        169.524152920299     
   25.6500000000000        169.385354460501     
   25.7000000000000        169.430546138227     
   25.7500000000000        169.306481601310     
   25.8000000000000        169.205350679819     
   25.8500000000000        169.422343871703     
   25.9000000000000        169.740226220372     
   25.9500000000000        169.446661115705     
   26.0000000000000        169.440617046381     
   26.0500000000000        169.470498258995     
   26.1000000000000        169.490631232350     
   26.1500000000000        169.443101063758     
   26.2000000000000        169.556846055230     
   26.2500000000000        169.407511397492     
   26.3000000000000        169.329252584198     
   26.3500000000000        169.342053807074     
   26.4000000000000        169.446224064000     
   26.4500000000000        169.309887321151     
   26.5000000000000        169.415205422273     
   26.5500000000000        169.305383111913     
   26.6000000000000        169.566636260262     
   26.6500000000000        169.351177166672     
   26.7000000000000        169.473229454926     
   26.7500000000000        169.600739455124     
   26.8000000000000        169.487135998868     
   26.8500000000000        169.372457393510     
   26.9000000000000        169.476886637107     
   26.9500000000000        169.320971171663     
   27.0000000000000        169.490752950864     
   27.0500000000000        169.466556649785     
   27.1000000000000        169.237753656129     
   27.1500000000000        169.417570818845     
   27.2000000000000        169.345908832110     
   27.2500000000000        169.537034720884     
   27.3000000000000        169.520941140148     
   27.3500000000000        169.456501243231     
   27.4000000000000        169.440309102427     
   27.4500000000000        169.541594592161     
   27.5000000000000        169.566675296162     
   27.5500000000000        169.178083596207     
   27.6000000000000        169.518397520437     
   27.6500000000000        169.431407640464     
   27.7000000000000        169.491617513093     
   27.7500000000000        169.492573550618     
   27.8000000000000        169.358939802163     
   27.8500000000000        169.593251841428     
   27.9000000000000        169.189356545827     
   27.9500000000000        169.359128419396     
   28.0000000000000        169.537352137805     
   28.0500000000000        169.501874905915     
   28.1000000000000        169.440990447576     
   28.1500000000000        169.555437848994     
   28.2000000000000        169.568560029251     
   28.2500000000000        169.195589292303     
   28.3000000000000        169.567082051515     
   28.3500000000000        169.464988716749     
   28.4000000000000        169.114293405529     
   28.4500000000000        169.463316448229     
   28.5000000000000        169.558534983610     
   28.5500000000000        169.383498016222     
   28.6000000000000        169.486155965394     
   28.6500000000000        169.429550223923     
   28.7000000000000        169.507486569141     
   28.7500000000000        169.395415254145     
   28.8000000000000        169.351796873326     
   28.8500000000000        169.396797796332     
   28.9000000000000        169.382800493207     
   28.9500000000000        169.711855151291     
   29.0000000000000        169.460499310471     
   29.0500000000000        169.407214935579     
   29.1000000000000        169.530932491040     
   29.1500000000000        169.360952974529     
   29.2000000000000        169.320375910088     
   29.2500000000000        169.627301354338     
   29.3000000000000        169.539095475013     
   29.3500000000000        169.548685954349     
   29.4000000000000        169.256641084220     
   29.4500000000000        169.549960324326     
   29.5000000000000        169.489731305263     
   29.5500000000000        169.388229394996     
   29.6000000000000        169.518976911548     
   29.6500000000000        169.583733234560     
   29.7000000000000        169.410825127689     
   29.7500000000000        169.484102854223     
   29.8000000000000        169.600903522816     
   29.8500000000000        169.461333392331     
   29.9000000000000        169.277317046140     
   29.9500000000000        169.371515342417     
   30.0000000000000        169.608873337541     
   30.0500000000000        169.503234740383     
   30.1000000000000        169.399409861057     
   30.1500000000000        169.438216198889     
   30.2000000000000        169.412714511786     
   30.2500000000000        169.556981379866     
   30.3000000000000        169.542401613616     
   30.3500000000000        169.451447649606     
   30.4000000000000        169.417650335252     
   30.4500000000000        169.470576000277     
   30.5000000000000        169.355089172904     
   30.5500000000000        169.419971145074     
   30.6000000000000        169.324235859592     
   30.6500000000000        169.527497835814     
   30.7000000000000        169.277841141279     
   30.7500000000000        169.409180581823     
   30.8000000000000        169.345596058298     
   30.8500000000000        169.504812680542     
   30.9000000000000        169.415472300233     
   30.9500000000000        169.366911281003     
   31.0000000000000        169.487174729771     
   31.0500000000000        169.356234194058     
   31.1000000000000        169.628162344876     
   31.1500000000000        169.353092259165     
   31.2000000000000        169.378302178049     
   31.2500000000000        169.433299770337     
   31.3000000000000        169.359662319990     
   31.3500000000000        169.416019765696     
   31.4000000000000        169.348631993278     
   31.4500000000000        169.409506811289     
   31.5000000000000        169.529190438955     
   31.5500000000000        169.271502660472     
   31.6000000000000        169.259141615412     
   31.6500000000000        169.480509523885     
   31.7000000000000        169.320308155094     
   31.7500000000000        169.442790898016     
   31.8000000000000        169.395868972325     
   31.8500000000000        169.295547059603     
   31.9000000000000        169.520118466433     
   31.9500000000000        169.571457328695     
   32.0000000000000        169.395901591944     
   32.0500000000000        169.557315214788     
   32.1000000000000        169.375213735385     
   32.1500000000000        169.362480217233     
   32.2000000000000        169.475116363171     
   32.2500000000000        169.501002446930     
   32.3000000000000        169.460537146714     
   32.3500000000000        169.524411699295     
   32.4000000000000        169.502332122583     
   32.4500000000000        169.472910685193     
   32.5000000000000        169.300090427191     
   32.5500000000000        169.529001278074     
   32.6000000000000        169.509472907226     
   32.6500000000000        169.287806093787     
   32.7000000000000        169.400912097322     
   32.7500000000000        169.324573779106     
   32.8000000000000        169.487029443295     
   32.8500000000000        169.416923265576     
   32.9000000000000        169.513286727394     
   32.9500000000000        169.369002751113     
   33.0000000000000        169.487686452228     
   33.0500000000000        169.358464768063     
   33.1000000000000        169.417933121059     
   33.1500000000000        169.350889449067     
   33.2000000000000        169.211089429159     
   33.2500000000000        169.493359794571     
   33.3000000000000        169.507157376872     
   33.3500000000000        169.427913229806     
   33.4000000000000        169.262021181539     
   33.4500000000000        169.405547100475     
   33.5000000000000        169.596455828544     
   33.5500000000000        169.246987281098     
   33.6000000000000        169.266754636304     
   33.6500000000000        169.468527567157     
   33.7000000000000        169.675907221901     
   33.7500000000000        169.431346561595     
   33.8000000000000        169.483000641802     
   33.8500000000000        169.638474967103     
   33.9000000000000        169.399104486458     
   33.9500000000000        169.431635131865     
   34.0000000000000        169.354871620465     
   34.0500000000000        169.472046126173     
   34.1000000000000        169.400943782265     
   34.1500000000000        169.520440484755     
   34.2000000000000        169.366372763399     
   34.2500000000000        169.657168406133     
   34.3000000000000        169.552002647193     
   34.3500000000000        169.481610952485     
   34.4000000000000        169.513235927179     
   34.4500000000000        169.372170051867     
   34.5000000000000        169.510745554754     
   34.5500000000000        169.437493114014     
   34.6000000000000        169.434805718785     
   34.6500000000000        169.540564984517     
   34.7000000000000        169.384264655313     
   34.7500000000000        169.527183021094     
   34.8000000000000        169.161830996841     
   34.8500000000000        169.405180106392     
   34.9000000000000        169.432957870756     
   34.9500000000000        169.413779054851     
   35.0000000000000        169.500652307143     
   35.0500000000000        169.385579570492     
   35.1000000000000        169.435645924898     
   35.1500000000000        169.344590215789     
   35.2000000000000        169.315480170625     
   35.2500000000000        169.333888004306     
   35.3000000000000        169.520960761768     
   35.3500000000000        169.297934103204     
   35.4000000000000        169.365302759010     
   35.4500000000000        169.460215959656     
   35.5000000000000        169.459155674324     
   35.5500000000000        169.507647439038     
   35.6000000000000        169.425267202153     
   35.6500000000000        169.338386110306     
   35.7000000000000        169.417057077285     
   35.7500000000000        169.258502715141     
   35.8000000000000        169.593382801744     
   35.8500000000000        169.297010879567     
   35.9000000000000        169.574548379758     
   35.9500000000000        169.415737124532     
   36.0000000000000        169.539547508658     
   36.0500000000000        169.369840466799     
   36.1000000000000        169.336361922060     
   36.1500000000000        169.570726482002     
   36.2000000000000        169.483154320601     
   36.2500000000000        169.394996772779     
   36.3000000000000        169.566217637674     
   36.3500000000000        169.540270619562     
   36.4000000000000        169.575893617331     
   36.4500000000000        169.620927479472     
   36.5000000000000        169.391487339299     
   36.5500000000000        169.435884576967     
   36.6000000000000        169.372822150733     
   36.6500000000000        169.317728244288     
   36.7000000000000        169.322790398708     
   36.7500000000000        169.380640950007     
   36.8000000000000        169.385006500008     
   36.8500000000000        169.526110160902     
   36.9000000000000        169.552815587729     
   36.9500000000000        169.385722273781     
   37.0000000000000        169.383743259330     
   37.0500000000000        169.410318311709     
   37.1000000000000        169.504959044590     
   37.1500000000000        169.455575652702     
   37.2000000000000        169.338692573758     
   37.2500000000000        169.630332283439     
   37.3000000000000        169.427676160421     
   37.3500000000000        169.677576449622     
   37.4000000000000        169.486611443422     
   37.4500000000000        169.691962995930     
   37.5000000000000        169.389578395806     
   37.5500000000000        169.524532674002     
   37.6000000000000        169.526741727054     
   37.6500000000000        169.351129046662     
   37.7000000000000        169.421477951367     
   37.7500000000000        169.495568931104     
   37.8000000000000        169.448702752242     
   37.8500000000000        169.212737902392     
   37.9000000000000        169.315005550518     
   37.9500000000000        169.385253598213     
   38.0000000000000        169.519273123415     
   38.0500000000000        169.581188903828     
   38.1000000000000        169.567935084153     
   38.1500000000000        169.470368141226     
   38.2000000000000        169.473412767519     
   38.2500000000000        169.401408256903     
   38.3000000000000        169.448910452699     
   38.3500000000000        169.569791975071     
   38.4000000000000        169.406666792820     
   38.4500000000000        169.642372446603     
   38.5000000000000        169.425667816541     
   38.5500000000000        169.458862555583     
   38.6000000000000        169.445108612106     
   38.6500000000000        169.609444448192     
   38.7000000000000        169.320130033458     
   38.7500000000000        169.333514414323     
   38.8000000000000        169.683892960608     
   38.8500000000000        169.363802125057     
   38.9000000000000        169.585489997330     
   38.9500000000000        169.495816504882     
   39.0000000000000        169.383090946579     
   39.0500000000000        169.267083127826     
   39.1000000000000        169.492852336461     
   39.1500000000000        169.515101840714     
   39.2000000000000        169.596889401635     
   39.2500000000000        169.501859176053     
   39.3000000000000        169.339084043723     
   39.3500000000000        169.481498935095     
   39.4000000000000        169.563419475413     
   39.4500000000000        169.530900525363     
   39.5000000000000        169.403343922970     
   39.5500000000000        169.267407047579     
   39.6000000000000        169.266508622827     
   39.6500000000000        169.410127714941     
   39.7000000000000        169.434290528269     
   39.7500000000000        169.635914388110     
   39.8000000000000        169.545760644192     
   39.8500000000000        169.497804688274     
   39.9000000000000        169.347174741156     
   39.9500000000000        169.400108707849     
   40.0000000000000        169.473546891721     
   40.0500000000000        169.431359098930     
   40.1000000000000        169.345617451300     
   40.1500000000000        169.490315062723     
   40.2000000000000        169.267695007444     
   40.2500000000000        169.065466962418     
   40.3000000000000        169.442914187995     
   40.3500000000000        169.476177188989     
   40.4000000000000        169.381372181721     
   40.4500000000000        169.440948874136     
   40.5000000000000        169.547815268982     
   40.5500000000000        169.334001328619     
   40.6000000000000        169.373971918670     
   40.6500000000000        169.268066886381     
   40.7000000000000        169.460064542507     
   40.7500000000000        169.374029731546     
   40.8000000000000        169.400443514985     
   40.8500000000000        169.618787569551     
   40.9000000000000        169.453597757737     
   40.9500000000000        169.540805482000     
   41.0000000000000        169.625654075122     
   41.0500000000000        169.529058482136     
   41.1000000000000        169.454705282785     
   41.1500000000000        169.489722632802     
   41.2000000000000        169.410838710700     
   41.2500000000000        169.530686799033     
   41.3000000000000        169.506642990755     
   41.3500000000000        169.652552975264     
   41.4000000000000        169.763854471659     
   41.4500000000000        169.452149446936     
   41.5000000000000        169.335646954591     
   41.5500000000000        169.674806198938     
   41.6000000000000        169.245782292777     
   41.6500000000000        169.472773232914     
   41.7000000000000        169.345919775466     
   41.7500000000000        169.524616606178     
   41.8000000000000        169.281261976634     
   41.8500000000000        169.431484735494     
   41.9000000000000        169.485386940880     
   41.9500000000000        169.319020857950     
   42.0000000000000        169.281445787856     
   42.0500000000000        169.389466915774     
   42.1000000000000        169.559033076759     
   42.1500000000000        169.335558166026     
   42.2000000000000        169.385444456403     
   42.2500000000000        169.300566876446     
   42.3000000000000        169.519182823995     
   42.3500000000000        169.390976068072     
   42.4000000000000        169.441679872045     
   42.4500000000000        169.316958571435     
   42.5000000000000        169.520411245426     
   42.5500000000000        169.500518061328     
   42.6000000000000        169.462861825789     
   42.6500000000000        169.249856432751     
   42.7000000000000        169.413806674659     
   42.7500000000000        169.581969441560     
   42.8000000000000        169.753851362209     
   42.8500000000000        169.408594856252     
   42.9000000000000        169.275227257385     
   42.9500000000000        169.397680735730     
   43.0000000000000        169.660777183851     
   43.0500000000000        169.485875136389     
   43.1000000000000        169.549226637697     
   43.1500000000000        169.360921448717     
   43.2000000000000        169.531237933397     
   43.2500000000000        169.434863265943     
   43.3000000000000        169.430694662306     
   43.3500000000000        169.660606453555     
   43.4000000000000        169.544090508990     
   43.4500000000000        169.546022282998     
   43.5000000000000        169.468166615338     
   43.5500000000000        169.393842814603     
   43.6000000000000        169.343704771389     
   43.6500000000000        169.467313924346     
   43.7000000000000        169.368082167444     
   43.7500000000000        169.141747572665     
   43.8000000000000        169.549058055580     
   43.8500000000000        169.434385807929     
   43.9000000000000        169.618919793244     
   43.9500000000000        169.340059327906     
   44.0000000000000        169.319278178048     
   44.0500000000000        169.470929904187     
   44.1000000000000        169.579481987008     
   44.1500000000000        169.382169642721     
   44.2000000000000        169.495055873290     
   44.2500000000000        169.463127991748     
   44.3000000000000        169.474879558700     
   44.3500000000000        169.269616993018     
   44.4000000000000        169.437476870669     
   44.4500000000000        169.627051678084     
   44.5000000000000        169.495533659736     
   44.5500000000000        169.286838109924     
   44.6000000000000        169.492006306860     
   44.6500000000000        169.320916315203     
   44.7000000000000        169.323891314911     
   44.7500000000000        169.450680312332     
   44.8000000000000        169.358333481234     
   44.8500000000000        169.547337779223     
   44.9000000000000        169.447523162708     
   44.9500000000000        169.568907776866     
   45.0000000000000        169.340912899248     
   45.0500000000000        169.146899961438     
   45.1000000000000        169.543043090384     
   45.1500000000000        169.503648424988     
   45.2000000000000        169.391581870841     
   45.2500000000000        169.793442236312     
   45.3000000000000        169.435186956510     
   45.3500000000000        169.507414442046     
   45.4000000000000        169.672282040892     
   45.4500000000000        169.313310762355     
   45.5000000000000        169.487249020485     
   45.5500000000000        169.521273736894     
   45.6000000000000        169.395547485994     
   45.6500000000000        169.462349789014     
   45.7000000000000        169.253731053747     
   45.7500000000000        169.466297742687     
   45.8000000000000        169.118682396737     
   45.8500000000000        169.494521831763     
   45.9000000000000        169.455579573957     
   45.9500000000000        169.271231917116     
   46.0000000000000        169.312795084623     
   46.0500000000000        169.458878027462     
   46.1000000000000        169.576853816821     
   46.1500000000000        169.437987967051     
   46.2000000000000        169.424582707849     
   46.2500000000000        169.372741857313     
   46.3000000000000        169.425665399704     
   46.3500000000000        169.481354124822     
   46.4000000000000        169.378273988685     
   46.4500000000000        169.367235470774     
   46.5000000000000        169.486322538114     
   46.5500000000000        169.307338425256     
   46.6000000000000        169.383733765622     
   46.6500000000000        169.521825574692     
   46.7000000000000        169.421305654313     
   46.7500000000000        169.461482502774     
   46.8000000000000        169.438295954710     
   46.8500000000000        169.338878735068     
   46.9000000000000        169.482586935125     
   46.9500000000000        169.513257324199     
   47.0000000000000        169.510428091547     
   47.0500000000000        169.376038770229     
   47.1000000000000        169.426747351226     
   47.1500000000000        169.298839218782     
   47.2000000000000        169.523716064599     
   47.2500000000000        169.512092752575     
   47.3000000000000        169.570803568003     
   47.3500000000000        169.616160481683     
   47.4000000000000        169.452616166433     
   47.4500000000000        169.390909863686     
   47.5000000000000        169.421214105854     
   47.5500000000000        169.553805875176     
   47.6000000000000        169.150888739552     
   47.6500000000000        169.423736227242     
   47.7000000000000        169.496583021086     
   47.7500000000000        169.353224350831     
   47.8000000000000        169.531410381619     
   47.8500000000000        169.437406920288     
   47.9000000000000        169.484048225583     
   47.9500000000000        169.538605842781     
   48.0000000000000        169.333513671391     
   48.0500000000000        169.399904460129     
   48.1000000000000        169.451017963474     
   48.1500000000000        169.419289130438     
   48.2000000000000        169.511507496153     
   48.2500000000000        169.415189991724     
   48.3000000000000        169.379222136466     
   48.3500000000000        169.646049607551     
   48.4000000000000        169.471718212640     
   48.4500000000000        169.272146497581     
   48.5000000000000        169.322145216180     
   48.5500000000000        169.610602483932     
   48.6000000000000        169.239538529734     
   48.6500000000000        169.444569965405     
   48.7000000000000        169.476915140728     
   48.7500000000000        169.639901065061     
   48.8000000000000        169.728705019409     
   48.8500000000000        169.655820138483     
   48.9000000000000        169.379028734788     
   48.9500000000000        169.476190318686     
   49.0000000000000        169.484109100198     
   49.0500000000000        169.367272894362     
   49.1000000000000        169.330680550332     
   49.1500000000000        169.463213530344     
   49.2000000000000        169.445335959107     
   49.2500000000000        169.486900488603     
   49.3000000000000        169.377899594290     
   49.3500000000000        169.175120920118     
   49.4000000000000        169.500839065874     
   49.4500000000000        169.429708890072     
   49.5000000000000        169.549537862416     
   49.5500000000000        169.456797403148     
   49.6000000000000        169.559079622004     
   49.6500000000000        169.289325502743     
   49.7000000000000        169.435861127937     
   49.7500000000000        169.542083041992     
   49.8000000000000        169.300344654222     
   49.8500000000000        169.536077273801     
   49.9000000000000        169.350339391896     
   49.9500000000000        169.434480550936     
   50.0000000000000        169.426620114829     
