  0.123888401863174        7.70230184894107     
  0.247776803726349        7.70143172544438     
  0.371665205589523        7.69751882113202     
  0.495553607452697        7.70089454828869     
  0.619442009315871        7.70578452659217     
  0.743330411179046        7.69762415787927     
  0.867218813042220        7.70331615822478     
  0.991107214905394        7.70678744534108     
   1.11499561676857        7.69655017034163     
   1.23888401863174        7.70177049490688     
   1.36277242049492        7.69599975052875     
   1.48666082235809        7.70063185844494     
   1.61054922422127        7.70585374045747     
   1.73443762608444        7.69572384541526     
   1.85832602794761        7.70152975955297     
   1.98221442981079        7.70056961712972     
   2.10610283167396        7.70210007221647     
   2.22999123353714        7.70114303934236     
   2.35387963540031        7.69660203298826     
   2.47776803726349        7.69784642555667     
   2.60165643912666        7.70022741307234     
   2.72554484098983        7.69441439803033     
   2.84943324285301        7.69659996875457     
   2.97332164471618        7.69991833053667     
   3.09721004657936        7.69401457381989     
   3.22109844844253        7.69589321702359     
   3.34498685030571        7.69213575372524     
   3.46887525216888        7.69210166775752     
   3.59276365403205        7.69630923332881     
   3.71665205589523        7.69531786955491     
   3.84054045775840        7.71592746880384     
   3.96442885962158        7.69654650340843     
   4.08831726148475        7.69795143842087     
   4.21220566334793        7.69648116289981     
   4.33609406521110        7.70705787704457     
   4.45998246707427        7.69607266659307     
   4.58387086893745        7.69584828094430     
   4.70775927080062        7.69051456380413     
   4.83164767266380        7.69345586364566     
   4.95553607452697        7.70304654074366     
   5.07942447639014        7.70051197519949     
   5.20331287825332        7.70024792944711     
   5.32720128011649        7.68916679413532     
   5.45108968197967        7.68985100457954     
   5.57497808384284        7.69898429787732     
   5.69886648570602        7.69331407339140     
   5.82275488756919        7.69952995823988     
   5.94664328943237        7.69883639546488     
   6.07053169129554        7.69736799907010     
   6.19442009315871        7.70144193594166     
   6.31830849502189        7.70432866238681     
   6.44219689688506        7.69631595419073     
   6.56608529874824        7.69889952105085     
   6.68997370061141        7.70603609891716     
   6.81386210247458        7.69524642813812     
   6.93775050433776        7.70675135966002     
   7.06163890620093        7.69011296351824     
   7.18552730806411        7.70732598172334     
   7.30941570992728        7.70086277106364     
   7.43330411179046        7.69992554211602     
   7.55719251365363        7.70659287205847     
   7.68108091551681        7.68981716130357     
   7.80496931737998        7.70383525274610     
   7.92885771924315        7.70014205721880     
   8.05274612110633        7.69550787098772     
   8.17663452296950        7.69621637189222     
   8.30052292483268        7.70481648570853     
   8.42441132669585        7.69595786866146     
   8.54829972855902        7.70045049665617     
   8.67218813042220        7.69560426517242     
   8.79607653228537        7.69355664405273     
   8.91996493414855        7.70140268206770     
   9.04385333601172        7.69892167978053     
   9.16774173787490        7.68870764561289     
   9.29163013973807        7.70279282257994     
   9.41551854160124        7.70621971110999     
   9.53940694346442        7.69783473229022     
   9.66329534532759        7.69603910774443     
   9.78718374719077        7.69561616822353     
   9.91107214905394        7.71432598971804     
   10.0349605509171        7.70049984495237     
   10.1588489527803        7.69578070309038     
   10.2827373546435        7.70109491301877     
   10.4066257565066        7.69924800764431     
   10.5305141583698        7.70579227131152     
   10.6544025602330        7.69804481228392     
   10.7782909620962        7.69437856365469     
   10.9021793639593        7.70077434983444     
   11.0260677658225        7.69576575301246     
   11.1499561676857        7.70067399248376     
   11.2738445695489        7.69654926593901     
   11.3977329714120        7.70542999972277     
   11.5216213732752        7.69988081734539     
   11.6455097751384        7.70944644671145     
   11.7693981770016        7.69883677687594     
   11.8932865788647        7.69575282614781     
   12.0171749807279        7.69214333860604     
   12.1410633825911        7.69346195766268     
   12.2649517844543        7.70034235836581     
   12.3888401863174        7.70129050872491     
   12.5127285881806        7.70513939777942     
   12.6366169900438        7.70361746632632     
   12.7605053919069        7.69534841820883     
   12.8843937937701        7.70439711498135     
   13.0082821956333        7.69977252489180     
   13.1321705974965        7.70005722496502     
   13.2560589993596        7.69765371507861     
   13.3799474012228        7.69562985360741     
   13.5038358030860        7.70575546341555     
   13.6277242049492        7.70462499982709     
   13.7516126068123        7.69281370232577     
   13.8755010086755        7.68751502873649     
   13.9993894105387        7.70160776371765     
   14.1232778124019        7.70555198546691     
   14.2471662142650        7.69469586138239     
   14.3710546161282        7.69735843754074     
   14.4949430179914        7.69836350609985     
   14.6188314198546        7.70533165114727     
   14.7427198217177        7.70434551911769     
   14.8666082235809        7.69706278927775     
   14.9904966254441        7.70029602814604     
   15.1143850273073        7.69974930879942     
   15.2382734291704        7.69734496680040     
   15.3621618310336        7.69135772083962     
   15.4860502328968        7.68625511612150     
   15.6099386347600        7.69985830591291     
   15.7338270366231        7.69774753492540     
   15.8577154384863        7.69917449747889     
   15.9816038403495        7.70259185260416     
   16.1054922422127        7.70106982075790     
   16.2293806440758        7.70371163386802     
   16.3532690459390        7.69545336296679     
   16.4771574478022        7.69605950781155     
   16.6010458496654        7.68556475988139     
   16.7249342515285        7.69845944740437     
   16.8488226533917        7.69728210012904     
   16.9727110552549        7.70603855777663     
   17.0965994571180        7.69940859915524     
   17.2204878589812        7.70215287464169     
   17.3443762608444        7.70103233448327     
   17.4682646627076        7.69334086100655     
   17.5921530645707        7.69866976030948     
   17.7160414664339        7.68174708417581     
   17.8399298682971        7.69830328833239     
   17.9638182701603        7.70485647200583     
   18.0877066720234        7.70417373322004     
   18.2115950738866        7.69635303825594     
   18.3354834757498        7.70436670451042     
   18.4593718776130        7.69347876273346     
   18.5832602794761        7.69733669479342     
   18.7071486813393        7.69766973503942     
   18.8310370832025        7.70233706518402     
   18.9549254850657        7.70459896542765     
   19.0788138869288        7.69993505544077     
   19.2027022887920        7.69906368624255     
   19.3265906906552        7.69710473245836     
   19.4504790925184        7.69478896948124     
   19.5743674943815        7.69398607894614     
   19.6982558962447        7.69164816543939     
   19.8221442981079        7.70591001768730     
   19.9460326999711        7.70499782373396     
   20.0699211018342        7.69199343574930     
   20.1938095036974        7.69906071522292     
   20.3176979055606        7.69599574291284     
   20.4415863074238        7.70152555200813     
   20.5654747092869        7.70772177632422     
   20.6893631111501        7.69607176456774     
   20.8132515130133        7.69441605074460     
   20.9371399148765        7.70081308428110     
   21.0610283167396        7.69618536616432     
   21.1849167186028        7.69315134233550     
   21.3088051204660        7.70163660502853     
   21.4326935223291        7.69617805342682     
   21.5565819241923        7.70049043400298     
   21.6804703260555        7.70284701508247     
   21.8043587279187        7.70116210353624     
   21.9282471297818        7.70436820961958     
   22.0521355316450        7.69903137397027     
   22.1760239335082        7.70478596929306     
   22.2999123353714        7.70257399588906     
   22.4238007372345        7.69505474134818     
   22.5476891390977        7.70258613831778     
   22.6715775409609        7.68598309439641     
   22.7954659428241        7.69091218150007     
   22.9193543446872        7.70701912242995     
   23.0432427465504        7.70094844191107     
   23.1671311484136        7.70069641737408     
   23.2910195502768        7.69831310415924     
   23.4149079521399        7.70309621116497     
   23.5387963540031        7.70723705705393     
   23.6626847558663        7.69786788633151     
   23.7865731577295        7.69820042318666     
   23.9104615595926        7.70186993555978     
   24.0343499614558        7.69850344612234     
   24.1582383633190        7.69846294760583     
   24.2821267651822        7.70018164426238     
   24.4060151670453        7.70247076962760     
   24.5299035689085        7.70077263658394     
   24.6537919707717        7.70157384114759     
   24.7776803726349        7.68380646578046     
   24.9015687744980        7.70238917156706     
   25.0254571763612        7.70460962980381     
   25.1493455782244        7.69030168920888     
   25.2732339800876        7.69275519875532     
   25.3971223819507        7.70269610982207     
   25.5210107838139        7.69292779438208     
   25.6448991856771        7.69933725860138     
   25.7687875875402        7.69941348566335     
   25.8926759894034        7.69744013643074     
   26.0165643912666        7.69987216166904     
   26.1404527931298        7.69321027758364     
   26.2643411949929        7.69087835926467     
   26.3882295968561        7.69528030894698     
   26.5121179987193        7.69924342794251     
   26.6360064005825        7.70110238213381     
   26.7598948024456        7.70107102432131     
   26.8837832043088        7.69523498036414     
   27.0076716061720        7.68843120455808     
   27.1315600080352        7.69828092649383     
   27.2554484098983        7.68976401501419     
   27.3793368117615        7.69126372727696     
   27.5032252136247        7.70683856833316     
   27.6271136154879        7.69182286582872     
   27.7510020173510        7.69639092277427     
   27.8748904192142        7.70265194332162     
   27.9987788210774        7.70804335426659     
   28.1226672229406        7.69831993503415     
   28.2465556248037        7.70001885708760     
   28.3704440266669        7.69075424801974     
   28.4943324285301        7.69262521453157     
   28.6182208303933        7.69925187749586     
   28.7421092322564        7.70154683917700     
   28.8659976341196        7.70393178138373     
   28.9898860359828        7.70139557824070     
   29.1137744378460        7.69649585647351     
   29.2376628397091        7.70310253827119     
   29.3615512415723        7.69972356440100     
   29.4854396434355        7.69866040784601     
   29.6093280452987        7.70028061777821     
   29.7332164471618        7.71045632897834     
   29.8571048490250        7.69155143306426     
   29.9809932508882        7.70089760805681     
   30.1048816527513        7.70489128693729     
   30.2287700546145        7.70196799066866     
   30.3526584564777        7.70053268150207     
   30.4765468583409        7.70785211965346     
   30.6004352602040        7.70042165167038     
   30.7243236620672        7.70154651686540     
   30.8482120639304        7.69627186425750     
   30.9721004657936        7.70040344709248     
   31.0959888676567        7.69073320670598     
   31.2198772695199        7.68985158585584     
   31.3437656713831        7.69474126651955     
   31.4676540732463        7.71174606986292     
   31.5915424751094        7.69497546837627     
   31.7154308769726        7.69612419296647     
   31.8393192788358        7.69953586974097     
   31.9632076806990        7.69351199220324     
   32.0870960825621        7.69246873150456     
   32.2109844844253        7.70835691854218     
   32.3348728862885        7.70526355464033     
   32.4587612881517        7.69396821401270     
   32.5826496900148        7.70010665837809     
   32.7065380918780        7.70258851511000     
   32.8304264937412        7.69967055606567     
   32.9543148956044        7.68672590972062     
   33.0782032974675        7.69547510724082     
   33.2020916993307        7.69690203840891     
   33.3259801011939        7.69771991151011     
   33.4498685030571        7.70306279769295     
   33.5737569049202        7.70662149191822     
   33.6976453067834        7.70369137923006     
   33.8215337086466        7.69620643436908     
   33.9454221105098        7.69262656280011     
   34.0693105123729        7.69727224364362     
   34.1931989142361        7.69708459761712     
   34.3170873160993        7.69476535980305     
   34.4409757179624        7.69688588165872     
   34.5648641198256        7.70048558239130     
   34.6887525216888        7.69742558978338     
   34.8126409235520        7.69277140458721     
   34.9365293254151        7.69844857466491     
   35.0604177272783        7.69250630479812     
   35.1843061291415        7.71223576524117     
   35.3081945310047        7.69722497573750     
   35.4320829328678        7.69291076735899     
   35.5559713347310        7.70308915538330     
   35.6798597365942        7.70214346506614     
   35.8037481384574        7.70360266822868     
   35.9276365403205        7.70114925528043     
   36.0515249421837        7.70438653144914     
   36.1754133440469        7.69747092684904     
   36.2993017459101        7.70081731541170     
   36.4231901477732        7.70120200183437     
   36.5470785496364        7.70317430911304     
   36.6709669514996        7.69426510102860     
   36.7948553533628        7.70255816914212     
   36.9187437552259        7.69793283887647     
   37.0426321570891        7.70201636636533     
   37.1665205589523        7.69673257811143     
   37.2904089608155        7.69993251956824     
   37.4142973626786        7.69377127814877     
   37.5381857645418        7.70149848139281     
   37.6620741664050        7.69826674317917     
   37.7859625682682        7.70166286043033     
   37.9098509701313        7.69021913077256     
   38.0337393719945        7.69478306305397     
   38.1576277738577        7.69573874058780     
   38.2815161757209        7.69909830338290     
   38.4054045775840        7.69223633951930     
   38.5292929794472        7.70262103911831     
   38.6531813813104        7.70172944072325     
   38.7770697831735        7.69944836970396     
   38.9009581850367        7.70157855614643     
   39.0248465868999        7.69564224724996     
   39.1487349887631        7.70315832726755     
   39.2726233906262        7.70287447450235     
   39.3965117924894        7.69059878258982     
   39.5204001943526        7.70322349485399     
   39.6442885962158        7.70219949042769     
   39.7681769980789        7.69426119589109     
   39.8920653999421        7.70377843987163     
   40.0159538018053        7.68342951217705     
   40.1398422036685        7.70314215155034     
   40.2637306055316        7.70028717415828     
   40.3876190073948        7.70347068509011     
   40.5115074092580        7.70261310276909     
   40.6353958111212        7.69555056715846     
   40.7592842129843        7.70391883865666     
   40.8831726148475        7.69933804933226     
   41.0070610167107        7.70164800576121     
   41.1309494185739        7.69719289522345     
   41.2548378204370        7.69853681027093     
   41.3787262223002        7.69408393210133     
   41.5026146241634        7.69173865286556     
   41.6265030260266        7.70196577773639     
   41.7503914278897        7.70129009915146     
   41.8742798297529        7.71078416983628     
   41.9981682316161        7.69661725892336     
   42.1220566334793        7.70132073767921     
   42.2459450353424        7.69942421817809     
   42.3698334372056        7.69655532220141     
   42.4937218390688        7.70684053719364     
   42.6176102409319        7.70220797212624     
   42.7414986427951        7.69746940101581     
   42.8653870446583        7.68646206159664     
   42.9892754465215        7.71293549818724     
   43.1131638483847        7.69113198108567     
   43.2370522502478        7.70004300948278     
   43.3609406521110        7.70106622195890     
   43.4848290539742        7.70485976862720     
   43.6087174558373        7.69300300089871     
   43.7326058577005        7.69849164971129     
   43.8564942595637        7.70887346054141     
   43.9803826614269        7.68829287657704     
   44.1042710632900        7.70950376470755     
   44.2281594651532        7.69774940306910     
   44.3520478670164        7.70428109628109     
   44.4759362688796        7.68737279350812     
   44.5998246707427        7.69738244753936     
   44.7237130726059        7.69400654853168     
   44.8476014744691        7.70186696889585     
   44.9714898763323        7.70140522320734     
   45.0953782781954        7.70288748527441     
   45.2192666800586        7.70576803107879     
   45.3431550819218        7.69970240521506     
   45.4670434837850        7.69835816176277     
   45.5909318856481        7.69922204612689     
   45.7148202875113        7.70740370446826     
   45.8387086893745        7.69823740539193     
   45.9625970912377        7.69464373824109     
   46.0864854931008        7.69701054955277     
   46.2103738949640        7.69401487522756     
   46.3342622968272        7.70287159690105     
   46.4581506986904        7.70360878325100     
   46.5820391005535        7.70328257262236     
   46.7059275024167        7.70492190831618     
   46.8298159042799        7.69289952054544     
   46.9537043061430        7.70334941753044     
   47.0775927080062        7.69355632595139     
   47.2014811098694        7.70228731560007     
   47.3253695117326        7.68885007862835     
   47.4492579135958        7.71376487311198     
   47.5731463154589        7.70009514424255     
   47.6970347173221        7.69921608925085     
   47.8209231191853        7.70319761436284     
   47.9448115210484        7.70728588573715     
   48.0686999229116        7.69114627145125     
   48.1925883247748        7.69601906377004     
   48.3164767266380        7.70070505179428     
   48.4403651285011        7.69062555824173     
   48.5642535303643        7.69827006201987     
   48.6881419322275        7.70109175639541     
   48.8120303340907        7.69386102610801     
   48.9359187359538        7.70138892791035     
   49.0598071378170        7.69933393508513     
   49.1836955396802        7.69602849756030     
   49.3075839415434        7.69517985298129     
   49.4314723434065        7.69102318647487     
   49.5553607452697        7.69663307858589     
   49.6792491471329        7.70293955316229     
   49.8031375489961        7.69236188887091     
   49.9270259508592        7.70223238271414     
   50.0509143527224        7.69725686964604     
   50.1748027545856        7.68780714769883     
   50.2986911564488        7.70126241922440     
   50.4225795583119        7.69798277240597     
   50.5464679601751        7.69309750234063     
   50.6703563620383        7.69814201825188     
   50.7942447639015        7.69996474000037     
   50.9181331657646        7.69948191430828     
   51.0420215676278        7.70034684091218     
   51.1659099694910        7.69433819022267     
   51.2897983713541        7.69546184239241     
   51.4136867732173        7.70415174384236     
   51.5375751750805        7.70153759991831     
   51.6614635769437        7.70097295515381     
   51.7853519788069        7.70262320354691     
   51.9092403806700        7.69855949655649     
   52.0331287825332        7.70530511760522     
   52.1570171843964        7.70546638814282     
   52.2809055862595        7.69922217282839     
   52.4047939881227        7.69519941621471     
   52.5286823899859        7.69790728778632     
   52.6525707918491        7.70166083563002     
   52.7764591937122        7.69651688896534     
   52.9003475955754        7.70017208913344     
   53.0242359974386        7.70664141707011     
   53.1481243993018        7.69761508496537     
   53.2720128011649        7.69127867825780     
   53.3959012030281        7.70588077765873     
   53.5197896048913        7.70153799413432     
   53.6436780067545        7.69767722574746     
   53.7675664086176        7.69559616494129     
   53.8914548104808        7.70687857520639     
   54.0153432123440        7.69693914459036     
   54.1392316142072        7.69924111980117     
   54.2631200160703        7.70497301569229     
   54.3870084179335        7.69212661649025     
   54.5108968197967        7.69771931102968     
   54.6347852216599        7.69850547447802     
   54.7586736235230        7.70012316401092     
   54.8825620253862        7.69754289671439     
   55.0064504272494        7.69677852940908     
   55.1303388291126        7.70565703660993     
   55.2542272309757        7.70540912745237     
   55.3781156328389        7.69645248532354     
   55.5020040347021        7.70467967097374     
   55.6258924365652        7.70099304791110     
   55.7497808384284        7.70170431176058     
   55.8736692402916        7.70560987202784     
   55.9975576421548        7.70006277202604     
   56.1214460440180        7.70222836923735     
   56.2453344458811        7.70196612406010     
   56.3692228477443        7.69873450025217     
   56.4931112496075        7.70165544360438     
   56.6169996514706        7.69197774336519     
   56.7408880533338        7.69951037303382     
   56.8647764551970        7.69016749638075     
   56.9886648570602        7.69750112378106     
   57.1125532589233        7.70191468145458     
   57.2364416607865        7.70477172347889     
   57.3603300626497        7.70522685834970     
   57.4842184645129        7.70254931146166     
   57.6081068663760        7.69402341105578     
   57.7319952682392        7.70261263259498     
   57.8558836701024        7.69313444944817     
   57.9797720719656        7.69918717275587     
   58.1036604738287        7.69907435087404     
   58.2275488756919        7.69862621655721     
   58.3514372775551        7.70446416880558     
   58.4753256794183        7.70514205358504     
   58.5992140812814        7.70005527107292     
   58.7231024831446        7.70625561191238     
   58.8469908850078        7.70079841164451     
   58.9708792868710        7.68903120309023     
   59.0947676887341        7.70079474418387     
   59.2186560905973        7.70177509894366     
   59.3425444924605        7.70135001292761     
   59.4664328943236        7.69541467152357     
   59.5903212961868        7.69114091922749     
   59.7142096980500        7.70125031709810     
   59.8380980999132        7.69855949001510     
   59.9619865017763        7.69603675018428     
   60.0858749036395        7.70212665365550     
   60.2097633055027        7.70204870155260     
   60.3336517073659        7.69979151085877     
   60.4575401092291        7.69546797219270     
   60.5814285110922        7.69786677716986     
   60.7053169129554        7.70016031121220     
   60.8292053148186        7.70258983907739     
   60.9530937166817        7.69154745299833     
   61.0769821185449        7.69929246879114     
   61.2008705204081        7.70707209673682     
   61.3247589222713        7.70104855067003     
   61.4486473241344        7.69975477650175     
   61.5725357259976        7.69660001721656     
   61.6964241278608        7.69606031793770     
   61.8203125297240        7.69687898163738     
   61.9442009315871        7.69690516058313     
   62.0680893334503        7.70267374086287     
   62.1919777353135        7.69540849103504     
   62.3158661371767        7.69573756804339     
   62.4397545390398        7.69307640862195     
   62.5636429409030        7.69131895154494     
   62.6875313427662        7.69634965552767     
   62.8114197446294        7.69932456006210     
   62.9353081464925        7.70297929526116     
   63.0591965483557        7.69312667533377     
   63.1830849502189        7.71597429844667     
   63.3069733520821        7.69975007035122     
   63.4308617539452        7.70300798454546     
   63.5547501558084        7.69670112133070     
   63.6786385576716        7.69875458597489     
   63.8025269595347        7.69311721748194     
   63.9264153613979        7.68852192954031     
   64.0503037632611        7.69838188318630     
   64.1741921651243        7.71282613922749     
   64.2980805669874        7.69948683443653     
   64.4219689688506        7.69921219797051     
   64.5458573707138        7.70056997039046     
   64.6697457725770        7.70148479256677     
   64.7936341744401        7.69932506923609     
   64.9175225763033        7.70449352790362     
   65.0414109781665        7.69770791039062     
   65.1652993800297        7.69415190817335     
   65.2891877818928        7.69473358293964     
   65.4130761837560        7.69946697524409     
   65.5369645856192        7.69327196998579     
   65.6608529874824        7.69805751918266     
   65.7847413893455        7.69306730322224     
   65.9086297912087        7.70493838503004     
   66.0325181930719        7.69514813927643     
   66.1564065949351        7.70069407320240     
   66.2802949967982        7.70648800010139     
   66.4041833986614        7.70132597265255     
   66.5280718005246        7.69611509150368     
   66.6519602023878        7.70086025190351     
   66.7758486042509        7.69377560906918     
   66.8997370061141        7.70149032333433     
   67.0236254079773        7.70039086760959     
   67.1475138098405        7.68999428838085     
   67.2714022117036        7.69816500043749     
   67.3952906135668        7.69490875142223     
   67.5191790154300        7.70359332068223     
   67.6430674172932        7.70286204446719     
   67.7669558191563        7.69993395999117     
   67.8908442210195        7.69919820530518     
   68.0147326228827        7.70380051667320     
   68.1386210247458        7.70494015878232     
   68.2625094266090        7.68728294052803     
   68.3863978284722        7.70274646493113     
   68.5102862303354        7.69879373177503     
   68.6341746321985        7.70152960817742     
   68.7580630340617        7.70157304956654     
   68.8819514359249        7.69550086567050     
   69.0058398377881        7.70614777042265     
   69.1297282396512        7.68779517208581     
   69.2536166415144        7.69550943624893     
   69.3775050433776        7.70360774378974     
   69.5013934452408        7.70199569384987     
   69.6252818471039        7.69922916494739     
   69.7491702489671        7.70442954042046     
   69.8730586508303        7.70502579916911     
   69.9969470526935        7.68807838185297     
   70.1208354545566        7.70495864133878     
   70.2447238564198        7.70031962230035     
   70.3686122582830        7.68438437805383     
   70.4925006601462        7.70024363609107     
   70.6163890620093        7.70457027112027     
   70.7402774638725        7.69661676635912     
   70.8641658657357        7.70128144091155     
   70.9880542675989        7.69870933262482     
   71.1119426694620        7.70225068221522     
   71.2358310713252        7.69715827373308     
   71.3597194731884        7.69517629812708     
   71.4836078750516        7.69722109506754     
   71.6074962769147        7.69658507161082     
   71.7313846787779        7.71153698621949     
   71.8552730806411        7.70011562816851     
   71.9791614825043        7.69769443945779     
   72.1030498843674        7.70331604146038     
   72.2269382862306        7.69559234220964     
   72.3508266880938        7.69374856097850     
   72.4747150899569        7.70769494623976     
   72.5986034918201        7.70368695928910     
   72.7224918936833        7.70412274107966     
   72.8463802955465        7.69085251422590     
   72.9702686974096        7.70418064717703     
   73.0941570992728        7.70144390077983     
   73.2180455011360        7.69683175547923     
   73.3419339029992        7.70277279188382     
   73.4658223048623        7.70571525444516     
   73.5897107067255        7.69785848297706     
   73.7135991085887        7.70118814959305     
   73.8374875104519        7.70649545517323     
   73.9613759123150        7.70015352801414     
   74.0852643141782        7.69179200925954     
   74.2091527160414        7.69607228564408     
   74.3330411179046        7.70685759558450     
   74.4569295197677        7.70205748336824     
   74.5808179216309        7.69733978467658     
   74.7047063234941        7.69910310586130     
   74.8285947253573        7.69794433470106     
   74.9524831272204        7.70449967691974     
   75.0763715290836        7.70383718692108     
   75.2002599309468        7.69970432975047     
   75.3241483328100        7.69816861358352     
   75.4480367346731        7.70057350287657     
   75.5719251365363        7.69532589692758     
   75.6958135383995        7.69827406886101     
   75.8197019402627        7.69392395322401     
   75.9435903421258        7.70315997416155     
   76.0674787439890        7.69181582361856     
   76.1913671458522        7.69778375645744     
   76.3152555477154        7.69489453929302     
   76.4391439495785        7.70212918339115     
   76.5630323514417        7.69806964585027     
   76.6869207533049        7.69586308169751     
   76.8108091551680        7.70132773254606     
   76.9346975570312        7.69537792554378     
   77.0585859588944        7.70773406878883     
   77.1824743607576        7.69523515916421     
   77.3063627626207        7.69638067266838     
   77.4302511644839        7.69887970826433     
   77.5541395663471        7.69553369615801     
   77.6780279682103        7.69809452213346     
   77.8019163700734        7.69503248914256     
   77.9258047719366        7.69779857999815     
   78.0496931737998        7.70323688435569     
   78.1735815756630        7.69152780938918     
   78.2974699775261        7.69096613586271     
   78.4213583793893        7.70102487225583     
   78.5452467812525        7.69374548225933     
   78.6691351831157        7.69931097561495     
   78.7930235849788        7.69717889023349     
   78.9169119868420        7.69262036284132     
   79.0408003887052        7.70282466299626     
   79.1646887905684        7.70515744955859     
   79.2885771924315        7.69718037243633     
   79.4124655942947        7.70451484604473     
   79.5363539961579        7.69624033692215     
   79.6602423980211        7.69566173859086     
   79.7841307998842        7.70077981242614     
   79.9080192017474        7.70195605018605     
   80.0319076036106        7.70011734740952     
   80.1557960054738        7.70301974320425     
   80.2796844073369        7.70201646931804     
   80.4035728092001        7.70067958862450     
   80.5274612110633        7.69282680892111     
   80.6513496129264        7.70322828907439     
   80.7752380147896        7.70234093943146     
   80.8991264166528        7.69226862109557     
   81.0230148185160        7.69740804479023     
   81.1469032203791        7.69393930794879     
   81.2707916222423        7.70132113087386     
   81.3946800241055        7.69813557626449     
   81.5185684259687        7.70251423560607     
   81.6424568278319        7.69595811600784     
   81.7663452296950        7.70135098470277     
   81.8902336315582        7.69547928059602     
   82.0141220334214        7.69818146308778     
   82.1380104352845        7.69513506567615     
   82.2618988371477        7.68878269257155     
   82.3857872390109        7.70160877570551     
   82.5096756408741        7.70223572404768     
   82.6335640427372        7.69863494924918     
   82.7574524446004        7.69109698046795     
   82.8813408464636        7.69761865469850     
   83.0052292483268        7.70629335639321     
   83.1291176501899        7.69041385506580     
   83.2530060520531        7.69131206391902     
   83.3768944539163        7.70048042412406     
   83.5007828557795        7.70990354825594     
   83.6246712576426        7.69879095641230     
   83.7485596595058        7.70113806616285     
   83.8724480613690        7.70820266403022     
   83.9963364632322        7.69732590876015     
   84.1202248650953        7.69880406875680     
   84.2441132669585        7.69531601156231     
   84.3680016688217        7.70064030392717     
   84.4918900706849        7.69740948452234     
   84.6157784725480        7.70283929518679     
   84.7396668744112        7.69583861199610     
   84.8635552762744        7.70905207520628     
   84.9874436781376        7.70427344828582     
   85.1113320800007        7.70107492006997     
   85.2352204818639        7.70251192729508     
   85.3591088837271        7.69610203498679     
   85.4829972855902        7.70239876726248     
   85.6068856874534        7.69907024960769     
   85.7307740893166        7.69894813705587     
   85.8546624911798        7.70375373233147     
   85.9785508930430        7.69665160167276     
   86.1024392949061        7.70314566929551     
   86.2263276967693        7.68654443866547     
   86.3502160986325        7.69760197885434     
   86.4741045004956        7.69886417268930     
   86.5979929023588        7.69799270647338     
   86.7218813042220        7.70194014018428     
   86.8457697060852        7.69671135010360     
   86.9696581079483        7.69898631518145     
   87.0935465098115        7.69484883481525     
   87.2174349116747        7.69352610347302     
   87.3413233135379        7.69436253702767     
   87.4652117154010        7.70286293605398     
   87.5891001172642        7.69272882771546     
   87.7129885191274        7.69578999206666     
   87.8368769209906        7.70010275299081     
   87.9607653228537        7.70005457468563     
   88.0846537247169        7.70225799198243     
   88.2085421265801        7.69851471639862     
   88.3324305284433        7.69456692646617     
   88.4563189303064        7.69814165653474     
   88.5802073321696        7.69093710487327     
   88.7040957340328        7.70615372112845     
   88.8279841358960        7.69268687735665     
   88.9518725377591        7.70529790382780     
   89.0757609396223        7.69808167920163     
   89.1996493414855        7.70370749924589     
   89.3235377433487        7.69599618097090     
   89.4474261452118        7.69447494937648     
   89.5713145470750        7.70512424061571     
   89.6952029489382        7.70114504917379     
   89.8190913508013        7.69713925835830     
   89.9429797526645        7.70491936323825     
   90.0668681545277        7.70374035668227     
   90.1907565563909        7.70535903007790     
   90.3146449582540        7.70740532373971     
   90.4385333601172        7.69697979321041     
   90.5624217619804        7.69899715929281     
   90.6863101638436        7.69613166570715     
   90.8101985657067        7.69362825369219     
   90.9340869675699        7.69385827292689     
   91.0579753694331        7.69648694412737     
   91.1818637712963        7.69668531035389     
   91.3057521731594        7.70309691960122     
   91.4296405750226        7.70431038749082     
   91.5535289768858        7.69671783439834     
   91.6774173787490        7.69662790996070     
   91.8013057806121        7.69783545376575     
   91.9251941824753        7.70213583402712     
   92.0490825843385        7.69989190208313     
   92.1729709862017        7.69458085185898     
   92.2968593880648        7.70783266862718     
   92.4207477899280        7.69862417705335     
   92.5446361917912        7.70997939629437     
   92.6685245936544        7.70130213737767     
   92.7924129955175        7.71063310657208     
   92.9163013973807        7.69689305272703     
   93.0401897992439        7.70302524017397     
   93.1640782011071        7.70312561733561     
   93.2879666029702        7.69514595275126     
   93.4118550048334        7.69834253663216     
   93.5357434066966        7.70170915666041     
   93.6596318085598        7.69957960435915     
   93.7835202104229        7.68885759754679     
   93.9074086122861        7.69350453720997     
   94.0312970141493        7.69669653824921     
   94.1551854160124        7.70278625145484     
   94.2790738178756        7.70559964260106     
   94.4029622197388        7.70499740228885     
   94.5268506216020        7.70056405796918     
   94.6507390234651        7.70070240274331     
   94.7746274253283        7.69743058978544     
   94.8985158271915        7.69958904206020     
   95.0224042290547        7.70508177755524     
   95.1462926309178        7.69766953239895     
   95.2701810327810        7.70837976160121     
   95.3940694346442        7.69853291991579     
   95.5179578365074        7.70004125566314     
   95.6418462383705        7.69941629022550     
   95.7657346402337        7.70688354628141     
   95.8896230420969        7.69373738859029     
   96.0135114439601        7.69434556147241     
   96.1373998458232        7.71026641223705     
   96.2612882476864        7.69572180476045     
   96.3851766495496        7.70579507998870     
   96.5090650514128        7.70172040616531     
   96.6329534532759        7.69659826952159     
   96.7568418551391        7.69132699024527     
   96.8807302570023        7.70158571731643     
   97.0046186588655        7.70259671254022     
   97.1285070607286        7.70631305752089     
   97.2523954625918        7.70199497910068     
   97.3762838644550        7.69459863986273     
   97.5001722663182        7.70106983011177     
   97.6240606681813        7.70479221754331     
   97.7479490700445        7.70331458897196     
   97.8718374719077        7.69751854451584     
   97.9957258737709        7.69134170883494     
   98.1196142756340        7.69130088531265     
   98.2435026774972        7.69782679323923     
   98.3673910793604        7.69892472731401     
   98.4912794812235        7.70808631388132     
   98.6151678830867        7.70398981791144     
   98.7390562849499        7.70181074723050     
   98.8629446868131        7.69496627306338     
   98.9868330886762        7.69737153957593     
   99.1107214905394        7.70070849721293     
   99.2346098924026        7.69879152609628     
   99.3584982942658        7.69489551136964     
   99.4823866961289        7.70147042613509     
   99.6062750979921        7.69135479344324     
   99.7301634998553        7.68216575330533     
   99.8540519017185        7.69931657778830     
   99.9779403035816        7.70082801529048     
   100.101828705445        7.69652017056521     
   100.225717107308        7.69922727589187     
   100.349605509171        7.70408317800728     
   100.473493911034        7.69436768637112     
   100.597382312898        7.69618391001243     
   100.721270714761        7.69137169125025     
   100.845159116624        7.70009587274698     
   100.969047518487        7.69618653697171     
   101.092935920350        7.69738675287739     
   101.216824322213        7.70730808837285     
   101.340712724077        7.69980202851382     
   101.464601125940        7.70376466029660     
   101.588489527803        7.70762009551945     
   101.712377929666        7.70323088836977     
   101.836266331529        7.69985235334447     
   101.960154733392        7.70144350671191     
   102.084043135256        7.69785910017551     
   102.207931537119        7.70330487746128     
   102.331819938982        7.70221235085692     
   102.455708340845        7.70884235464303     
   102.579596742708        7.71389978333771     
   102.703485144571        7.69973621871933     
   102.827373546435        7.69444246196964     
   102.951261948298        7.70985351887354     
   103.075150350161        7.69035910160150     
   103.199038752024        7.70067334293039     
   103.322927153887        7.69490924867739     
   103.446815555751        7.70302905396814     
   103.570703957614        7.69197126295629     
   103.694592359477        7.69879723489612     
   103.818480761340        7.70124649720664     
   103.942369163203        7.69368698876439     
   104.066257565066        7.69197961515440     
   104.190145966930        7.69688798718587     
   104.314034368793        7.70459290397485     
   104.437922770656        7.69443842750605     
   104.561811172519        7.69670521065452     
   104.685699574382        7.69284845829882     
   104.809587976245        7.70278214833949     
   104.933476378109        7.69695656155711     
   105.057364779972        7.69926049170584     
   105.181253181835        7.69359328052742     
   105.305141583698        7.70283796658093     
   105.429029985561        7.70193404018868     
   105.552918387424        7.70022297850201     
   105.676806789288        7.69054422644779     
   105.800695191151        7.69799396148982     
   105.924583593014        7.70563510945504     
   106.048471994877        7.71344525204740     
   106.172360396740        7.69775714167323     
   106.296248798604        7.69169705134832     
   106.420137200467        7.69726121495082     
   106.544025602330        7.70921605445702     
   106.667914004193        7.70126868032236     
   106.791802406056        7.70414730919032     
   106.915690807919        7.69559090970826     
   107.039579209783        7.70332992045564     
   107.163467611646        7.69895075194119     
   107.287356013509        7.69876133476054     
   107.411244415372        7.70920829664310     
   107.535132817235        7.70391392863799     
   107.659021219098        7.70400170651716     
   107.782909620962        7.70046402283432     
   107.906798022825        7.69708682365273     
   108.030686424688        7.69480860110713     
   108.154574826551        7.70042527740838     
   108.278463228414        7.69591628560647     
   108.402351630277        7.68563186795433     
   108.526240032141        7.70413964898748     
   108.650128434004        7.69892905672650     
   108.774016835867        7.70731409648521     
   108.897905237730        7.69464295580072     
   109.021793639593        7.69369868113234     
   109.145682041457        7.70058958391635     
   109.269570443320        7.70552208200767     
   109.393458845183        7.69655640639561     
   109.517347247046        7.70168584382642     
   109.641235648909        7.70023507281703     
   109.765124050772        7.70076905226776     
   109.889012452636        7.69144212654575     
   110.012900854499        7.69906951152633     
   110.136789256362        7.70768360120045     
   110.260677658225        7.70170755396474     
   110.384566060088        7.69222463687682     
   110.508454461951        7.70154727457742     
   110.632342863815        7.69377311644651     
   110.756231265678        7.69390829745823     
   110.880119667541        7.69966946271206     
   111.004008069404        7.69547331505381     
   111.127896471267        7.70406148135014     
   111.251784873130        7.69952600499031     
   111.375673274994        7.70504160047299     
   111.499561676857        7.69468174122892     
   111.623450078720        7.68586598734776     
   111.747338480583        7.70386633498398     
   111.871226882446        7.70207628078301     
   111.995115284310        7.69698408862914     
   112.119003686173        7.71524422177576     
   112.242892088036        7.69896546011686     
   112.366780489899        7.70224740483212     
   112.490668891762        7.70973882365609     
   112.614557293625        7.69342752773066     
   112.738445695489        7.70133110824183     
   112.862334097352        7.70287715733074     
   112.986222499215        7.69716428221609     
   113.110110901078        7.70019971206302     
   113.233999302941        7.69072028535121     
   113.357887704804        7.70037910312996     
   113.481776106668        7.68458380942535     
   113.605664508531        7.70166157751346     
   113.729552910394        7.69989208026104     
   113.853441312257        7.69151550708184     
   113.977329714120        7.69340409585019     
   114.101218115984        7.70004195868983     
   114.225106517847        7.70540266058252     
   114.348994919710        7.69909273523481     
   114.472883321573        7.69848361366194     
   114.596771723436        7.69612801725444     
   114.720660125299        7.69853281009715     
   114.844548527163        7.70106325007778     
   114.968436929026        7.69637939177185     
   115.092325330889        7.69587781255649     
   115.216213732752        7.70128900980934     
   115.340102134615        7.69315615070519     
   115.463990536478        7.69662747857611     
   115.587878938342        7.70290223228844     
   115.711767340205        7.69833470762633     
   115.835655742068        7.70016030344357     
   115.959544143931        7.69910672988607     
   116.083432545794        7.69458931084276     
   116.207320947657        7.70111926774515     
   116.331209349521        7.70251289955427     
   116.455097751384        7.70238434205178     
   116.578986153247        7.69627782568042     
   116.702874555110        7.69858197289235     
   116.826762956973        7.69276995526225     
   116.950651358837        7.70298813425932     
   117.074539760700        7.70245998258427     
   117.198428162563        7.70512774332648     
   117.322316564426        7.70718871612719     
   117.446204966289        7.69975742598655     
   117.570093368152        7.69695355329605     
   117.693981770016        7.69833054775590     
   117.817870171879        7.70435538516214     
   117.941758573742        7.68604723343649     
   118.065646975605        7.69844515042965     
   118.189535377468        7.70175523589510     
   118.313423779331        7.69524116127739     
   118.437312181195        7.70333775633040     
   118.561200583058        7.69906633305098     
   118.685088984921        7.70118566732226     
   118.808977386784        7.70366471089013     
   118.932865788647        7.69434552771433     
   119.056754190510        7.69736225876381     
   119.180642592374        7.69968480524228     
   119.304530994237        7.69824307879796     
   119.428419396100        7.70243338911767     
   119.552307797963        7.69805681803396     
   119.676196199826        7.69642247465890     
   119.800084601690        7.70854684811752     
   119.923973003553        7.70062540386416     
   120.047861405416        7.69155706470358     
   120.171749807279        7.69382895647799     
   120.295638209142        7.70693616626737     
   120.419526611005        7.69007539125257     
   120.543415012869        7.69939181465804     
   120.667303414732        7.70086154707952     
   120.791191816595        7.70826746449530     
   120.915080218458        7.71230262737691     
   121.038968620321        7.70899081127253     
   121.162857022184        7.69641368668005     
   121.286745424048        7.70082861189078     
   121.410633825911        7.70118843340388     
   121.534522227774        7.69587951304693     
   121.658410629637        7.69421679352653     
   121.782299031500        7.70023895960530     
   121.906187433363        7.69942662064585     
   122.030075835227        7.70131527130163     
   122.153964237090        7.69636237966494     
   122.277852638953        7.68714831948923     
   122.401741040816        7.70194862631424     
   122.525629442679        7.69871654225596     
   122.649517844543        7.70416145093031     
   122.773406246406        7.69994741720163     
   122.897294648269        7.70459501894422     
   123.021183050132        7.69233766151915     
   123.145071451995        7.69899609379231     
   123.268959853858        7.70382271134509     
   123.392848255722        7.69283836074320     
   123.516736657585        7.70354981524425     
   123.640625059448        7.69511007162834     
   123.764513461311        7.69893336175397     
   123.888401863174        7.69857619139772     
