   1.0000000000000000E-002   0.0000000000000000     
   2.0000000000000000E-002   0.0000000000000000     
   2.9999999999999999E-002   0.0000000000000000     
   4.0000000000000001E-002   0.0000000000000000     
   5.0000000000000003E-002   0.0000000000000000     
   5.9999999999999998E-002   0.0000000000000000     
   7.0000000000000007E-002   0.0000000000000000     
   8.0000000000000002E-002   0.0000000000000000     
   8.9999999999999997E-002   0.0000000000000000     
  0.10000000000000001        0.0000000000000000     
  0.11000000000000000        0.0000000000000000     
  0.12000000000000000        0.0000000000000000     
  0.13000000000000000        0.0000000000000000     
  0.14000000000000001        0.0000000000000000     
  0.14999999999999999        0.0000000000000000     
  0.16000000000000000        0.0000000000000000     
  0.17000000000000001        0.0000000000000000     
  0.17999999999999999        0.0000000000000000     
  0.19000000000000000        0.0000000000000000     
  0.20000000000000001        0.0000000000000000     
  0.20999999999999999        0.0000000000000000     
  0.22000000000000000        0.0000000000000000     
  0.23000000000000001        0.0000000000000000     
  0.23999999999999999        0.0000000000000000     
  0.25000000000000000        0.0000000000000000     
  0.26000000000000001        0.0000000000000000     
  0.27000000000000002        0.0000000000000000     
  0.28000000000000003        0.0000000000000000     
  0.28999999999999998        0.0000000000000000     
  0.29999999999999999        0.0000000000000000     
  0.31000000000000000        0.0000000000000000     
  0.32000000000000001        0.0000000000000000     
  0.33000000000000002        0.0000000000000000     
  0.34000000000000002        0.0000000000000000     
  0.35000000000000003        0.0000000000000000     
  0.35999999999999999        0.0000000000000000     
  0.37000000000000000        0.0000000000000000     
  0.38000000000000000        0.0000000000000000     
  0.39000000000000001        0.0000000000000000     
  0.40000000000000002        0.0000000000000000     
  0.41000000000000003        0.0000000000000000     
  0.41999999999999998        0.0000000000000000     
  0.42999999999999999        0.0000000000000000     
  0.44000000000000000        0.0000000000000000     
  0.45000000000000001        0.0000000000000000     
  0.46000000000000002        0.0000000000000000     
  0.47000000000000003        0.0000000000000000     
  0.47999999999999998        0.0000000000000000     
  0.48999999999999999        0.0000000000000000     
  0.50000000000000000        0.0000000000000000     
  0.51000000000000001        0.0000000000000000     
  0.52000000000000002        0.0000000000000000     
  0.53000000000000003        0.0000000000000000     
  0.54000000000000004        0.0000000000000000     
  0.55000000000000004        0.0000000000000000     
  0.56000000000000005        0.0000000000000000     
  0.57000000000000006        0.0000000000000000     
  0.57999999999999996        0.0000000000000000     
  0.58999999999999997        0.0000000000000000     
  0.59999999999999998        0.0000000000000000     
  0.60999999999999999        0.0000000000000000     
  0.62000000000000000        0.0000000000000000     
  0.63000000000000000        0.0000000000000000     
  0.64000000000000001        0.0000000000000000     
  0.65000000000000002        0.0000000000000000     
  0.66000000000000003        0.0000000000000000     
  0.67000000000000004        0.0000000000000000     
  0.68000000000000005        0.0000000000000000     
  0.69000000000000006        0.0000000000000000     
  0.70000000000000007        1.6008838559585339E-003
  0.70999999999999996        5.4452704612992847E-003
  0.71999999999999997        6.8066007566751994E-003
  0.72999999999999998        2.8687231603497662E-002
  0.73999999999999999        6.0118043696007373E-002
  0.75000000000000000       0.10240123625110117     
  0.76000000000000001       0.15329045664619254     
  0.77000000000000002       0.26162127786214207     
  0.78000000000000003       0.33344734229335826     
  0.79000000000000004       0.45362819691379108     
  0.80000000000000004       0.55240130754959083     
  0.81000000000000005       0.73326586540760119     
  0.82000000000000006       0.83703795457739449     
  0.83000000000000007       0.95888419195115204     
  0.83999999999999997        1.0868881674026609     
  0.84999999999999998        1.1744864118872034     
  0.85999999999999999        1.2899757650444394     
  0.87000000000000000        1.2959773501000416     
  0.88000000000000000        1.3624734352205858     
  0.89000000000000001        1.4029424056885373     
  0.90000000000000002        1.4388592675899454     
  0.91000000000000003        1.4473631271667224     
  0.92000000000000004        1.4930217168450723     
  0.93000000000000005        1.4911906629999923     
  0.94000000000000006        1.4939608433621072     
  0.95000000000000007        1.4932497675085095     
  0.95999999999999996        1.4778270190607088     
  0.96999999999999997        1.4926133193313260     
  0.97999999999999998        1.4800485037065376     
  0.98999999999999999        1.4039233042126715     
   1.0000000000000000        1.4418457657337849     
   1.0100000000000000        1.4703324141392262     
   1.0200000000000000        1.4039739244507108     
   1.0300000000000000        1.3811292404815674     
   1.0400000000000000        1.3451857120235606     
   1.0500000000000000        1.3277071798419835     
   1.0600000000000001        1.2953619728447197     
   1.0700000000000001        1.3212600176352611     
   1.0800000000000001        1.2780570306985353     
   1.0900000000000001        1.2559208317014734     
   1.1000000000000001        1.2585608720216339     
   1.1100000000000001        1.2273351702130775     
   1.1200000000000001        1.2110169796950196     
   1.1300000000000001        1.2299084836795020     
   1.1400000000000001        1.1558085885221754     
   1.1500000000000001        1.1324640430412281     
   1.1599999999999999        1.1911928325381511     
   1.1699999999999999        1.1557327538904103     
   1.1799999999999999        1.1473463555201660     
   1.1899999999999999        1.0950230071424059     
   1.2000000000000000        1.1035773071530701     
   1.2100000000000000        1.0645673309940835     
   1.2200000000000000        1.0575921978135210     
   1.2300000000000000        1.0800742592512709     
   1.2400000000000000        1.0570771814085098     
   1.2500000000000000        1.0316833542170123     
   1.2600000000000000        1.0494295783673482     
   1.2700000000000000       0.99448671183115667     
   1.2800000000000000        1.0296080301475614     
   1.2900000000000000       0.98624961456688720     
   1.3000000000000000       0.98191269789474234     
   1.3100000000000001       0.95125686851453661     
   1.3200000000000001       0.97865558558179933     
   1.3300000000000001       0.96217741330574158     
   1.3400000000000001       0.93002763302926972     
   1.3500000000000001       0.95814028551034713     
   1.3600000000000001       0.96405576901064050     
   1.3700000000000001       0.97177079683348344     
   1.3800000000000001       0.93703261039137242     
   1.3900000000000001       0.94471421701417790     
   1.4000000000000001       0.93658292173704616     
   1.4099999999999999       0.92133965171387966     
   1.4199999999999999       0.93520476912676609     
   1.4299999999999999       0.92650448232306781     
   1.4399999999999999       0.93616768434920195     
   1.4500000000000000       0.94103150680803360     
   1.4600000000000000       0.91188653089842042     
   1.4700000000000000       0.91839566809472972     
   1.4800000000000000       0.90989481023364205     
   1.4900000000000000       0.92398090853411596     
   1.5000000000000000       0.91961892214725116     
   1.5100000000000000       0.92758126323881396     
   1.5200000000000000       0.90122632824780302     
   1.5300000000000000       0.91521475011542708     
   1.5400000000000000       0.95452586107838333     
   1.5500000000000000       0.92439230152391560     
   1.5600000000000001       0.94116313004444185     
   1.5700000000000001       0.94101358132381108     
   1.5800000000000001       0.93159599267099824     
   1.5900000000000001       0.95619905684812811     
   1.6000000000000001       0.94196703735273357     
   1.6100000000000001       0.95007778345181593     
   1.6200000000000001       0.95984313468632665     
   1.6300000000000001       0.98540303177620003     
   1.6400000000000001       0.96803461759267795     
   1.6500000000000001       0.97358958264198892     
   1.6600000000000001       0.95593103821749470     
   1.6699999999999999       0.96944782009085206     
   1.6799999999999999       0.99084314420176844     
   1.6899999999999999       0.98265794648502680     
   1.7000000000000000        1.0009731780690503     
   1.7100000000000000       0.99232506085758754     
   1.7200000000000000        1.0202230592150106     
   1.7300000000000000       0.99387593935610907     
   1.7400000000000000       0.99593860551348934     
   1.7500000000000000        1.0117290155496139     
   1.7600000000000000       0.99734500284598071     
   1.7700000000000000       0.98868205582798185     
   1.7800000000000000       0.99426306491363359     
   1.7900000000000000        1.0298727249964479     
   1.8000000000000000        1.0252697446850463     
   1.8100000000000001        1.0222480133156568     
   1.8200000000000001        1.0185262339654138     
   1.8300000000000001        1.0079753414665060     
   1.8400000000000001        1.0149317834088738     
   1.8500000000000001        1.0191797700542700     
   1.8600000000000001        1.0337270451782632     
   1.8700000000000001        1.0247832853497016     
   1.8800000000000001        1.0379664844422980     
   1.8900000000000001        1.0144692504492001     
   1.9000000000000001        1.0369525346972079     
   1.9100000000000001        1.0026555156123207     
   1.9199999999999999        1.0359651534876031     
   1.9299999999999999        1.0418196774622408     
   1.9399999999999999        1.0398567046387706     
   1.9500000000000000        1.0296004165781720     
   1.9600000000000000        1.0373033341238587     
   1.9700000000000000        1.0383879525148614     
   1.9800000000000000        1.0132291599369987     
   1.9900000000000000        1.0241431719104057     
   2.0000000000000000        1.0334279605837577     
   2.0100000000000002        1.0397840333820842     
   2.0200000000000000        1.0227281743040542     
   2.0300000000000002        1.0268895904549711     
   2.0400000000000000        1.0114070421649077     
   2.0499999999999998        1.0065321790219561     
   2.0600000000000001        1.0136977879112259     
   2.0699999999999998        1.0218564402821837     
   2.0800000000000001        1.0096962083203938     
   2.0899999999999999        1.0212906237941914     
   2.1000000000000001        1.0208138139840108     
   2.1099999999999999        1.0144537049467095     
   2.1200000000000001        1.0207873423719029     
   2.1299999999999999        1.0012703372933838     
   2.1400000000000001        1.0135424421542938     
   2.1499999999999999        1.0168032408517451     
   2.1600000000000001        1.0053903377274238     
   2.1699999999999999        1.0012383843289596     
   2.1800000000000002        1.0142836503307497     
   2.1899999999999999       0.98866192943836684     
   2.2000000000000002        1.0077611443125796     
   2.2100000000000000        1.0083429185693937     
   2.2200000000000002       0.99981045114916967     
   2.2300000000000000       0.99959070367341296     
   2.2400000000000002        1.0071524330945874     
   2.2500000000000000        1.0037234201672105     
   2.2600000000000002       0.99263595739997024     
   2.2700000000000000        1.0098158895039342     
   2.2800000000000002       0.99445867082134953     
   2.2900000000000000        1.0050268863304102     
   2.3000000000000003       0.99570031682795723     
   2.3100000000000001       0.99603054659074319     
   2.3199999999999998       0.99422572896379124     
   2.3300000000000001       0.98476182484867603     
   2.3399999999999999        1.0098165562226613     
   2.3500000000000001        1.0028395678220283     
   2.3599999999999999       0.99287696948346238     
   2.3700000000000001       0.99424513442176499     
   2.3799999999999999       0.99493819101707281     
   2.3900000000000001       0.99782776375875015     
   2.3999999999999999       0.99908416017497803     
   2.4100000000000001        1.0016889691480189     
   2.4199999999999999       0.99738821523053911     
   2.4300000000000002        1.0108104113678926     
   2.4399999999999999        1.0019382445583915     
   2.4500000000000002       0.99983882269681879     
   2.4600000000000000       0.99549500492780940     
   2.4700000000000002        1.0063329305850783     
   2.4800000000000000       0.99607136123234152     
   2.4900000000000002       0.99552159030816956     
   2.5000000000000000       0.99538338727504527     
   2.5100000000000002       0.99681766344774725     
   2.5200000000000000        1.0051661346877867     
   2.5300000000000002       0.99461253234385116     
   2.5400000000000000       0.99538470238025645     
   2.5500000000000003        1.0102018358485769     
   2.5600000000000001        1.0009474381466366     
   2.5699999999999998        1.0137263644016414     
   2.5800000000000001        1.0097749098529405     
   2.5899999999999999        1.0016881545249663     
   2.6000000000000001        1.0046622440890960     
   2.6099999999999999        1.0106379287258263     
   2.6200000000000001        1.0001526669801939     
   2.6299999999999999        1.0131958176898372     
   2.6400000000000001        1.0201098320155506     
   2.6499999999999999        1.0092607861244562     
   2.6600000000000001        1.0035372982008877     
   2.6699999999999999       0.99705454558162432     
   2.6800000000000002        1.0100383379400206     
   2.6899999999999999       0.99888186953179670     
   2.7000000000000002        1.0002131503787064     
   2.7100000000000000        1.0118543352332225     
   2.7200000000000002        1.0069319868332089     
   2.7300000000000000       0.99414012523552908     
   2.7400000000000002       0.99856520365982193     
   2.7500000000000000        1.0128541228687662     
   2.7600000000000002        1.0157027335157274     
   2.7700000000000000        1.0055876729529483     
   2.7800000000000002        1.0011147486754968     
   2.7900000000000000        1.0095909018272518     
   2.8000000000000003        1.0125751050431127     
   2.8100000000000001        1.0127884307969641     
   2.8199999999999998       0.99828674654959093     
   2.8300000000000001        1.0168603673957841     
   2.8399999999999999        1.0058990249018320     
   2.8500000000000001        1.0017539942176328     
   2.8599999999999999       0.99104885973402201     
   2.8700000000000001       0.99558888143346402     
   2.8799999999999999       0.99522385396290702     
   2.8900000000000001       0.99855620499466946     
   2.8999999999999999        1.0012652502915644     
   2.9100000000000001        1.0099610638607415     
   2.9199999999999999        1.0029070438094214     
   2.9300000000000002        1.0083081290100651     
   2.9399999999999999        1.0053089294347366     
   2.9500000000000002        1.0142744711206653     
   2.9600000000000000       0.99528902021790888     
   2.9700000000000002       0.99505185093523862     
   2.9800000000000000       0.99116951730284164     
   2.9900000000000002        1.0032419501898160     
   3.0000000000000000        1.0009933593303975     
   3.0100000000000002        1.0105271412544605     
   3.0200000000000000       0.99915623968350153     
   3.0300000000000002        1.0009694857078912     
   3.0400000000000000        1.0008483107934305     
   3.0500000000000003        1.0018747228539358     
   3.0600000000000001       0.99872356436459397     
   3.0700000000000003       0.99966669421338772     
   3.0800000000000001        1.0022120482298225     
   3.0899999999999999       0.99678151848310281     
   3.1000000000000001        1.0075857651310751     
   3.1099999999999999       0.99396769572884613     
   3.1200000000000001       0.99907192911333231     
   3.1299999999999999       0.99541994690092794     
   3.1400000000000001        1.0011570137900749     
   3.1499999999999999        1.0149709039426276     
   3.1600000000000001        1.0015553982529140     
   3.1699999999999999       0.99878742749230021     
   3.1800000000000002        1.0019026791385028     
   3.1899999999999999        1.0071698046109618     
   3.2000000000000002       0.99954935161713965     
   3.2100000000000000       0.99166548659159626     
   3.2200000000000002        1.0049947701330701     
   3.2300000000000000        1.0163555320926916     
   3.2400000000000002        1.0047616437764968     
   3.2500000000000000       0.99046387100999411     
   3.2600000000000002        1.0023417754648161     
   3.2700000000000000       0.99983820263818268     
   3.2800000000000002        1.0011315350038834     
   3.2900000000000000       0.99895101925425134     
   3.3000000000000003        1.0060375989398740     
   3.3100000000000001        1.0139759626103753     
   3.3200000000000003       0.99847368697699257     
   3.3300000000000001       0.99723308914185260     
   3.3399999999999999       0.99661512482581216     
   3.3500000000000001       0.99577938232384988     
   3.3599999999999999        1.0034545793795844     
   3.3700000000000001        1.0029968403017171     
   3.3799999999999999        1.0098587364466709     
   3.3900000000000001        1.0015725882271092     
   3.3999999999999999       0.99554682203304989     
   3.4100000000000001        1.0050480261382371     
