   1.0000000000000000E-002   0.0000000000000000     
   2.0000000000000000E-002   0.0000000000000000     
   2.9999999999999999E-002   0.0000000000000000     
   4.0000000000000001E-002   0.0000000000000000     
   5.0000000000000003E-002   0.0000000000000000     
   5.9999999999999998E-002   0.0000000000000000     
   7.0000000000000007E-002   0.0000000000000000     
   8.0000000000000002E-002   0.0000000000000000     
   8.9999999999999997E-002   0.0000000000000000     
  0.10000000000000001        0.0000000000000000     
  0.11000000000000000        0.0000000000000000     
  0.12000000000000000        0.0000000000000000     
  0.13000000000000000        0.0000000000000000     
  0.14000000000000001        0.0000000000000000     
  0.14999999999999999        0.0000000000000000     
  0.16000000000000000        0.0000000000000000     
  0.17000000000000001        0.0000000000000000     
  0.17999999999999999        0.0000000000000000     
  0.19000000000000000        0.0000000000000000     
  0.20000000000000001        0.0000000000000000     
  0.20999999999999999        0.0000000000000000     
  0.22000000000000000        0.0000000000000000     
  0.23000000000000001        0.0000000000000000     
  0.23999999999999999        0.0000000000000000     
  0.25000000000000000        0.0000000000000000     
  0.26000000000000001        0.0000000000000000     
  0.27000000000000002        0.0000000000000000     
  0.28000000000000003        0.0000000000000000     
  0.28999999999999998        0.0000000000000000     
  0.29999999999999999        0.0000000000000000     
  0.31000000000000000        0.0000000000000000     
  0.32000000000000001        0.0000000000000000     
  0.33000000000000002        0.0000000000000000     
  0.34000000000000002        0.0000000000000000     
  0.35000000000000003        0.0000000000000000     
  0.35999999999999999        0.0000000000000000     
  0.37000000000000000        0.0000000000000000     
  0.38000000000000000        0.0000000000000000     
  0.39000000000000001        0.0000000000000000     
  0.40000000000000002        0.0000000000000000     
  0.41000000000000003        0.0000000000000000     
  0.41999999999999998        0.0000000000000000     
  0.42999999999999999        0.0000000000000000     
  0.44000000000000000        0.0000000000000000     
  0.45000000000000001        0.0000000000000000     
  0.46000000000000002        0.0000000000000000     
  0.47000000000000003        0.0000000000000000     
  0.47999999999999998        0.0000000000000000     
  0.48999999999999999        0.0000000000000000     
  0.50000000000000000        0.0000000000000000     
  0.51000000000000001        0.0000000000000000     
  0.52000000000000002        0.0000000000000000     
  0.53000000000000003        0.0000000000000000     
  0.54000000000000004        0.0000000000000000     
  0.55000000000000004        0.0000000000000000     
  0.56000000000000005        0.0000000000000000     
  0.57000000000000006        0.0000000000000000     
  0.57999999999999996        0.0000000000000000     
  0.58999999999999997        0.0000000000000000     
  0.59999999999999998        0.0000000000000000     
  0.60999999999999999        0.0000000000000000     
  0.62000000000000000        0.0000000000000000     
  0.63000000000000000        0.0000000000000000     
  0.64000000000000001        0.0000000000000000     
  0.65000000000000002        0.0000000000000000     
  0.66000000000000003        0.0000000000000000     
  0.67000000000000004        0.0000000000000000     
  0.68000000000000005        0.0000000000000000     
  0.69000000000000006        2.4719479956697068E-003
  0.70000000000000007        0.0000000000000000     
  0.70999999999999996        5.4452704612992847E-003
  0.71999999999999997        7.5628897296391110E-003
  0.72999999999999998        3.1629511767958959E-002
  0.73999999999999999        5.5108206721340092E-002
  0.75000000000000000       0.10170462920177395     
  0.76000000000000001       0.15329045664619254     
  0.77000000000000002       0.23453422636631424     
  0.78000000000000003       0.34889664000579185     
  0.79000000000000004       0.50758673762552842     
  0.80000000000000004       0.57931787181557315     
  0.81000000000000005       0.72729950360607476     
  0.82000000000000006       0.82423208879109211     
  0.83000000000000007       0.97763015068005477     
  0.83999999999999997        1.0641522414518911     
  0.84999999999999998        1.1923554997582395     
  0.85999999999999999        1.2254505320245865     
  0.87000000000000000        1.3290485424470919     
  0.88000000000000000        1.4084278765123104     
  0.89000000000000001        1.4202200215221401     
  0.90000000000000002        1.4769907275495582     
  0.91000000000000003        1.4884331180550150     
  0.92000000000000004        1.4736258269262681     
  0.93000000000000005        1.4844125236227192     
  0.94000000000000006        1.5036906061075086     
  0.95000000000000007        1.5179280037358176     
  0.95999999999999996        1.5278509973306926     
  0.96999999999999997        1.4577372362092589     
  0.97999999999999998        1.4820820960446890     
  0.98999999999999999        1.4660896497866645     
   1.0000000000000000        1.4398931035375038     
   1.0100000000000000        1.4485128495451269     
   1.0200000000000000        1.4377503620878571     
   1.0300000000000000        1.3980575498506458     
   1.0400000000000000        1.3769475426267463     
   1.0500000000000000        1.3390369477766348     
   1.0600000000000001        1.3391312430454263     
   1.0700000000000001        1.3348953119349025     
   1.0800000000000001        1.2710310627287265     
   1.0900000000000001        1.2684012165353269     
   1.1000000000000001        1.2666223687678650     
   1.1100000000000001        1.2387345680788335     
   1.1200000000000001        1.1998211370476082     
   1.1300000000000001        1.1828628039759146     
   1.1400000000000001        1.1756173049185568     
   1.1500000000000001        1.1743416196328569     
   1.1599999999999999        1.1488779533287665     
   1.1699999999999999        1.1363613397261145     
   1.1799999999999999        1.1123406697891383     
   1.1899999999999999        1.0807053817032795     
   1.2000000000000000        1.0800220505970550     
   1.2100000000000000        1.0653661559047842     
   1.2200000000000000        1.0424014233030741     
   1.2300000000000000        1.0403959586967158     
   1.2400000000000000        1.0441488993337296     
   1.2500000000000000        1.0366721518679649     
   1.2600000000000000        1.0030337443763706     
   1.2700000000000000        1.0174401223326046     
   1.2800000000000000        1.0120078928800820     
   1.2900000000000000        1.0059184102989904     
   1.3000000000000000       0.98698479917525062     
   1.3100000000000001       0.97214365417165760     
   1.3200000000000001       0.98402175740130204     
   1.3300000000000001       0.95380873816140233     
   1.3400000000000001       0.93219704668224213     
   1.3500000000000001       0.95728537559688720     
   1.3600000000000001       0.93036225152665131     
   1.3700000000000001       0.97467594121863577     
   1.3800000000000001       0.94664425000036290     
   1.3900000000000001       0.94854386713648853     
   1.4000000000000001       0.92346996610814380     
   1.4099999999999999       0.91938102150190282     
   1.4199999999999999       0.92805990510494263     
   1.4299999999999999       0.92060196712536646     
   1.4399999999999999       0.91851831364546643     
   1.4500000000000000       0.91436709575326047     
   1.4600000000000000       0.91444339279158626     
   1.4700000000000000       0.92091774329153764     
   1.4800000000000000       0.93797359539319591     
   1.4900000000000000       0.93379930149007628     
   1.5000000000000000       0.92913341438165642     
   1.5100000000000000       0.92621566697346414     
   1.5200000000000000       0.91722941258117530     
   1.5300000000000000       0.95029382591458333     
   1.5400000000000000       0.95042354948702013     
   1.5500000000000000       0.91030046163735856     
   1.5600000000000001       0.93092961996580703     
   1.5700000000000001       0.94717018754283955     
   1.5800000000000001       0.94920856539507781     
   1.5900000000000001       0.96189346616784188     
   1.6000000000000001       0.95032589296009073     
   1.6100000000000001       0.95698198219411967     
   1.6200000000000001       0.97110924715523184     
   1.6300000000000001       0.97310379631272292     
   1.6400000000000001       0.95834414704453685     
   1.6500000000000001       0.97473262882061174     
   1.6600000000000001       0.98416290585534139     
   1.6699999999999999       0.98562620408316104     
   1.6799999999999999       0.97334146418596534     
   1.6899999999999999       0.97230844483135970     
   1.7000000000000000       0.96706013143374525     
   1.7100000000000000       0.98341395255073072     
   1.7200000000000000       0.99314330786875482     
   1.7300000000000000        1.0099879300058878     
   1.7400000000000000        1.0074983778240663     
   1.7500000000000000        1.0104592753192554     
   1.7600000000000000       0.98905994681226961     
   1.7700000000000000        1.0177244360770088     
   1.7800000000000000        1.0002762579747011     
   1.7900000000000000        1.0151897275032737     
   1.8000000000000000       0.99191007836687650     
   1.8100000000000001        1.0062271772583531     
   1.8200000000000001        1.0247467790679912     
   1.8300000000000001        1.0237630469184746     
   1.8400000000000001        1.0242325498367637     
   1.8500000000000001        1.0266762444578788     
   1.8600000000000001        1.0231650514557895     
   1.8700000000000001        1.0301189614205102     
   1.8800000000000001        1.0447850818183759     
   1.8900000000000001        1.0434136696940233     
   1.9000000000000001        1.0325381380693825     
   1.9100000000000001        1.0352570019344300     
   1.9199999999999999        1.0420801523581791     
   1.9299999999999999        1.0484973398916435     
   1.9399999999999999        1.0236444402268254     
   1.9500000000000000        1.0285783792379117     
   1.9600000000000000        1.0189932206582435     
   1.9700000000000000        1.0302771112271369     
   1.9800000000000000        1.0353334548563835     
   1.9900000000000000        1.0269888317729525     
   2.0000000000000000        1.0323593661518700     
   2.0100000000000002        1.0079490028530425     
   2.0200000000000000        1.0265372177837715     
   2.0300000000000002        1.0260409992958404     
   2.0400000000000000        1.0159818547806263     
   2.0499999999999998        1.0164246143260205     
   2.0600000000000001        1.0079298182003873     
   2.0699999999999998        1.0224004632317572     
   2.0800000000000001        1.0372643989958084     
   2.0899999999999999        1.0168436559992153     
   2.1000000000000001        1.0244255991387696     
   2.1099999999999999        1.0044191121315649     
   2.1200000000000001        1.0001295798971457     
   2.1299999999999999        1.0219909993102299     
   2.1400000000000001        1.0137120868847573     
   2.1499999999999999        1.0128536745443044     
   2.1600000000000001        1.0105521629128411     
   2.1699999999999999        1.0077549300829545     
   2.1800000000000002        1.0144471126434542     
   2.1899999999999999        1.0119045550730990     
   2.2000000000000002       0.99901405363491824     
   2.2100000000000000       0.99100705451197046     
   2.2200000000000002       0.99405762046154533     
   2.2300000000000000       0.99966880279863168     
   2.2400000000000002        1.0015795023243130     
   2.2500000000000000        1.0133126457496699     
   2.2600000000000002       0.99917496102589121     
   2.2700000000000000       0.99926478684473929     
   2.2800000000000002        1.0031990302328655     
   2.2900000000000000       0.99999138468949733     
   2.3000000000000003       0.99782913643780768     
   2.3100000000000001       0.99057264559020930     
   2.3199999999999998        1.0012237621768736     
   2.3300000000000001       0.99084148457500798     
   2.3399999999999999       0.98520936907313450     
   2.3500000000000001       0.99426167906971197     
   2.3599999999999999       0.99399240492172491     
   2.3700000000000001        1.0014342809127519     
   2.3799999999999999       0.98623291025515991     
   2.3900000000000001       0.98029100878260855     
   2.3999999999999999       0.99389393751046107     
   2.4100000000000001        1.0113816552025041     
   2.4199999999999999       0.99679157223040105     
   2.4300000000000002       0.98819308461424649     
   2.4399999999999999       0.99267854844857739     
   2.4500000000000002       0.99220695898776745     
   2.4600000000000000        1.0024874624311688     
   2.4700000000000002       0.98336194178070202     
   2.4800000000000000        1.0021938453613282     
   2.4900000000000002       0.99633553877823278     
   2.5000000000000000        1.0038304196392911     
   2.5100000000000002       0.99077933169982546     
   2.5200000000000000        1.0083447189132648     
   2.5300000000000002       0.99837242363129208     
   2.5400000000000000       0.99983697921633841     
   2.5500000000000003        1.0013671214536355     
   2.5600000000000001       0.99466930628607197     
   2.5699999999999998       0.99480347226614407     
   2.5800000000000001       0.99735462598167668     
   2.5899999999999999       0.99676997677920498     
   2.6000000000000001        1.0108631540423261     
   2.6099999999999999       0.99212077195302817     
   2.6200000000000001        1.0020185179616143     
   2.6299999999999999        1.0118491543667738     
   2.6400000000000001        1.0008981997187352     
   2.6499999999999999        1.0000314272764228     
   2.6600000000000001        1.0039212488506146     
   2.6699999999999999       0.99841552639732400     
   2.6800000000000002        1.0126319205763616     
   2.6899999999999999        1.0260192776382715     
   2.7000000000000002        1.0125634325059012     
   2.7100000000000000       0.99837985325064016     
   2.7200000000000002       0.99450072773650255     
   2.7300000000000000       0.99924281901194345     
   2.7400000000000002        1.0106602529717117     
   2.7500000000000000        1.0177801067481622     
   2.7600000000000002        1.0164668410939777     
   2.7700000000000000        1.0013901384098436     
   2.7800000000000002        1.0081439911056371     
   2.7900000000000000        1.0089428654018455     
   2.8000000000000003       0.99911303805197282     
   2.8100000000000001        1.0037956950941089     
   2.8199999999999998       0.99579834850100679     
   2.8300000000000001        1.0124516631491303     
   2.8399999999999999        1.0120566086028093     
   2.8500000000000001        1.0107344792165798     
   2.8599999999999999        1.0056112490480671     
   2.8700000000000001        1.0035965512784530     
   2.8799999999999999       0.98193923399085092     
   2.8900000000000001        1.0069177660711042     
   2.8999999999999999       0.99333041694056234     
   2.9100000000000001        1.0171999428341580     
   2.9199999999999999        1.0105058585780877     
   2.9300000000000002        1.0068168163416655     
   2.9399999999999999        1.0088547551970968     
   2.9500000000000002        1.0124912881545600     
   2.9600000000000000        1.0077312399296818     
   2.9700000000000002        1.0073223245887604     
   2.9800000000000000        1.0009986477798631     
   2.9900000000000002        1.0110092645965625     
   3.0000000000000000        1.0116399321140432     
   3.0100000000000002        1.0090285416212286     
   3.0200000000000000        1.0053661418159687     
   3.0300000000000002       0.99792728212110493     
   3.0400000000000000        1.0031569275143515     
   3.0500000000000003        1.0000399402099012     
   3.0600000000000001       0.99996637616693917     
   3.0700000000000003        1.0098736743346328     
   3.0800000000000001       0.99501542152690747     
   3.0899999999999999        1.0015346745665119     
   3.1000000000000001       0.99906913666323627     
   3.1099999999999999        1.0069612617331289     
   3.1200000000000001        1.0022596511381825     
   3.1299999999999999       0.99961668997512654     
   3.1400000000000001       0.99580680930756282     
   3.1499999999999999        1.0008203371324127     
   3.1600000000000001       0.98862082591945599     
   3.1699999999999999       0.99967516992118766     
   3.1800000000000002        1.0047409303541925     
   3.1899999999999999        1.0002711202350079     
   3.2000000000000002       0.99367856156406420     
   3.2100000000000000       0.99956990290466985     
   3.2200000000000002        1.0023015173155030     
   3.2300000000000000       0.98393921812104479     
   3.2400000000000002        1.0061655613549463     
   3.2500000000000000        1.0025440420410336     
   3.2600000000000002        1.0013564757255817     
   3.2700000000000000        1.0015428638462935     
   3.2800000000000002        1.0011315350038834     
   3.2900000000000000        1.0026055870231236     
   3.3000000000000003       0.98652225011796091     
   3.3100000000000001       0.99595900509558499     
   3.3200000000000003        1.0018161232947913     
   3.3300000000000001        1.0054515627854905     
   3.3399999999999999        1.0019685982369244     
   3.3500000000000001       0.99681604059742857     
   3.3599999999999999        1.0049316117594607     
   3.3700000000000001        1.0049431472363259     
   3.3799999999999999        1.0094174684700044     
   3.3900000000000001        1.0022812003271282     
   3.3999999999999999        1.0049394061077603     
   3.4100000000000001       0.99267584425167232     
