  1.000000000000000E-002  0.000000000000000E+000
  2.000000000000000E-002  0.000000000000000E+000
  3.000000000000000E-002  0.000000000000000E+000
  4.000000000000000E-002  0.000000000000000E+000
  5.000000000000000E-002  0.000000000000000E+000
  6.000000000000000E-002  0.000000000000000E+000
  7.000000000000001E-002  0.000000000000000E+000
  8.000000000000000E-002  0.000000000000000E+000
  9.000000000000000E-002  0.000000000000000E+000
  0.100000000000000       0.000000000000000E+000
  0.110000000000000       0.000000000000000E+000
  0.120000000000000       0.000000000000000E+000
  0.130000000000000       0.000000000000000E+000
  0.140000000000000       0.000000000000000E+000
  0.150000000000000       0.000000000000000E+000
  0.160000000000000       0.000000000000000E+000
  0.170000000000000       0.000000000000000E+000
  0.180000000000000       0.000000000000000E+000
  0.190000000000000       0.000000000000000E+000
  0.200000000000000       0.000000000000000E+000
  0.210000000000000       0.000000000000000E+000
  0.220000000000000       0.000000000000000E+000
  0.230000000000000       0.000000000000000E+000
  0.240000000000000       0.000000000000000E+000
  0.250000000000000       0.000000000000000E+000
  0.260000000000000       0.000000000000000E+000
  0.270000000000000       0.000000000000000E+000
  0.280000000000000       0.000000000000000E+000
  0.290000000000000       0.000000000000000E+000
  0.300000000000000       0.000000000000000E+000
  0.310000000000000       0.000000000000000E+000
  0.320000000000000       0.000000000000000E+000
  0.330000000000000       0.000000000000000E+000
  0.340000000000000       0.000000000000000E+000
  0.350000000000000       0.000000000000000E+000
  0.360000000000000       0.000000000000000E+000
  0.370000000000000       0.000000000000000E+000
  0.380000000000000       0.000000000000000E+000
  0.390000000000000       0.000000000000000E+000
  0.400000000000000       0.000000000000000E+000
  0.410000000000000       0.000000000000000E+000
  0.420000000000000       0.000000000000000E+000
  0.430000000000000       0.000000000000000E+000
  0.440000000000000       0.000000000000000E+000
  0.450000000000000       0.000000000000000E+000
  0.460000000000000       0.000000000000000E+000
  0.470000000000000       0.000000000000000E+000
  0.480000000000000       0.000000000000000E+000
  0.490000000000000       0.000000000000000E+000
  0.500000000000000       0.000000000000000E+000
  0.510000000000000       0.000000000000000E+000
  0.520000000000000       0.000000000000000E+000
  0.530000000000000       0.000000000000000E+000
  0.540000000000000       0.000000000000000E+000
  0.550000000000000       0.000000000000000E+000
  0.560000000000000       0.000000000000000E+000
  0.570000000000000       0.000000000000000E+000
  0.580000000000000       0.000000000000000E+000
  0.590000000000000       0.000000000000000E+000
  0.600000000000000       0.000000000000000E+000
  0.610000000000000       0.000000000000000E+000
  0.620000000000000       2.683389122962234E-005
  0.630000000000000       1.855863882721131E-004
  0.640000000000000       8.593832608323597E-004
  0.650000000000000       3.446780111265318E-003
  0.660000000000000       9.949292187040154E-003
  0.670000000000000       2.414391650706383E-002
  0.680000000000000       5.112233198338528E-002
  0.690000000000000       9.578339651235263E-002
  0.700000000000000       0.157070327772393     
  0.710000000000000       0.235379616268762     
  0.720000000000000       0.327561759891826     
  0.730000000000000       0.432814764977043     
  0.740000000000000       0.544085387570492     
  0.750000000000000       0.652873587143564     
  0.760000000000000       0.758787650837327     
  0.770000000000000       0.858862917268177     
  0.780000000000000       0.952515724112426     
  0.790000000000000        1.03299303663526     
  0.800000000000000        1.10346288737563     
  0.810000000000000        1.16137236798595     
  0.820000000000000        1.21302086724118     
  0.830000000000000        1.25660722823179     
  0.840000000000000        1.28301793822683     
  0.850000000000000        1.31028279287436     
  0.860000000000000        1.32988119995608     
  0.870000000000000        1.33992681329696     
  0.880000000000000        1.34849614972527     
  0.890000000000000        1.34999228425859     
  0.900000000000000        1.34930956109782     
  0.910000000000000        1.34465561492427     
  0.920000000000000        1.33884432937828     
  0.930000000000000        1.33459545583623     
  0.940000000000000        1.32195341702732     
  0.950000000000000        1.31487340360446     
  0.960000000000000        1.30313409894361     
  0.970000000000000        1.28782232488388     
  0.980000000000000        1.27504087683702     
  0.990000000000000        1.26332183029207     
   1.00000000000000        1.24960838588453     
   1.01000000000000        1.23688697476167     
   1.02000000000000        1.22293846571431     
   1.03000000000000        1.21198036730876     
   1.04000000000000        1.19705606269026     
   1.05000000000000        1.18608310289549     
   1.06000000000000        1.17280014789803     
   1.07000000000000        1.15843038983626     
   1.08000000000000        1.14837841643970     
   1.09000000000000        1.13474324438490     
   1.10000000000000        1.12369538609104     
   1.11000000000000        1.11311032532204     
   1.12000000000000        1.10534309293606     
   1.13000000000000        1.09202588962272     
   1.14000000000000        1.08308770308819     
   1.15000000000000        1.07475609503354     
   1.16000000000000        1.06496473813093     
   1.17000000000000        1.05595012707931     
   1.18000000000000        1.04711307147158     
   1.19000000000000        1.03844227567333     
   1.20000000000000        1.03030373517355     
   1.21000000000000        1.02313497114832     
   1.22000000000000        1.01824405832289     
   1.23000000000000        1.01096031452257     
   1.24000000000000        1.00538075865487     
   1.25000000000000       0.999010233701410     
   1.26000000000000       0.992443631797169     
   1.27000000000000       0.989153795026112     
   1.28000000000000       0.985262244599657     
   1.29000000000000       0.981316232684056     
   1.30000000000000       0.976219923083453     
   1.31000000000000       0.973226016376707     
   1.32000000000000       0.969772238874309     
   1.33000000000000       0.968131680558129     
   1.34000000000000       0.963831994663090     
   1.35000000000000       0.962825160711029     
   1.36000000000000       0.963148623088186     
   1.37000000000000       0.960014688500831     
   1.38000000000000       0.957940295487340     
   1.39000000000000       0.959242010368752     
   1.40000000000000       0.956802705828706     
   1.41000000000000       0.957504040925467     
   1.42000000000000       0.957488275197543     
   1.43000000000000       0.958924510366574     
   1.44000000000000       0.958691490427275     
   1.45000000000000       0.959931276393925     
   1.46000000000000       0.960745177378372     
   1.47000000000000       0.962668904376570     
   1.48000000000000       0.963494649568093     
   1.49000000000000       0.966543046008561     
   1.50000000000000       0.969263700253668     
   1.51000000000000       0.970193318863034     
   1.52000000000000       0.971177628541389     
   1.53000000000000       0.973363269811777     
   1.54000000000000       0.974921113794622     
   1.55000000000000       0.979470213734331     
   1.56000000000000       0.981304788710724     
   1.57000000000000       0.982774069323910     
   1.58000000000000       0.985102562917456     
   1.59000000000000       0.988111478025610     
   1.60000000000000       0.991065185363153     
   1.61000000000000       0.992765604663335     
   1.62000000000000       0.995274178011341     
   1.63000000000000       0.997229796318518     
   1.64000000000000       0.999569843625752     
   1.65000000000000        1.00107272327205     
   1.66000000000000        1.00186399485414     
   1.67000000000000        1.00341661003518     
   1.68000000000000        1.00516574698122     
   1.69000000000000        1.00789922104952     
   1.70000000000000        1.00746081681258     
   1.71000000000000        1.00973645519453     
   1.72000000000000        1.01048670250717     
   1.73000000000000        1.01201370959954     
   1.74000000000000        1.01252812950422     
   1.75000000000000        1.01343095886156     
   1.76000000000000        1.01333709191576     
   1.77000000000000        1.01439226431599     
   1.78000000000000        1.01459638605121     
   1.79000000000000        1.01524648983388     
   1.80000000000000        1.01559821691399     
   1.81000000000000        1.01591367076828     
   1.82000000000000        1.01611343748233     
   1.83000000000000        1.01560180380959     
   1.84000000000000        1.01654803315803     
   1.85000000000000        1.01576956679825     
   1.86000000000000        1.01729827844161     
   1.87000000000000        1.01551149751912     
   1.88000000000000        1.01499945273054     
   1.89000000000000        1.01481690614983     
   1.90000000000000        1.01562499525523     
   1.91000000000000        1.01529787085937     
   1.92000000000000        1.01569868465448     
   1.93000000000000        1.01340115155874     
   1.94000000000000        1.01311813932840     
   1.95000000000000        1.01427214572817     
   1.96000000000000        1.01241941391986     
   1.97000000000000        1.01233355070832     
   1.98000000000000        1.01161503390379     
   1.99000000000000        1.00996428126581     
   2.00000000000000        1.01062030471226     
   2.01000000000000        1.01017139778174     
   2.02000000000000        1.00959267979778     
   2.03000000000000        1.00794963720950     
   2.04000000000000        1.00910395944359     
   2.05000000000000        1.00724647093628     
   2.06000000000000        1.00733050493375     
   2.07000000000000        1.00697771066541     
   2.08000000000000        1.00649634416158     
   2.09000000000000        1.00610693843759     
   2.10000000000000        1.00546733032754     
   2.11000000000000        1.00565502526135     
   2.12000000000000        1.00514433638910     
   2.13000000000000        1.00400243272585     
   2.14000000000000        1.00442630777598     
   2.15000000000000        1.00411734285115     
   2.16000000000000        1.00431908771897     
   2.17000000000000        1.00364494232121     
   2.18000000000000        1.00298576128708     
   2.19000000000000        1.00275242630293     
   2.20000000000000        1.00295206365023     
   2.21000000000000        1.00265236183648     
   2.22000000000000        1.00186856517067     
   2.23000000000000        1.00110108150091     
   2.24000000000000        1.00297933842393     
   2.25000000000000        1.00141917961883     
   2.26000000000000        1.00188448042053     
   2.27000000000000        1.00275897921533     
   2.28000000000000        1.00238628567675     
   2.29000000000000        1.00247127229802     
   2.30000000000000        1.00174950460545     
   2.31000000000000        1.00216668829761     
   2.32000000000000        1.00132589178280     
   2.33000000000000        1.00151898809644     
   2.34000000000000        1.00268924358036     
   2.35000000000000        1.00159914554375     
   2.36000000000000        1.00174337478479     
   2.37000000000000        1.00139181709812     
   2.38000000000000        1.00192240530160     
   2.39000000000000        1.00230516031693     
   2.40000000000000        1.00256748328165     
   2.41000000000000        1.00241277367085     
   2.42000000000000        1.00258472996303     
   2.43000000000000        1.00157055101428     
   2.44000000000000        1.00105026452608     
   2.45000000000000        1.00205213997630     
   2.46000000000000        1.00196091267579     
   2.47000000000000        1.00153632288624     
   2.48000000000000        1.00296950951798     
   2.49000000000000        1.00333197494021     
   2.50000000000000        1.00296441673533     
   2.51000000000000        1.00290716439242     
   2.52000000000000        1.00242666827277     
   2.53000000000000        1.00295568910201     
   2.54000000000000        1.00399548251953     
   2.55000000000000        1.00388483218557     
   2.56000000000000        1.00384887540733     
   2.57000000000000        1.00400422196666     
   2.58000000000000        1.00408489618349     
   2.59000000000000        1.00403099106401     
   2.60000000000000        1.00370995792231     
   2.61000000000000        1.00360761591932     
   2.62000000000000        1.00393992244282     
   2.63000000000000        1.00422962849474     
   2.64000000000000        1.00390277677957     
   2.65000000000000        1.00376789686468     
   2.66000000000000        1.00394471823366     
   2.67000000000000        1.00365802940477     
   2.68000000000000        1.00378867823351     
   2.69000000000000        1.00420610431697     
   2.70000000000000        1.00503727738584     
   2.71000000000000        1.00454586256111     
   2.72000000000000        1.00427477311286     
   2.73000000000000        1.00364748697798     
   2.74000000000000        1.00390519242137     
   2.75000000000000        1.00422718276749     
   2.76000000000000        1.00399252963954     
   2.77000000000000        1.00382128542754     
   2.78000000000000        1.00449160561158     
   2.79000000000000        1.00331950121554     
   2.80000000000000        1.00384632897128     
   2.81000000000000        1.00384167516796     
   2.82000000000000        1.00482652221157     
   2.83000000000000        1.00392714621365     
   2.84000000000000        1.00390426865986     
   2.85000000000000        1.00364660111577     
   2.86000000000000        1.00417122121938     
   2.87000000000000        1.00381424685966     
   2.88000000000000        1.00363053975657     
   2.89000000000000        1.00369596456380     
   2.90000000000000        1.00432197127170     
   2.91000000000000        1.00367630839241     
   2.92000000000000        1.00319041088232     
   2.93000000000000        1.00382516815455     
   2.94000000000000        1.00371483739975     
   2.95000000000000        1.00370923965089     
   2.96000000000000        1.00369201945897     
   2.97000000000000        1.00363158080869     
   2.98000000000000        1.00379844532800     
   2.99000000000000        1.00308526328547     
   3.00000000000000        1.00329284719840     
   3.01000000000000        1.00281729210316     
   3.02000000000000        1.00285997956757     
   3.03000000000000        1.00343096027590     
   3.04000000000000        1.00337717778800     
   3.05000000000000        1.00419661504262     
   3.06000000000000        1.00308960709379     
   3.07000000000000        1.00331888191604     
   3.08000000000000        1.00313325267163     
   3.09000000000000        1.00300968618833     
   3.10000000000000        1.00305173704442     
   3.11000000000000        1.00297799441178     
   3.12000000000000        1.00300152391062     
   3.13000000000000        1.00266732843110     
   3.14000000000000        1.00298778245557     
   3.15000000000000        1.00287344153030     
   3.16000000000000        1.00305240360815     
   3.17000000000000        1.00317058289156     
   3.18000000000000        1.00240955691342     
   3.19000000000000        1.00305216805203     
   3.20000000000000        1.00328587802864     
   3.21000000000000        1.00219162523540     
   3.22000000000000        1.00335799057257     
   3.23000000000000        1.00197168890043     
   3.24000000000000        1.00270309297736     
   3.25000000000000        1.00317307276464     
   3.26000000000000        1.00292357344385     
   3.27000000000000        1.00286341204047     
   3.28000000000000        1.00300306288532     
   3.29000000000000        1.00333257035934     
   3.30000000000000        1.00280039770123     
   3.31000000000000        1.00297494008918     
   3.32000000000000        1.00257511093980     
   3.33000000000000        1.00264443400739     
   3.34000000000000        1.00278862935102     
   3.35000000000000        1.00274886798430     
   3.36000000000000        1.00226629248640     
   3.37000000000000        1.00308179911875     
   3.38000000000000        1.00256137843174     
   3.39000000000000        1.00235796113600     
   3.40000000000000        1.00227816729058     
   3.41000000000000        1.00292961418951     
   3.42000000000000        1.00245086654191     
   3.43000000000000        1.00276339475288     
   3.44000000000000        1.00293831256104     
   3.45000000000000        1.00207784450455     
   3.46000000000000        1.00238204435233     
   3.47000000000000        1.00302616415533     
   3.48000000000000        1.00275499693699     
   3.49000000000000        1.00236130512069     
   3.50000000000000        1.00276202342594     
   3.51000000000000        1.00253202849108     
   3.52000000000000        1.00278000696485     
   3.53000000000000        1.00262968569132     
   3.54000000000000        1.00285719142775     
   3.55000000000000        1.00273989601864     
   3.56000000000000        1.00263191130072     
   3.57000000000000        1.00267147064276     
   3.58000000000000        1.00321062820985     
   3.59000000000000        1.00303842454023     
   3.60000000000000        1.00256720262032     
   3.61000000000000        1.00281150731443     
   3.62000000000000        1.00306184515735     
   3.63000000000000        1.00245768160386     
   3.64000000000000        1.00219875293270     
   3.65000000000000        1.00244703731419     
   3.66000000000000        1.00249190052171     
   3.67000000000000        1.00271046607959     
   3.68000000000000        1.00319083129659     
   3.69000000000000        1.00295515386140     
   3.70000000000000        1.00257118296997     
   3.71000000000000        1.00261941548857     
   3.72000000000000        1.00286366139898     
   3.73000000000000        1.00227567651182     
   3.74000000000000        1.00253717436205     
   3.75000000000000        1.00168657671183     
   3.76000000000000        1.00257256395671     
   3.77000000000000        1.00274377071562     
   3.78000000000000        1.00243096842257     
   3.79000000000000        1.00308392028627     
   3.80000000000000        1.00271979858163     
   3.81000000000000        1.00255855452791     
   3.82000000000000        1.00246182927235     
   3.83000000000000        1.00293146208867     
   3.84000000000000        1.00283443354576     
   3.85000000000000        1.00272474725046     
   3.86000000000000        1.00195857381079     
   3.87000000000000        1.00193979914439     
   3.88000000000000        1.00239531242674     
   3.89000000000000        1.00250028964869     
   3.90000000000000        1.00247112841697     
   3.91000000000000        1.00205287350448     
   3.92000000000000        1.00235506104003     
   3.93000000000000        1.00263899928706     
   3.94000000000000        1.00216839186574     
   3.95000000000000        1.00243069684454     
   3.96000000000000        1.00235329444866     
   3.97000000000000        1.00272035153276     
   3.98000000000000        1.00264093563543     
   3.99000000000000        1.00266043877998     
   4.00000000000000        1.00293799804680     
   4.01000000000000        1.00245354090441     
   4.02000000000000        1.00230693741212     
   4.03000000000000        1.00245531778156     
   4.04000000000000        1.00251021243158     
   4.05000000000000        1.00186527796202     
   4.06000000000000        1.00213685252344     
   4.07000000000000        1.00230957199817     
   4.08000000000000        1.00197327635712     
   4.09000000000000        1.00196407988005     
   4.10000000000000        1.00246863999800     
   4.11000000000000        1.00261119037997     
   4.12000000000000        1.00254571743993     
   4.13000000000000        1.00239078482675     
   4.14000000000000        1.00248782283945     
   4.15000000000000        1.00223199246060     
   4.16000000000000        1.00228539656344     
   4.17000000000000        1.00231043486705     
   4.18000000000000        1.00255190303921     
   4.19000000000000        1.00215988809893     
   4.20000000000000        1.00186114204375     
   4.21000000000000        1.00236364788146     
   4.22000000000000        1.00250212198890     
   4.23000000000000        1.00196639408674     
   4.24000000000000        1.00178048949550     
   4.25000000000000        1.00255839966125     
   4.26000000000000        1.00312982174062     
   4.27000000000000        1.00236002525732     
   4.28000000000000        1.00237187658096     
   4.29000000000000        1.00233345277010     
   4.30000000000000        1.00271044862929     
   4.31000000000000        1.00258909145322     
   4.32000000000000        1.00244126681676     
   4.33000000000000        1.00209937529387     
   4.34000000000000        1.00235880039435     
   4.35000000000000        1.00212191663469     
   4.36000000000000        1.00205093863003     
   4.37000000000000        1.00236367314431     
   4.38000000000000        1.00247127937614     
   4.39000000000000        1.00227377272936     
   4.40000000000000        1.00238767662586     
   4.41000000000000        1.00226365714262     
   4.42000000000000        1.00171570573372     
   4.43000000000000        1.00181876016810     
   4.44000000000000        1.00155996289911     
   4.45000000000000        1.00201515657598     
   4.46000000000000        1.00192068202152     
   4.47000000000000        1.00163998045223     
   4.48000000000000        1.00216363844824     
   4.49000000000000        1.00180078148101     
   4.50000000000000        1.00229608828159     
   4.51000000000000        1.00225852983392     
   4.52000000000000        1.00211729909575     
   4.53000000000000        1.00229042927813     
   4.54000000000000        1.00214554223131     
   4.55000000000000        1.00217352650432     
   4.56000000000000        1.00203360080302     
   4.57000000000000        1.00215203866698     
   4.58000000000000        1.00180772345492     
   4.59000000000000        1.00218286340864     
   4.60000000000000        1.00230263667176     
   4.61000000000000        1.00197084324039     
   4.62000000000000        1.00187983495458     
   4.63000000000000        1.00216667636218     
   4.64000000000000        1.00176208369272     
   4.65000000000000        1.00192994379830     
   4.66000000000000        1.00198326915199     
   4.67000000000000        1.00220288832988     
   4.68000000000000        1.00213044083647     
   4.69000000000000        1.00212815441676     
   4.70000000000000        1.00191018940976     
   4.71000000000000        1.00189061887643     
   4.72000000000000        1.00212236387529     
   4.73000000000000        1.00182316412595     
   4.74000000000000        1.00242804383544     
   4.75000000000000        1.00169709598889     
   4.76000000000000        1.00222538823539     
   4.77000000000000        1.00203587485441     
   4.78000000000000        1.00230076624905     
   4.79000000000000        1.00229720965476     
   4.80000000000000        1.00193370844167     
   4.81000000000000        1.00183150978880     
   4.82000000000000        1.00186660708545     
   4.83000000000000        1.00227701426325     
   4.84000000000000        1.00201063452463     
   4.85000000000000        1.00205743384262     
   4.86000000000000        1.00212167348777     
   4.87000000000000        1.00202879040725     
   4.88000000000000        1.00175289457390     
   4.89000000000000        1.00177459555113     
   4.90000000000000        1.00221333715450     
   4.91000000000000        1.00222199601722     
   4.92000000000000        1.00179422222651     
   4.93000000000000        1.00163477566694     
   4.94000000000000        1.00191805971161     
   4.95000000000000        1.00172771479222     
   4.96000000000000        1.00158176699095     
   4.97000000000000        1.00192263975839     
   4.98000000000000        1.00167588960829     
   4.99000000000000        1.00201637946758     
   5.00000000000000        1.00189271729758     
   5.01000000000000        1.00234287961006     
   5.02000000000000        1.00221564764047     
   5.03000000000000        1.00128092032027     
   5.04000000000000        1.00199916756479     
   5.05000000000000        1.00177313179448     
   5.06000000000000        1.00202640954316     
   5.07000000000000        1.00156651339507     
   5.08000000000000        1.00220162581848     
   5.09000000000000        1.00180810336856     
   5.10000000000000        1.00211661502426     
   5.11000000000000        1.00172942446137     
   5.12000000000000        1.00197335823638     
   5.13000000000000        1.00182399560253     
   5.14000000000000        1.00141508777055     
   5.15000000000000        1.00163924661216     
   5.16000000000000        1.00174342529555     
   5.17000000000000        1.00194744640139     
   5.18000000000000        1.00169786094379     
   5.19000000000000        1.00174228445736     
   5.20000000000000        1.00165591336453     
   5.21000000000000        1.00172919925368     
   5.22000000000000        1.00185213593735     
   5.23000000000000        1.00188075638942     
   5.24000000000000        1.00187983772241     
   5.25000000000000        1.00170425027050     
   5.26000000000000        1.00224998741898     
   5.27000000000000        1.00212948847969     
   5.28000000000000        1.00190103686041     
   5.29000000000000        1.00186849784191     
   5.30000000000000        1.00186696423551     
   5.31000000000000        1.00165760104981     
   5.32000000000000        1.00179230142213     
   5.33000000000000        1.00201429004392     
   5.34000000000000        1.00154046997546     
   5.35000000000000        1.00153283324277     
   5.36000000000000        1.00190178291083     
   5.37000000000000        1.00170600524910     
   5.38000000000000        1.00177876655820     
   5.39000000000000        1.00194008001281     
   5.40000000000000        1.00161693158204     
   5.41000000000000        1.00189158649948     
   5.42000000000000        1.00213191695520     
   5.43000000000000        1.00140663050720     
   5.44000000000000        1.00176000091055     
   5.45000000000000        1.00160896142041     
   5.46000000000000        1.00154404552249     
   5.47000000000000        1.00159246899573     
   5.48000000000000        1.00179183339461     
   5.49000000000000        1.00199431604301     
   5.50000000000000        1.00165707619767     
   5.51000000000000        1.00196908209989     
   5.52000000000000        1.00161175883790     
   5.53000000000000        1.00202691489427     
   5.54000000000000        1.00158708308530     
   5.55000000000000        1.00178230898172     
   5.56000000000000        1.00172798495874     
   5.57000000000000        1.00123526201559     
   5.58000000000000        1.00116003872028     
   5.59000000000000        1.00192711858713     
   5.60000000000000        1.00130303409650     
   5.61000000000000        1.00137576793298     
   5.62000000000000        1.00170049950584     
   5.63000000000000        1.00128078599458     
   5.64000000000000        1.00115646243458     
   5.65000000000000        1.00152037106032     
   5.66000000000000        1.00188523997384     
   5.67000000000000        1.00195543998177     
   5.68000000000000        1.00156718473777     
   5.69000000000000        1.00161744477085     
   5.70000000000000        1.00156282449002     
   5.71000000000000        1.00160917037767     
   5.72000000000000        1.00160626444280     
   5.73000000000000        1.00173586416334     
   5.74000000000000        1.00147000420891     
   5.75000000000000        1.00188440320377     
   5.76000000000000        1.00175460486821     
   5.77000000000000        1.00144512915326     
   5.78000000000000        1.00124530140642     
   5.79000000000000        1.00138473988360     
   5.80000000000000        1.00136264189530     
   5.81000000000000        1.00118755746462     
   5.82000000000000        1.00164309356365     
   5.83000000000000        1.00173048290745     
   5.84000000000000        1.00165671866003     
   5.85000000000000        1.00126222224700     
   5.86000000000000        1.00146520957134     
   5.87000000000000        1.00199474477727     
   5.88000000000000        1.00146274827605     
   5.89000000000000        1.00146005607375     
   5.90000000000000        1.00138265001794     
   5.91000000000000        1.00192383709337     
   5.92000000000000        1.00131902629897     
   5.93000000000000        1.00172402602025     
   5.94000000000000        1.00158261657072     
   5.95000000000000        1.00128675035428     
   5.96000000000000        1.00184338800440     
   5.97000000000000        1.00140199869403     
   5.98000000000000        1.00182707640156     
