  5.000000000000000E-002   146.686580928037        24.7440405505428     
  0.100000000000000        146.791188462876        24.9305354065829     
  0.150000000000000        147.024995715611        24.5231541170213     
  0.200000000000000        147.290420246547        24.3665253083340     
  0.250000000000000        148.503395432369        23.0696535874771     
  0.300000000000000        147.477233369331        24.0945555624762     
  0.350000000000000        147.818606780112        23.8133792408872     
  0.400000000000000        147.418763486045        24.0640924582963     
  0.450000000000000        146.555098609712        25.0727427406249     
  0.500000000000000        146.840325122395        24.8308469579318     
  0.550000000000000        148.022965532807        23.7549207986041     
  0.600000000000000        147.789327889692        24.0602327744758     
  0.650000000000000        146.546809738685        24.9690629486526     
  0.700000000000000        147.875112135333        23.5571371171388     
  0.750000000000000        147.389345686416        24.2359605256719     
  0.800000000000000        147.729992424382        23.9089007538472     
  0.850000000000000        148.331831900956        23.4107676373243     
  0.900000000000000        146.803329846953        24.7966130451495     
  0.950000000000000        147.774129251363        23.9665690901968     
   1.00000000000000        147.149438473831        24.6755109737674     
   1.05000000000000        148.715004526136        23.0337369081970     
   1.10000000000000        146.196001491067        25.6470452075154     
   1.15000000000000        148.215708833395        23.3951939934775     
   1.20000000000000        148.795806870983        22.8487741901656     
   1.25000000000000        147.690275190673        24.1235197531777     
   1.30000000000000        145.751891640847        26.0195247695857     
   1.35000000000000        147.587556976344        24.1649244225175     
   1.40000000000000        147.079013149805        24.3420154949624     
   1.45000000000000        146.539946350074        24.8246408441032     
   1.50000000000000        149.613311218488        22.1090389110304     
   1.55000000000000        147.960462433740        23.5010911334561     
   1.60000000000000        145.979755090539        25.6856857579968     
   1.65000000000000        147.219105482807        24.1912290882411     
   1.70000000000000        148.523564367787        23.2133590446306     
   1.75000000000000        148.284715747640        23.1113598253582     
   1.80000000000000        147.527508921132        24.1722841710733     
   1.85000000000000        148.865591574247        22.9363173745366     
   1.90000000000000        147.227649427943        24.2305814577810     
   1.95000000000000        144.165283949260        27.5052360998404     
   2.00000000000000        148.526200272772        23.1911378577894     
   2.05000000000000        149.126785041282        22.4088165188883     
   2.10000000000000        147.724837024023        23.8272481788679     
   2.15000000000000        148.715550765261        22.8480002586773     
   2.20000000000000        148.058787756371        23.9901260090331     
   2.25000000000000        147.018668235891        24.5550379528789     
   2.30000000000000        147.572638052136        24.2220303541451     
   2.35000000000000        148.204532481643        23.3431577089922     
   2.40000000000000        149.404159282646        22.4004754150329     
   2.45000000000000        148.650746382013        23.1268571577767     
   2.50000000000000        147.242822594163        24.4634823918972     
   2.55000000000000        147.193545741129        24.4524588520072     
   2.60000000000000        147.720220567714        23.9767288320059     
   2.65000000000000        146.555978893385        24.9003093646185     
   2.70000000000000        147.173271534664        24.2892610518927     
   2.75000000000000        146.129167442863        25.4590873711705     
   2.80000000000000        146.743167875164        25.0660016745131     
   2.85000000000000        147.990094081895        23.5093240403464     
   2.90000000000000        148.122238330636        23.6448003451831     
   2.95000000000000        148.231608707850        23.3724820091581     
   3.00000000000000        147.284075364168        24.2771537684218     
   3.05000000000000        147.461095703313        24.1574084960931     
   3.10000000000000        148.419264409287        23.1413852467192     
   3.15000000000000        146.949246914106        24.6228765345011     
   3.20000000000000        147.724500621728        23.8873014446153     
   3.25000000000000        146.468601415991        25.0200516357556     
   3.30000000000000        148.767679855264        22.8194341536084     
   3.35000000000000        148.140996847355        23.5998428165181     
   3.40000000000000        148.313579800009        23.3527989844104     
   3.45000000000000        147.538688002065        23.9060759473936     
   3.50000000000000        147.173198406199        24.5341930536082     
   3.55000000000000        145.069043299557        26.7131323603416     
   3.60000000000000        147.818108501591        23.9889416327166     
   3.65000000000000        145.988479538443        25.6424746712875     
   3.70000000000000        148.252883922402        23.4031662434234     
   3.75000000000000        147.877567904968        23.7194667960397     
   3.80000000000000        147.857703880235        23.8207106888777     
   3.85000000000000        146.901872111595        24.7353021361957     
   3.90000000000000        146.895219111533        24.7906049804719     
   3.95000000000000        148.323520491996        23.5602496891891     
   4.00000000000000        148.626401451170        23.1343394954251     
   4.05000000000000        148.482757705512        22.9598318001974     
   4.10000000000000        145.531566231088        26.2651694824282     
   4.15000000000000        147.883781376721        23.6678403148066     
   4.20000000000000        148.155544646072        23.4695141860392     
   4.25000000000000        148.554801875641        22.9935385854818     
   4.30000000000000        146.118102989678        25.5276651853954     
   4.35000000000000        146.808050609523        24.7381496644691     
   4.40000000000000        148.126390924745        23.5477411492288     
   4.45000000000000        149.255705756313        22.3791134965111     
   4.50000000000000        148.977829478999        22.7197970963667     
   4.55000000000000        148.020898362332        23.8365893970779     
   4.60000000000000        148.576222642981        23.0741285673560     
   4.65000000000000        147.125400480071        24.6336791601071     
   4.70000000000000        147.312514964897        24.6779818347599     
   4.75000000000000        145.319595236538        26.3665560684079     
   4.80000000000000        148.760682325960        22.7767026747641     
   4.85000000000000        144.654220049151        27.2873910630574     
   4.90000000000000        147.097047006254        24.6942024138373     
   4.95000000000000        146.799400411216        24.7296165123457     
   5.00000000000000        147.566191844942        23.8556412018863     
   5.05000000000000        146.802958625905        24.8151513501946     
   5.10000000000000        147.078403174051        24.3819870686363     
   5.15000000000000        147.498722676669        24.2548886648846     
   5.20000000000000        150.201485208855        21.5999142294218     
   5.25000000000000        147.240926907635        24.4968451052753     
   5.30000000000000        147.231413431148        24.4014315795820     
   5.35000000000000        146.319729439712        25.4201634885149     
   5.40000000000000        148.345406177151        23.3951511965408     
   5.45000000000000        148.769781825691        22.8485397640049     
   5.50000000000000        148.345624447763        23.2776160986249     
   5.55000000000000        147.308151292291        24.2046557141589     
   5.60000000000000        148.584009890724        23.0097044753161     
   5.65000000000000        146.693976874433        25.1825870691284     
   5.70000000000000        145.593643080929        26.1482439666469     
   5.75000000000000        147.519513596160        24.3326979253005     
   5.80000000000000        148.244838042847        23.4305851236228     
   5.85000000000000        145.752370020444        26.0232877841862     
   5.90000000000000        147.362405011370        24.1761186460738     
   5.95000000000000        148.416854785202        23.3290578611663     
   6.00000000000000        147.332040775261        24.3789597436651     
   6.05000000000000        147.480353805332        24.1445805280861     
   6.10000000000000        146.793183389266        24.9942738520009     
   6.15000000000000        146.767658506013        24.7860311737450     
   6.20000000000000        146.701341413650        25.1089635473862     
   6.25000000000000        149.579147496461        22.3238740955701     
   6.30000000000000        148.356281143307        23.4717608523776     
   6.35000000000000        146.070644350770        25.7651043318868     
   6.40000000000000        148.637651466854        23.1863710683244     
   6.45000000000000        147.035411924397        24.4040097377554     
   6.50000000000000        148.737821102558        22.8037174697586     
   6.55000000000000        148.357241907162        23.0019273049360     
   6.60000000000000        145.874915071417        25.8086331936680     
   6.65000000000000        148.361954482839        23.2398556392158     
   6.70000000000000        148.150827353678        23.6984510621056     
   6.75000000000000        147.651530073364        24.0430978060477     
   6.80000000000000        149.172248958254        22.4735999540522     
   6.85000000000000        147.550131981745        24.0352846352253     
   6.90000000000000        149.282263649051        22.5410938674439     
   6.95000000000000        147.443851219170        23.9971852318129     
   7.00000000000000        149.072910098687        22.5406762210623     
   7.05000000000000        149.047828631742        22.5790761562399     
   7.10000000000000        149.257048171180        22.3332274292008     
   7.15000000000000        147.922754993395        23.9249711475241     
   7.20000000000000        148.877300548315        22.8700091477187     
   7.25000000000000        146.245760856747        25.5027549103500     
   7.30000000000000        149.862282005842        21.7940279674498     
   7.35000000000000        147.049659101650        24.2955152658568     
   7.40000000000000        147.798566610807        24.0369092186713     
   7.45000000000000        148.465515499310        23.0665348025235     
   7.50000000000000        147.787340718224        23.6674826902294     
   7.55000000000000        148.485171402203        23.3302439154627     
   7.60000000000000        147.313893236745        24.6590088772134     
   7.65000000000000        147.463234171176        24.0341991277007     
   7.70000000000000        145.835991524679        25.8261098774578     
   7.75000000000000        150.380135262939        21.3693423930201     
   7.80000000000000        145.100717603342        26.5047505361145     
   7.85000000000000        149.183572135637        22.5486414793483     
   7.90000000000000        146.661792305933        24.9150288071085     
   7.95000000000000        148.130413798754        23.4146109568887     
   8.00000000000000        146.754616183326        25.0280258452557     
   8.05000000000000        148.409879447364        23.1480567253922     
   8.10000000000000        148.541845914086        23.2972876538497     
   8.15000000000000        146.254194758595        25.4421859991931     
   8.20000000000000        150.192890461839        21.5584437878586     
   8.25000000000000        145.446281866336        26.1133555664978     
   8.30000000000000        148.038508749857        23.6988054761960     
   8.35000000000000        147.462861470936        24.0679322560826     
   8.40000000000000        148.151794330347        23.3202475319311     
   8.45000000000000        146.630017536622        25.1993385999268     
   8.50000000000000        148.640889632034        22.9589910343444     
   8.55000000000000        146.934873705544        24.7209337504087     
   8.60000000000000        148.774875748390        22.9062253996000     
   8.65000000000000        148.110941497166        23.4583260939244     
   8.70000000000000        146.373944090403        25.3650408853575     
   8.75000000000000        148.120368215858        23.2261361416283     
   8.80000000000000        145.327453267436        26.3879315827410     
   8.85000000000000        148.089863808360        23.6168214237832     
   8.90000000000000        148.195900862892        23.4204162991727     
   8.95000000000000        145.992361391470        25.6400462782061     
   9.00000000000000        145.960077220065        25.8243154881845     
   9.05000000000000        148.402211901254        23.2850208543602     
   9.10000000000000        147.793441806037        23.9974934985427     
   9.15000000000000        146.994123803750        24.8055793680277     
   9.20000000000000        147.233377418106        24.5014867225497     
   9.25000000000000        148.315751708547        23.3236501169925     
   9.30000000000000        147.925803117834        23.8049768273906     
   9.35000000000000        148.148558986629        23.3883174067146     
   9.40000000000000        146.743997347352        24.7547573144645     
   9.45000000000000        147.901545628356        23.7593578158907     
   9.50000000000000        145.244985296657        26.4947666726777     
   9.55000000000000        147.499725892883        24.1067596675677     
   9.60000000000000        148.925524421783        22.6041683405176     
   9.65000000000000        148.786739608901        22.7766620302934     
   9.70000000000000        146.994667039251        24.6244670553943     
   9.75000000000000        147.628163140164        24.2633837715928     
   9.80000000000000        146.791063179432        25.0167042097837     
   9.85000000000000        145.707511898931        25.8265461629639     
   9.90000000000000        146.869418292404        24.7699243884900     
   9.95000000000000        145.515194620788        25.9224068315600     
   10.0000000000000        146.606356014898        24.9523856088824     
   10.0500000000000        147.752001145585        23.6318832808892     
   10.1000000000000        148.180306129295        23.5945618075387     
   10.1500000000000        147.442068296265        24.0204789065939     
   10.2000000000000        147.287237522183        24.4040151892888     
   10.2500000000000        146.280270087824        25.4468042964921     
   10.3000000000000        147.304761668327        24.3933284411444     
   10.3500000000000        148.511621098180        23.1790801432502     
   10.4000000000000        147.270420416830        24.5224937694945     
   10.4500000000000        149.086459375464        22.5876773041486     
   10.5000000000000        146.908996043159        24.7066030842809     
   10.5500000000000        146.757067626316        24.7111121829963     
   10.6000000000000        149.833938383438        21.8930235064381     
   10.6500000000000        148.126137794315        23.7085061501098     
   10.7000000000000        145.833722442654        25.6204164253584     
   10.7500000000000        150.003836418101        21.5800017085347     
   10.8000000000000        148.077417193051        23.6885447856505     
   10.8500000000000        148.206724707999        23.2102757427976     
   10.9000000000000        145.435702429409        26.2655573275019     
   10.9500000000000        148.627864378425        23.1306737514222     
   11.0000000000000        146.124725145705        25.6084066739496     
   11.0500000000000        146.129964149550        25.5975196976005     
   11.1000000000000        148.361599731464        23.3096013794230     
   11.1500000000000        149.965928446910        21.8898417671101     
   11.2000000000000        149.132205682866        22.5666379252995     
   11.2500000000000        148.959430903219        22.6951845825671     
   11.3000000000000        147.078563678906        24.7559940987797     
   11.3500000000000        147.973935330566        23.7978679707487     
   11.4000000000000        149.781620893694        21.6006227364966     
   11.4500000000000        148.851214372818        22.8003322202545     
   11.5000000000000        146.539990029185        25.3379300829606     
   11.5500000000000        147.089193728444        24.5592749795015     
   11.6000000000000        145.434284963407        26.2412333498564     
   11.6500000000000        147.891426540032        23.6491662646286     
   11.7000000000000        147.257259800538        24.1946577786340     
   11.7500000000000        147.319312325254        24.3762008809501     
   11.8000000000000        147.353332702284        24.4381408884108     
   11.8500000000000        148.072513707921        23.7482607720454     
   11.9000000000000        148.443591430403        23.3883380025288     
   11.9500000000000        147.492735450549        24.1637562411174     
   12.0000000000000        148.125132778551        23.5975961310694     
   12.0500000000000        148.512258837182        23.1786335254625     
   12.1000000000000        148.603612658154        22.8371463685200     
   12.1500000000000        147.931166851847        23.8599437906362     
   12.2000000000000        147.517340463447        23.9991768043544     
   12.2500000000000        148.741692735199        22.8214971037242     
   12.3000000000000        145.857493227002        25.7464820827760     
   12.3500000000000        148.554726679545        23.3001373523112     
   12.4000000000000        149.534448771536        22.2592137448581     
   12.4500000000000        147.332142735608        24.2317709841148     
   12.5000000000000        149.610320215562        21.9643073048476     
   12.5500000000000        147.206895779370        24.5606090852998     
   12.6000000000000        148.213277681884        23.4638764230801     
   12.6500000000000        146.828067087125        24.7069710306023     
   12.7000000000000        146.822329217642        24.9015709832006     
   12.7500000000000        147.933468166279        23.7512640208836     
   12.8000000000000        148.168646303003        23.4077867248673     
   12.8500000000000        148.849702652981        22.8944780023161     
   12.9000000000000        149.476180137250        22.1204623204987     
   12.9500000000000        147.788535278056        23.8420900165144     
   13.0000000000000        150.496820970496        21.1339032453085     
   13.0500000000000        147.934480338706        23.4829596940751     
   13.1000000000000        147.297653032963        24.3051213350680     
   13.1500000000000        147.005623968777        24.7359122481777     
   13.2000000000000        148.933390681061        22.5904000844517     
   13.2500000000000        145.652806864295        26.1077758302566     
   13.3000000000000        147.199981308157        24.2077161054080     
   13.3500000000000        147.443557120244        24.0430839063128     
   13.4000000000000        147.505319248062        24.1731791739157     
   13.4500000000000        148.413769759979        23.1549286322582     
   13.5000000000000        147.481138291016        24.1126093823297     
   13.5500000000000        144.930587137563        26.9041030804873     
   13.6000000000000        149.703726542149        21.9020164714482     
   13.6500000000000        147.211320639167        24.5026326298871     
   13.7000000000000        148.425726612048        23.4315888457129     
   13.7500000000000        148.629113772991        22.9932696286242     
   13.8000000000000        147.413331153760        24.1624571441445     
   13.8500000000000        149.258879426532        22.4672841123745     
   13.9000000000000        147.074416908721        24.6905176104345     
   13.9500000000000        145.638828918390        26.1648865648307     
   14.0000000000000        147.339725810330        24.3328182232268     
   14.0500000000000        147.911868313798        23.7001978640602     
   14.1000000000000        148.182615104383        23.5026041530540     
   14.1500000000000        145.782845418521        25.9977300751504     
   14.2000000000000        146.789756320255        25.0629346120533     
   14.2500000000000        146.944144404034        24.6954929978107     
   14.3000000000000        145.387493861098        26.0676463708709     
   14.3500000000000        146.935970302413        24.5507506956761     
   14.4000000000000        147.557518511054        24.2057208107113     
   14.4500000000000        147.066159754340        24.8528246372626     
   14.5000000000000        150.221008971886        21.5065438058879     
   14.5500000000000        148.303630033653        23.1874548312307     
   14.6000000000000        146.866144430481        24.8783431873662     
   14.6500000000000        147.282810954409        24.3272712537111     
   14.7000000000000        148.465671873709        23.0396607927809     
   14.7500000000000        147.616738486611        24.0096233147578     
   14.8000000000000        149.231767524787        22.4164067478090     
   14.8500000000000        148.803110105044        22.8153245454382     
   14.9000000000000        148.311740894343        23.3256920380733     
   14.9500000000000        147.502092720503        24.0511369572621     
   15.0000000000000        149.707106854181        21.9759926222843     
   15.0500000000000        145.759004295982        25.8233220367452     
   15.1000000000000        148.212781728786        23.5149033871358     
   15.1500000000000        148.387976942656        23.3251063051308     
   15.2000000000000        145.597318981751        26.1142341944852     
   15.2500000000000        147.663004658028        24.0682489984840     
   15.3000000000000        148.057966378329        23.5707226247664     
   15.3500000000000        146.460862336882        25.1117608696325     
   15.4000000000000        148.166717970957        23.3295763157955     
   15.4500000000000        145.519245956860        26.3043475544403     
   15.5000000000000        148.437214946598        23.0580431943640     
   15.5500000000000        148.166108212939        23.5909080491326     
   15.6000000000000        145.531499409902        26.1576728594944     
   15.6500000000000        147.610405761513        24.1025045961904     
   15.7000000000000        147.763539036932        23.7953548911587     
   15.7500000000000        147.013556731851        24.6282795071784     
   15.8000000000000        148.923116465891        22.7485191157100     
   15.8500000000000        147.307897593594        24.2963060693440     
   15.9000000000000        148.275301833631        23.5240217705005     
   15.9500000000000        146.587150834007        24.9300482953127     
   16.0000000000000        147.517701420292        24.4788522859859     
   16.0500000000000        147.114907155458        24.7759941402237     
   16.1000000000000        147.744959455462        23.8804153949365     
   16.1500000000000        146.667798165342        25.1446700681482     
   16.2000000000000        145.657516977948        25.9748266018455     
   16.2500000000000        147.091315254357        24.3112459474050     
   16.3000000000000        147.896717531320        23.8244156681022     
   16.3500000000000        148.387159742960        23.4373024415031     
   16.4000000000000        145.653347979594        25.9952902021189     
   16.4500000000000        146.462989465407        25.0587336588002     
   16.5000000000000        148.732390741669        22.6886179535297     
   16.5500000000000        147.188421631584        24.5135259246659     
   16.6000000000000        148.537186528852        23.3236951425781     
   16.6500000000000        149.590108084219        22.1456161483989     
   16.7000000000000        145.623551787396        25.8467994467053     
   16.7500000000000        150.146549014172        21.3480480833414     
   16.8000000000000        146.792808797001        24.8839537032545     
   16.8500000000000        147.196092628642        24.4342222608085     
   16.9000000000000        148.592132619188        23.1728971534324     
   16.9500000000000        149.625043335188        21.8702561654365     
   17.0000000000000        148.907973427227        22.8075891472900     
   17.0500000000000        146.258677899879        25.4080486034648     
   17.1000000000000        147.368616108454        24.2837749665779     
   17.1500000000000        148.276514699631        23.3725670228190     
   17.2000000000000        147.102140485096        24.5465053355275     
   17.2500000000000        146.519019536071        25.2339847592510     
   17.3000000000000        149.676205569280        22.1618012004889     
   17.3500000000000        148.951633908015        22.5292719077176     
   17.4000000000000        147.582527878375        24.1510778761877     
   17.4500000000000        148.904783578386        22.9047861419483     
   17.5000000000000        148.911815968706        22.6108721078282     
   17.5500000000000        147.956261726851        23.8318804586320     
   17.6000000000000        147.667481667104        24.0606647104942     
   17.6500000000000        147.604546874791        24.0031832439960     
   17.7000000000000        145.755136808476        26.0824311002468     
   17.7500000000000        149.776557971372        22.0776244366740     
   17.8000000000000        147.301891888184        24.3163498566862     
   17.8500000000000        147.109717410128        24.6504115219474     
   17.9000000000000        147.323463832753        24.4520359850927     
   17.9500000000000        149.259626473587        22.3906810788340     
   18.0000000000000        148.567750263551        22.9908998148563     
   18.0500000000000        147.878718016514        23.7497222380881     
   18.1000000000000        146.498483184211        25.1824315660053     
   18.1500000000000        145.435515945603        26.4409481027523     
   18.2000000000000        146.917631651369        24.7538256818776     
   18.2500000000000        149.591177840961        22.0620332075204     
   18.3000000000000        147.649286872404        23.9989056628756     
   18.3500000000000        148.023974809712        23.6659654268275     
   18.4000000000000        146.846267315925        24.8113026172573     
   18.4500000000000        147.280810920932        24.4223072023811     
   18.5000000000000        148.257733574862        23.2520795801174     
   18.5500000000000        147.177158725443        24.5601956155827     
   18.6000000000000        149.354864033180        22.2035769353857     
   18.6500000000000        147.147292795849        24.5536472985791     
   18.7000000000000        148.435483765633        23.1389350959925     
   18.7500000000000        150.149366689458        21.5455981785838     
   18.8000000000000        149.356956027473        22.2405308495711     
   18.8500000000000        146.395331701551        25.2203981979393     
   18.9000000000000        145.824459790946        26.1748798138745     
   18.9500000000000        146.269537976708        25.3198440547018     
   19.0000000000000        147.498960824781        24.2784474973997     
   19.0500000000000        148.182478911764        23.6221322481640     
   19.1000000000000        145.529165656145        26.2848866780056     
   19.1500000000000        147.224322211906        24.2205164247164     
   19.2000000000000        147.195987232440        24.3434520099455     
   19.2500000000000        148.217833972981        23.5928539850500     
   19.3000000000000        145.601728918251        26.1743248779350     
   19.3500000000000        148.288609898129        23.3521623822433     
   19.4000000000000        148.903506252824        22.6590200727757     
   19.4500000000000        146.009439818315        25.6336975641409     
   19.5000000000000        148.414986402894        23.3402452331458     
   19.5500000000000        148.559884962890        23.0521280487901     
   19.6000000000000        149.131532363461        22.3047371317547     
   19.6500000000000        148.615676494223        23.0853832019895     
   19.7000000000000        150.286065718629        21.2998374506504     
   19.7500000000000        148.756522582450        22.9082167747805     
   19.8000000000000        148.195036733545        23.5770900610489     
   19.8500000000000        148.368450651637        23.3563572978134     
   19.9000000000000        149.498367284043        22.3658321454513     
   19.9500000000000        147.768233439792        23.8749784907617     
   20.0000000000000        148.658918647816        22.9727943123231     
   20.0500000000000        148.429774180687        23.3279406194845     
   20.1000000000000        146.374164253366        25.3289360705819     
   20.1500000000000        148.430762748250        23.3600115953796     
   20.2000000000000        147.389946819004        24.3612398933365     
   20.2500000000000        147.479476834683        24.2546624515851     
   20.3000000000000        147.501809306759        24.2695046657684     
   20.3500000000000        149.671150022483        21.9531573367983     
   20.4000000000000        145.198766249370        26.5963252755762     
   20.4500000000000        147.192753969897        24.4856463191663     
   20.5000000000000        147.352061625689        24.2781236640535     
   20.5500000000000        147.189415457005        24.3850333119892     
   20.6000000000000        145.351661280775        26.1870858355878     
   20.6500000000000        149.044615338380        22.6614486889910     
   20.7000000000000        146.753793533361        24.7687017615839     
   20.7500000000000        145.206157940620        26.3771442794416     
   20.8000000000000        145.462873817750        26.0710333538635     
   20.8500000000000        146.038256713496        25.3947949318847     
   20.9000000000000        146.581165817885        25.1583946623213     
   20.9500000000000        146.032286637003        25.3212918260146     
   21.0000000000000        146.647228393283        25.0323850522857     
   21.0500000000000        145.938801688322        25.6438118646899     
   21.1000000000000        147.981329878773        23.7926817889919     
   21.1500000000000        148.808507036358        22.8438877680430     
   21.2000000000000        148.065964567167        23.7631429274818     
   21.2500000000000        147.736356502970        23.9461883638539     
   21.3000000000000        148.221493045792        23.4690304319932     
   21.3500000000000        147.011144488386        24.9205667560220     
   21.4000000000000        145.765348049403        25.8231719260446     
   21.4500000000000        148.343347874641        23.3644783890221     
   21.5000000000000        146.973332962883        24.7197884126793     
   21.5500000000000        146.339956759112        25.3676615802996     
   21.6000000000000        147.470607882050        24.3932332330933     
   21.6500000000000        148.693316324576        22.9984278537365     
   21.7000000000000        146.403635686697        25.1405466308795     
   21.7500000000000        148.224498765890        23.5400187286754     
   21.8000000000000        147.923793463276        23.6141885194030     
   21.8500000000000        147.782990989303        24.0885494788552     
   21.9000000000000        147.669324740364        23.9996787296490     
   21.9500000000000        148.384879215664        23.2080528708539     
   22.0000000000000        146.640799156906        24.9398557049816     
   22.0500000000000        147.261317121855        24.4660012538654     
   22.1000000000000        145.543387436574        26.2210606759072     
   22.1500000000000        147.415999390791        24.3403336831179     
   22.2000000000000        149.330376113530        22.2201105413765     
   22.2500000000000        147.549061799315        24.1991268301051     
   22.3000000000000        146.876110194625        24.8494709645039     
   22.3500000000000        147.509532510848        24.2598526425516     
   22.4000000000000        147.608202395158        24.0354375954453     
   22.4500000000000        145.934162420681        25.6580452729420     
   22.5000000000000        149.339357699235        22.3634332136809     
   22.5500000000000        147.700881663746        23.9954448187302     
   22.6000000000000        145.299051242549        26.3022479712546     
   22.6500000000000        146.668459603370        24.9112270619288     
   22.7000000000000        148.629594524344        23.0742034314773     
   22.7500000000000        145.814448056142        25.8019439815044     
   22.8000000000000        146.698331823866        25.0853334228510     
   22.8500000000000        146.602881404056        24.9154634146999     
   22.9000000000000        148.168547787083        23.4256613412399     
   22.9500000000000        147.214785338421        24.5367935921046     
   23.0000000000000        146.553864964620        25.0058235136415     
   23.0500000000000        146.999739690081        24.5938702819069     
   23.1000000000000        148.380155877471        23.3873771814432     
   23.1500000000000        147.901592717912        23.7574003882159     
   23.2000000000000        148.739984559191        22.9228439583134     
   23.2500000000000        147.687845290691        24.1971980085037     
   23.3000000000000        147.576452442650        23.9077489746921     
   23.3500000000000        147.380834457702        24.3232964076908     
   23.4000000000000        146.597306015998        25.0130648511162     
   23.4500000000000        147.994605170107        23.6708399775746     
   23.5000000000000        147.377468109546        24.4309732443347     
   23.5500000000000        148.512298818899        23.0993250324639     
   23.6000000000000        147.823753547812        23.8909235856138     
   23.6500000000000        147.688976100001        23.7936738398741     
   23.7000000000000        148.184844015713        23.4817557444676     
   23.7500000000000        146.049135668630        25.6271571227411     
   23.8000000000000        149.975770097207        21.6854881511200     
   23.8500000000000        149.577517009441        22.1352690098938     
   23.9000000000000        145.183180368288        26.4601979194938     
   23.9500000000000        148.651188100534        23.2574516294761     
   24.0000000000000        147.640215652435        23.9871909833256     
   24.0500000000000        148.048482501907        23.6941999255655     
   24.1000000000000        146.872775410506        24.7567937105628     
   24.1500000000000        148.905506147187        22.7837274133209     
   24.2000000000000        146.786670895656        24.9610638604802     
   24.2500000000000        147.835987340623        23.9272267357513     
   24.3000000000000        150.931482923222        20.4905891963076     
   24.3500000000000        147.519737853963        24.2130078849949     
   24.4000000000000        148.637132085053        23.0060968565177     
   24.4500000000000        146.880754702039        24.7122481131720     
   24.5000000000000        146.211304421937        25.2664940388360     
   24.5500000000000        147.565933268787        23.9825002595038     
   24.6000000000000        146.952574277782        24.8491260015406     
   24.6500000000000        147.816333096479        23.9667605545373     
   24.7000000000000        148.410178657452        23.2133032351688     
   24.7500000000000        148.395467481680        23.3485933270035     
   24.8000000000000        148.648809653712        22.9811765518815     
   24.8500000000000        148.131248021595        23.6972673007072     
   24.9000000000000        149.692162121026        22.1301759745378     
   24.9500000000000        145.290825185452        26.4669702386371     
   25.0000000000000        147.503400104024        24.0977881462254     
   25.0500000000000        148.749441920878        22.8195876697555     
   25.1000000000000        147.942284138632        23.7282904371005     
   25.1500000000000        147.606241559369        23.9534868670994     
   25.2000000000000        149.133213874955        22.8238657675463     
   25.2500000000000        148.079435260880        23.4962979201643     
   25.3000000000000        146.581159025192        24.9353328860651     
   25.3500000000000        146.428473854695        25.2699536656733     
   25.4000000000000        150.011984334131        21.6281889330246     
   25.4500000000000        147.893170324563        23.8642668658406     
   25.5000000000000        149.198529880461        22.6055204237986     
   25.5500000000000        146.672093079623        24.9277490036319     
   25.6000000000000        147.937082712991        23.7998083395365     
   25.6500000000000        150.909229748221        20.6295693765009     
   25.7000000000000        148.513265418328        23.2193591835857     
   25.7500000000000        147.159854608633        24.3595963230425     
   25.8000000000000        147.664356535899        24.0596486756710     
   25.8500000000000        148.315921345881        23.2805433111530     
   25.9000000000000        147.051375309295        24.5836002209677     
   25.9500000000000        147.889877192685        23.8474878234222     
   26.0000000000000        147.730158954674        24.1783059456654     
   26.0500000000000        146.700274159112        25.1235802647783     
   26.1000000000000        146.304801734920        25.3928970588910     
   26.1500000000000        147.524583279117        24.1091582568355     
   26.2000000000000        148.449864869547        23.0205786817996     
   26.2500000000000        147.672478046153        24.1000283853525     
   26.3000000000000        149.256990914306        22.2700218322947     
   26.3500000000000        149.457735143722        22.3246297952742     
   26.4000000000000        146.997101367244        24.7031038385839     
   26.4500000000000        148.670911582787        22.8616115299013     
   26.5000000000000        146.889232309588        25.1486180772287     
   26.5500000000000        147.770804640303        23.7095419244879     
   26.6000000000000        145.303200553862        26.7370732289753     
   26.6500000000000        147.891185259514        23.8676768130810     
   26.7000000000000        147.402777066924        24.1918632265697     
   26.7500000000000        143.780780517584        27.9609913735017     
   26.8000000000000        148.739309188217        23.1150784574670     
   26.8500000000000        147.150580716221        24.6655710121047     
   26.9000000000000        147.386122325846        24.2014030001512     
   26.9500000000000        148.174802843721        23.4564224921349     
   27.0000000000000        145.088604867669        26.6260168810454     
   27.0500000000000        147.075697120198        24.3385955497984     
   27.1000000000000        147.184410786395        24.6150093190698     
   27.1500000000000        148.738828555615        23.0779561952574     
   27.2000000000000        148.429838448008        23.1811493865185     
   27.2500000000000        144.388499131994        27.2469030508326     
   27.3000000000000        147.659905201067        24.0557494429063     
   27.3500000000000        148.912612677628        23.1316880701515     
   27.4000000000000        148.508091051046        23.1377784100876     
   27.4500000000000        147.494702553531        24.1252180857863     
   27.5000000000000        146.861138774497        24.7770207286296     
   27.5500000000000        147.328043286964        24.3836900473430     
   27.6000000000000        151.112114356684        20.5536293097758     
   27.6500000000000        148.776582832488        22.7864790263122     
   27.7000000000000        147.561434924338        24.0142766450111     
   27.7500000000000        145.819018361538        25.7754564291097     
   27.8000000000000        148.249435094366        23.6771482333512     
   27.8500000000000        147.552704273578        24.1520021442709     
   27.9000000000000        147.054489619136        24.8044385906094     
   27.9500000000000        148.084913010023        23.6446520395604     
   28.0000000000000        147.703192301262        24.0754435970034     
   28.0500000000000        149.443610528361        22.1188765096340     
   28.1000000000000        146.818618732133        25.0805545817088     
   28.1500000000000        148.736543886853        22.9902549875546     
   28.2000000000000        148.152746576125        23.3550210361327     
   28.2500000000000        146.426344006902        25.2209212758090     
   28.3000000000000        146.423789984691        25.2457141742876     
   28.3500000000000        146.797305988393        24.9729995315933     
   28.4000000000000        148.521853391290        23.0894917248706     
   28.4500000000000        148.864378196205        22.9486391167411     
   28.5000000000000        148.899155915535        22.5904439225523     
   28.5500000000000        148.775523840932        22.9894877267498     
   28.6000000000000        149.580807136785        22.2185152775873     
   28.6500000000000        148.886155202545        22.6799306079316     
   28.7000000000000        147.661571496071        23.9280529683195     
   28.7500000000000        148.100829047433        23.6757059203709     
   28.8000000000000        147.363953159648        24.4766470927852     
   28.8500000000000        146.432275772013        25.2530694011888     
   28.9000000000000        148.033254776222        23.5675877080272     
   28.9500000000000        147.044274882401        24.5474933857468     
   29.0000000000000        147.952462651231        23.7593347626814     
   29.0500000000000        148.727322523686        22.9689660457695     
   29.1000000000000        149.063816832673        22.5616323034118     
   29.1500000000000        148.420129210027        23.2993029089602     
   29.2000000000000        148.498720111628        23.0179069629569     
   29.2500000000000        149.653266686699        22.0851603500442     
   29.3000000000000        148.557561400907        23.0123798111533     
   29.3500000000000        149.592932749226        22.0046518662267     
   29.4000000000000        146.811593395086        24.8587845563790     
   29.4500000000000        148.273766531199        23.6476827091374     
   29.5000000000000        147.853932958823        23.8108586736787     
   29.5500000000000        148.898065073558        22.7146270456973     
   29.6000000000000        147.144114308204        24.5352874052940     
   29.6500000000000        146.757791885413        24.9870921814583     
   29.7000000000000        151.048587463094        20.5019356428464     
   29.7500000000000        144.976171848373        26.5259749281565     
   29.8000000000000        146.506324791482        25.2055877932804     
   29.8500000000000        147.258183409554        24.4268391770374     
   29.9000000000000        148.943528476398        22.6566073113620     
   29.9500000000000        147.219845162948        24.4073912651832     
   30.0000000000000        146.698508603334        24.9994389908343     
   30.0500000000000        147.615070104016        23.9440177188278     
   30.1000000000000        146.462965705746        25.1734545588001     
   30.1500000000000        148.409363736700        23.3030094313740     
   30.2000000000000        149.560360449704        22.0178203866979     
   30.2500000000000        147.776686839545        24.0190257020747     
   30.3000000000000        147.765180267697        24.2265530434488     
   30.3500000000000        147.052128519508        24.6737360607533     
   30.4000000000000        147.225306475638        24.4173380143548     
   30.4500000000000        147.390662494811        24.1723462692063     
   30.5000000000000        148.924677206667        22.6745702770494     
   30.5500000000000        150.075435368903        21.7088780557872     
   30.6000000000000        146.356431348879        25.3000716466285     
   30.6500000000000        146.642337739097        25.1396219973981     
   30.7000000000000        148.974285581024        22.6516179752485     
   30.7500000000000        148.804371659414        22.7219755253689     
   30.8000000000000        149.373148174717        22.3932454902185     
   30.8500000000000        147.526774368934        24.2469960140612     
   30.9000000000000        149.001436177095        22.6267002768141     
   30.9500000000000        146.112469834717        25.1635303621439     
   31.0000000000000        147.419145111827        24.2686486288310     
   31.0500000000000        149.127316523454        22.5216469147760     
   31.1000000000000        149.415982209937        22.1340599487455     
   31.1500000000000        146.522734303981        25.1722841532883     
   31.2000000000000        147.561142947609        24.0527697114837     
   31.2500000000000        147.028413052014        24.7313352981859     
   31.3000000000000        145.157812004136        26.1480273349975     
   31.3500000000000        148.492607150835        22.7371212416429     
   31.4000000000000        149.441727726097        22.2369295044840     
   31.4500000000000        147.436852178930        24.3672996612002     
   31.5000000000000        146.127270586045        25.6719611303229     
   31.5500000000000        145.687550010248        25.9247463449067     
   31.6000000000000        148.485996473298        23.1292850411998     
   31.6500000000000        148.539828099760        23.1077790662168     
   31.7000000000000        148.159084694633        23.4569686884191     
   31.7500000000000        147.153460065081        24.5962740172658     
   31.8000000000000        145.251361494932        26.3517573165987     
   31.8500000000000        146.701676251496        24.7602292198481     
   31.9000000000000        143.207228905863        28.5025663451503     
   31.9500000000000        148.612119244497        23.0599748748060     
   32.0000000000000        148.168982562530        23.4897913096365     
   32.0500000000000        146.743028831856        24.9777455315186     
   32.1000000000000        147.819755717957        24.1559949897615     
   32.1500000000000        147.256423634908        24.5718154202236     
   32.2000000000000        149.068985630984        22.5164536666880     
   32.2500000000000        148.837341613528        22.8722474388884     
   32.3000000000000        146.244931530862        25.3471322294752     
   32.3500000000000        147.483428246280        24.0451870935148     
   32.4000000000000        146.392963439454        25.2415856560307     
   32.4500000000000        148.046210029151        23.6312093698523     
   32.5000000000000        149.479765743864        22.2238870148314     
   32.5500000000000        149.549964317896        21.9482776044310     
   32.6000000000000        146.222336391528        25.4123945441387     
   32.6500000000000        150.078890898509        21.7356268016748     
   32.7000000000000        148.526710356443        23.1938213551278     
   32.7500000000000        147.066521431614        24.8460194646915     
   32.8000000000000        147.959589660605        23.8661892498570     
   32.8500000000000        148.098864327491        23.5244099182753     
   32.9000000000000        146.773967826789        24.8981945087374     
   32.9500000000000        147.792520245812        23.7744341187090     
   33.0000000000000        147.739146776057        24.0147279382354     
   33.0500000000000        148.347217255388        23.5294016030277     
   33.1000000000000        146.347597243099        25.0496453672551     
   33.1500000000000        148.452335883466        23.0417340148154     
   33.2000000000000        148.589590777840        23.0726287230815     
   33.2500000000000        147.759858678550        23.5351334982986     
   33.3000000000000        147.692296282250        23.8845810809314     
   33.3500000000000        148.570039880247        23.0162042805983     
   33.4000000000000        147.047753685100        24.6644185278140     
   33.4500000000000        147.369610071101        24.2942383622942     
   33.5000000000000        148.254364551854        23.4203474448186     
   33.5500000000000        147.802948996983        23.8742634405519     
   33.6000000000000        149.865327902049        21.7134887311082     
   33.6500000000000        148.480599914896        23.3121055119355     
   33.7000000000000        147.124893673964        24.6306976540211     
   33.7500000000000        147.214415599498        24.5380228572632     
   33.8000000000000        148.327654790904        23.2328091266496     
   33.8500000000000        145.770862074407        25.9632917592998     
   33.9000000000000        147.085153707411        24.7607258006394     
   33.9500000000000        147.138958217164        24.4424115793855     
   34.0000000000000        146.648753062761        25.0607845733852     
   34.0500000000000        145.619408004111        26.1000813909133     
   34.1000000000000        145.967035963986        25.7707356997972     
   34.1500000000000        147.980184043535        23.8227909508619     
   34.2000000000000        148.192468452774        23.7883818320167     
   34.2500000000000        147.013293886423        24.8175698069123     
   34.3000000000000        147.864784888785        23.7832438540844     
   34.3500000000000        147.458798268695        24.1250273403988     
   34.4000000000000        145.805444752117        25.9797713045882     
   34.4500000000000        149.134730185775        22.4806289494722     
   34.5000000000000        146.967761541417        24.7921226873605     
   34.5500000000000        149.206185746207        22.3988215469867     
   34.6000000000000        147.802580971931        23.9291185221991     
   34.6500000000000        146.337977426717        25.3741035165080     
   34.7000000000000        148.098432945765        23.5953136308620     
   34.7500000000000        148.394893441998        23.1669157242011     
   34.8000000000000        148.216046338098        23.5572482315750     
   34.8500000000000        148.987289485628        22.7890055470491     
   34.9000000000000        147.327053657365        24.2692789678169     
   34.9500000000000        147.194981498359        24.5701513330787     
   35.0000000000000        147.630459717294        23.8026782123455     
   35.0500000000000        146.324780527551        25.1004604379474     
   35.1000000000000        147.055124322979        24.6974991566529     
   35.1500000000000        148.553848671953        23.1067603661371     
   35.2000000000000        148.247899208768        23.1458940065724     
   35.2500000000000        147.430162766934        24.2737483377112     
   35.3000000000000        147.794298986052        23.9490094968484     
   35.3500000000000        148.729879461041        22.9798364249481     
   35.4000000000000        146.143693050648        25.6071337895553     
   35.4500000000000        147.554757360223        24.0859384921437     
   35.5000000000000        146.083025784240        25.6512169277044     
   35.5500000000000        147.548706278119        24.1035484564103     
   35.6000000000000        148.655554184468        23.0323905608233     
   35.6500000000000        148.317867164687        23.2408318777347     
   35.7000000000000        147.589850316596        24.0081710969293     
   35.7500000000000        147.875214503170        23.8070250546648     
   35.8000000000000        147.160584887716        24.5390135664555     
   35.8500000000000        147.746451923258        23.9203722685548     
   35.9000000000000        148.117092754927        23.4270648132614     
   35.9500000000000        146.334571457914        25.2096265878166     
   36.0000000000000        146.647442034983        24.8416466394824     
   36.0500000000000        148.684738429017        22.9864410679484     
   36.1000000000000        148.967257513229        22.6552984272665     
   36.1500000000000        148.809567170186        22.6869974327694     
   36.2000000000000        147.547040419570        24.2935282866685     
   36.2500000000000        149.481151333723        22.2768684059345     
   36.3000000000000        148.720248094186        22.8884045840105     
   36.3500000000000        146.530817771230        25.3090184124622     
   36.4000000000000        147.970245687321        23.4846093309763     
   36.4500000000000        146.230713977705        25.4403479674048     
   36.5000000000000        148.234816917707        23.3814953013153     
   36.5500000000000        145.301316520430        26.3875832569245     
   36.6000000000000        148.775159541763        22.8616197038872     
   36.6500000000000        145.980373797516        25.8492001734085     
   36.7000000000000        146.588888052744        25.2044170486883     
   36.7500000000000        148.542666199439        22.9352374689676     
   36.8000000000000        148.531082919731        23.1324470953219     
   36.8500000000000        148.135981501898        23.4257537796510     
   36.9000000000000        147.881349339458        23.8731724519622     
   36.9500000000000        149.606115347505        21.9684711591359     
   37.0000000000000        146.675400907739        25.2380755617369     
   37.0500000000000        147.901661915937        23.7606135847109     
   37.1000000000000        147.336050862063        24.3741412599260     
   37.1500000000000        149.196837201038        22.5534103950163     
   37.2000000000000        147.754296294706        23.8435675036679     
   37.2500000000000        145.876205902466        26.1119716522860     
   37.3000000000000        147.570716733047        23.9730720479137     
   37.3500000000000        147.063344402322        24.6376982686093     
   37.4000000000000        148.216760781545        23.3880479482629     
   37.4500000000000        147.121974425803        24.7656137929554     
   37.5000000000000        148.775328345068        22.7565442459096     
   37.5500000000000        151.119083102853        20.6589234265818     
   37.6000000000000        148.499201527191        23.1375134414159     
   37.6500000000000        148.717485707243        23.0714657693634     
   37.7000000000000        147.116527459458        24.5745770813155     
   37.7500000000000        148.042880238255        23.7131931452050     
   37.8000000000000        148.232588026976        23.5673571727662     
   37.8500000000000        147.230932372130        24.6006539167893     
   37.9000000000000        150.516631516144        21.1656257001249     
   37.9500000000000        147.105161840194        24.4881804971758     
   38.0000000000000        147.178626983985        24.2889787063882     
   38.0500000000000        147.281716593084        24.4266514380841     
   38.1000000000000        148.291635351812        23.3367109136028     
   38.1500000000000        148.975200144788        22.4574554391173     
   38.2000000000000        147.458293238149        24.1642590773243     
   38.2500000000000        147.553597845799        23.9511967473697     
   38.3000000000000        146.443695233462        25.3185981780623     
   38.3500000000000        149.686876129910        21.9440576562000     
   38.4000000000000        149.471646463052        22.1810003405994     
   38.4500000000000        147.627639862856        23.9175218185299     
   38.5000000000000        148.046623964919        23.5654778833548     
   38.5500000000000        146.960813151450        24.8287817260196     
   38.6000000000000        147.294329400130        24.4272964519458     
   38.6500000000000        147.129360367756        24.8128841150740     
   38.7000000000000        148.353819379619        23.3407464758107     
   38.7500000000000        146.651987553379        25.0330986056257     
   38.8000000000000        147.077228598360        24.6203560863419     
   38.8500000000000        151.173171800770        20.5670215965101     
   38.9000000000000        146.665997776243        24.9273972137975     
   38.9500000000000        149.245619758111        22.6919856663413     
   39.0000000000000        146.464555731386        25.1988203521994     
   39.0500000000000        148.819847419118        22.7902414146534     
   39.1000000000000        147.182209554266        24.5249971009930     
   39.1500000000000        146.303599205567        25.2279738526221     
   39.2000000000000        147.761735978144        23.6594478624085     
   39.2500000000000        147.078273355919        24.4512515155269     
   39.3000000000000        147.670671457723        23.9405081012323     
   39.3500000000000        148.164861491256        23.6639660325566     
   39.4000000000000        147.885895233222        23.7177612529958     
   39.4500000000000        149.605170702401        22.0148141496679     
   39.5000000000000        149.877888872180        21.7378285817720     
   39.5500000000000        147.430242556772        24.2228252154523     
   39.6000000000000        148.609441510819        23.0438283950162     
   39.6500000000000        147.658913840762        23.7587057634461     
   39.7000000000000        147.938967683105        23.8266627171084     
   39.7500000000000        146.190813122003        25.4622020147298     
   39.8000000000000        148.032896009250        23.7656372760888     
   39.8500000000000        148.492583819201        23.2783856541390     
   39.9000000000000        145.143566288019        26.4910283986527     
   39.9500000000000        146.287779181467        25.2329791703695     
   40.0000000000000        147.137227497780        24.3799317083735     
   40.0500000000000        148.010545361771        23.7075020034049     
   40.1000000000000        148.740477937060        22.8229697003692     
   40.1500000000000        147.694831373219        23.8608883654838     
   40.2000000000000        146.537428816306        25.0980165852377     
   40.2500000000000        147.380702763315        24.2550335481200     
   40.3000000000000        147.407817969096        24.4941570594813     
   40.3500000000000        147.241395336965        24.2409949165605     
   40.4000000000000        148.140279200167        23.8254845510170     
   40.4500000000000        147.272478030848        24.4324154136445     
   40.5000000000000        147.457711523514        24.1665097155836     
   40.5500000000000        146.856209728246        24.7290888567058     
   40.6000000000000        148.586064376301        23.1751201957904     
   40.6500000000000        149.463536609903        22.2296158500442     
   40.7000000000000        148.177303470536        23.5160774821717     
   40.7500000000000        146.477348962894        25.2521889535954     
   40.8000000000000        148.689939601326        23.0008054170150     
   40.8500000000000        146.633322598090        24.8937205270547     
   40.9000000000000        146.397077630319        25.2170496880770     
   40.9500000000000        148.167378011602        23.5909463330401     
   41.0000000000000        146.219362304411        25.2035783359931     
   41.0500000000000        147.887698457526        23.7849130291909     
   41.1000000000000        146.829412768372        24.6816714418858     
   41.1500000000000        149.640494502187        22.1442387737321     
   41.2000000000000        145.475648324902        26.2355628098573     
   41.2500000000000        146.838899827055        25.0679001642851     
   41.3000000000000        148.859470196877        22.9740004353045     
   41.3500000000000        145.359312614998        26.3705622329158     
   41.4000000000000        148.171587007157        23.5773848678754     
   41.4500000000000        146.840053733063        24.7839490531822     
   41.5000000000000        148.533456014575        23.1434503808148     
   41.5500000000000        148.012613416292        23.5594471362005     
   41.6000000000000        149.849124207321        21.9174282545502     
   41.6500000000000        146.147449215878        25.6344390206456     
   41.7000000000000        146.439152050444        25.1166725585732     
   41.7500000000000        147.358419812282        24.1755812751522     
   41.8000000000000        148.982486972268        22.5638702085495     
   41.8500000000000        146.628296939366        24.8577642177599     
   41.9000000000000        147.396893259706        24.0963969251446     
   41.9500000000000        148.566015811239        23.1916798822760     
   42.0000000000000        148.315654729826        23.3131496313513     
   42.0500000000000        147.050289494313        24.7832813737931     
   42.1000000000000        146.831987782417        24.6498102838588     
   42.1500000000000        149.433403659666        22.2620550502878     
   42.2000000000000        148.756030818426        22.8466727617375     
   42.2500000000000        147.833407377797        23.6199159992695     
   42.3000000000000        147.021688687953        24.4926334309561     
   42.3500000000000        147.599773349323        24.0715300615431     
   42.4000000000000        147.708429964382        23.7608979163498     
   42.4500000000000        148.621730420765        23.1077758928254     
   42.5000000000000        148.554655010070        23.1960927371994     
   42.5500000000000        148.303528984091        23.4137023606602     
   42.6000000000000        147.232851928403        24.4009194133826     
   42.6500000000000        146.445304661520        25.1468031589867     
   42.7000000000000        146.189319323730        25.4516068492538     
   42.7500000000000        146.722083395920        25.0719253955482     
   42.8000000000000        146.836226885690        24.8593986465890     
   42.8500000000000        149.670195541571        22.1623772762054     
   42.9000000000000        146.965043881215        24.6961659631323     
   42.9500000000000        147.066526280899        24.7433432901634     
   43.0000000000000        146.900108936799        24.5377155819244     
   43.0500000000000        147.329906638182        24.4708194174554     
   43.1000000000000        149.061505042129        22.5959940055962     
   43.1500000000000        147.280314930697        24.2707668181235     
   43.2000000000000        147.556100513244        24.2329173381979     
   43.2500000000000        148.037692990668        23.6637870540853     
   43.3000000000000        149.058147545028        22.7243665208438     
   43.3500000000000        146.386422573890        25.1650001258630     
   43.4000000000000        146.749704825406        24.9587076451580     
   43.4500000000000        147.396045745550        24.2885904062391     
   43.5000000000000        146.318349013410        25.5096714485931     
   43.5500000000000        148.899362014336        22.8969358818051     
   43.6000000000000        147.537485994538        24.2025085751878     
   43.6500000000000        149.478243552003        22.4009347196263     
   43.7000000000000        148.695616800795        23.0778287680537     
   43.7500000000000        147.802044005788        23.9335854244429     
   43.8000000000000        146.834060275095        24.9440374493097     
   43.8500000000000        146.966132142488        24.5678188484972     
   43.9000000000000        147.083762456106        24.5053540565290     
   43.9500000000000        146.769897049752        24.9229179893285     
   44.0000000000000        147.105241364824        24.3971778934751     
   44.0500000000000        147.281077611392        24.5367052037146     
   44.1000000000000        147.751241048692        23.8027027701690     
   44.1500000000000        145.880412215462        25.6576841759569     
   44.2000000000000        147.567809111511        24.0627390413314     
   44.2500000000000        147.591659578878        24.0716712515143     
   44.3000000000000        149.193400685022        22.3609897986446     
   44.3500000000000        146.545691699584        25.1356942226145     
   44.4000000000000        148.026264718191        23.5809483782079     
   44.4500000000000        147.153274205872        24.6156313796279     
   44.5000000000000        147.416119650485        24.1954202273813     
   44.5500000000000        147.868902295499        23.9970788565906     
   44.6000000000000        149.776009610723        21.8789126921778     
   44.6500000000000        147.487541741870        24.1386672285657     
   44.7000000000000        147.557741468423        24.0885438176122     
   44.7500000000000        149.109678939682        22.3651831357432     
   44.8000000000000        148.139718730054        23.5229190463047     
   44.8500000000000        146.862934535070        24.8824414465294     
   44.9000000000000        150.594311092248        21.0364302823810     
   44.9500000000000        146.426016298422        25.1985908850700     
   45.0000000000000        147.393592227161        24.4446684995949     
   45.0500000000000        147.915287101808        23.7617925666222     
   45.1000000000000        148.703497585599        22.6897286854168     
   45.1500000000000        147.267703086967        24.2158705744523     
   45.2000000000000        148.545643737022        23.0413867044706     
   45.2500000000000        149.668346992970        22.0592239660067     
   45.3000000000000        146.195517596438        25.4296944034579     
   45.3500000000000        149.141743628051        22.2901670426632     
   45.4000000000000        147.647313659335        24.1131284207239     
   45.4500000000000        145.506033123689        26.1753062579086     
   45.5000000000000        149.323140336751        22.3393801933878     
   45.5500000000000        147.480510763246        24.1856949423618     
   45.6000000000000        149.199087569965        22.3995958033485     
   45.6500000000000        147.672774676169        24.0720302516419     
   45.7000000000000        146.684516383794        24.7587830478991     
   45.7500000000000        147.947940715346        23.8046690934061     
   45.8000000000000        148.043424054568        23.4927100847126     
   45.8500000000000        147.890636614956        23.6297607622662     
   45.9000000000000        147.044936526043        24.7213867655140     
   45.9500000000000        149.535646306560        21.9481933964292     
   46.0000000000000        149.115727621493        22.5173055052130     
   46.0500000000000        148.518131926322        22.8943217819484     
   46.1000000000000        148.080768100143        23.5090407331869     
   46.1500000000000        146.002627771164        25.7173864032893     
   46.2000000000000        148.870306693085        22.8401356589864     
   46.2500000000000        147.470389972500        24.1294852368595     
   46.3000000000000        146.011394598948        25.6821558900570     
   46.3500000000000        147.017230283044        24.9462139921611     
   46.4000000000000        146.811452812661        24.9263357614443     
   46.4500000000000        148.267103390361        23.3950757431735     
   46.5000000000000        146.614358366091        25.1175101395212     
   46.5500000000000        147.506103992689        24.0997799746132     
   46.6000000000000        147.335955441824        24.1074041235728     
   46.6500000000000        146.395207387909        25.2165637381693     
   46.7000000000000        150.194177010379        21.4513196023053     
   46.7500000000000        147.922668183863        23.4689984400384     
   46.8000000000000        148.033321280556        23.6893138065679     
   46.8500000000000        147.473486035352        24.0970041314340     
   46.9000000000000        145.857630432349        25.5279876016576     
   46.9500000000000        146.695629624342        25.0508930255901     
   47.0000000000000        148.844903633692        22.8400427937947     
   47.0500000000000        147.217793979778        24.2448722173608     
   47.1000000000000        147.637875928249        23.8810696330541     
   47.1500000000000        145.412193581768        26.1478078658034     
   47.2000000000000        149.490371243340        22.0621975397706     
   47.2500000000000        146.353194009317        25.5489705780986     
   47.3000000000000        148.019685920099        23.5842145626783     
   47.3500000000000        147.738278188184        23.8986172721709     
   47.4000000000000        148.619604474365        23.1170939068607     
   47.4500000000000        148.439338675448        23.5213059996432     
   47.5000000000000        147.437201738162        23.9647533579859     
   47.5500000000000        148.967480797565        22.7093074523908     
   47.6000000000000        147.573544519712        24.1909061384300     
   47.6500000000000        147.309111947099        24.4691464071850     
   47.7000000000000        150.122361300581        21.5528919535730     
   47.7500000000000        145.645356312777        26.0801554064000     
   47.8000000000000        150.119313781500        21.5055327077194     
   47.8500000000000        148.186019116475        23.7276369527108     
   47.9000000000000        149.245770282924        22.5226489683422     
   47.9500000000000        148.938715886773        22.6595648617631     
   48.0000000000000        149.047155158395        22.6917639502252     
   48.0500000000000        148.888383410460        22.8355199528950     
   48.1000000000000        149.244409452992        22.4068046552122     
   48.1500000000000        146.442254714762        25.0047338884843     
   48.2000000000000        148.423928429025        23.2647389345132     
   48.2500000000000        146.601563641700        24.9855130038671     
   48.3000000000000        146.407129799650        25.2637379210156     
   48.3500000000000        149.372763226319        22.1947503795175     
   48.4000000000000        146.390323394383        25.4657183131042     
   48.4500000000000        148.466173379278        23.2575419040713     
   48.5000000000000        147.370089117362        24.2220210676807     
   48.5500000000000        148.241629428627        23.4162097944093     
   48.6000000000000        146.824552000227        25.0651604665435     
   48.6500000000000        148.091219893668        23.5432489874481     
   48.7000000000000        147.591750277730        23.9678168450018     
   48.7500000000000        147.744119976604        24.0793909601250     
   48.8000000000000        146.884833554675        24.6760905842597     
   48.8500000000000        146.615800027647        24.9807839904326     
   48.9000000000000        147.502973425292        24.0959076706341     
   48.9500000000000        146.120857552144        25.5780537118271     
   49.0000000000000        147.123264616378        24.5000595217180     
   49.0500000000000        148.256155696151        23.2398139965737     
   49.1000000000000        148.956207920695        22.4992766061568     
   49.1500000000000        148.566170247655        23.1956706592141     
   49.2000000000000        147.177415554677        24.3309466428228     
   49.2500000000000        147.578602208540        24.1900065203479     
   49.3000000000000        143.879620576582        27.8528887855740     
   49.3500000000000        148.445691014994        23.3017389240399     
   49.4000000000000        147.317705682554        24.2606571267634     
   49.4500000000000        147.954978203504        24.1194723601498     
   49.5000000000000        148.817126138874        22.8890567151915     
   49.5500000000000        149.880278548531        21.7630921567333     
   49.6000000000000        144.945404594111        26.9216181434859     
   49.6500000000000        147.259039109750        24.6110590581114     
   49.7000000000000        147.969205545459        23.7880610825702     
   49.7500000000000        147.042926705265        24.6050693209650     
   49.8000000000000        149.029837878873        22.6633774875389     
   49.8500000000000        147.001869221882        24.6103267829166     
   49.9000000000000        149.794277735913        21.9857928613479     
   49.9500000000000        148.121408825867        23.5378652888021     
   50.0000000000000        147.492094646369        24.1116425445736     
