  5.000000000000000E-002   97.7910539520249        188.572667528651     
  0.100000000000000        97.8607923085840        188.817152388980     
  0.150000000000000        98.0166638104075        187.623594651980     
  0.200000000000000        98.1936134976983        187.237827615554     
  0.250000000000000        99.0022636215793        183.448661910443     
  0.300000000000000        98.3181555795538        186.504767558388     
  0.350000000000000        98.5457378534077        185.352845888129     
  0.400000000000000        98.2791756573636        186.431514495807     
  0.450000000000000        97.7033990731413        189.102884478285     
  0.500000000000000        97.8935500815967        188.256562324849     
  0.550000000000000        98.6819770218712        185.767773831227     
  0.600000000000000        98.5262185931283        186.358806122419     
  0.650000000000000        97.6978731591234        188.938336310602     
  0.700000000000000        98.5834080902221        184.805671330330     
  0.750000000000000        98.2595637909439        186.556346690196     
  0.800000000000000        98.4866616162548        185.910717416253     
  0.850000000000000        98.8878879339708        184.613801736106     
  0.900000000000000        97.8688865646350        188.550342398811     
  0.950000000000000        98.5160861675755        186.304375260131     
   1.00000000000000        98.0996256492206        188.160324200534     
   1.05000000000000        99.1433363507576        183.663725748100     
   1.10000000000000        97.4640009940448        191.078903214593     
   1.15000000000000        98.8104725555970        184.491414332186     
   1.20000000000000        99.1972045806556        182.962178104216     
   1.25000000000000        98.4601834604485        186.643836801080     
   1.30000000000000        97.1679277605647        191.965605686304     
   1.35000000000000        98.3917046508963        186.866354634419     
   1.40000000000000        98.0526754332035        187.071791506726     
   1.45000000000000        97.6932975667160        188.459565397750     
   1.50000000000000        99.7422074789923        180.782226802503     
   1.55000000000000        98.6403082891601        184.551860535933     
   1.60000000000000        97.3198367270263        190.641820941760     
   1.65000000000000        98.1460703218716        186.749416228195     
   1.70000000000000        99.0157095785248        183.751511939380     
   1.75000000000000        98.8564771650933        183.251681410101     
   1.80000000000000        98.3516726140879        186.616908522390     
   1.85000000000000        99.2437277161648        183.104202191379     
   1.90000000000000        98.1517662852956        186.843156185175     
   1.95000000000000        96.1101892995068        196.393392661072     
   2.00000000000000        99.0174668485144        184.015676450641     
   2.05000000000000        99.4178566941882        181.447207335300     
   2.10000000000000        98.4832246826818        185.541787346916     
   2.15000000000000        99.1437005101740        182.587248604262     
   2.20000000000000        98.7058585042475        186.373178596173     
   2.25000000000000        98.0124454905938        187.838966375466     
   2.30000000000000        98.3817587014237        187.131543268647     
   2.35000000000000        98.8030216544286        184.018377647171     
   2.40000000000000        99.6027728550976        181.613911430162     
   2.45000000000000        99.1004975880087        183.929307850200     
   2.50000000000000        98.1618817294423        187.235304379554     
   2.55000000000000        98.1290304940860        187.212433398053     
   2.60000000000000        98.4801470451424        186.214553608213     
   2.65000000000000        97.7039859289235        188.973244716533     
   2.70000000000000        98.1155143564426        186.993074568830     
   2.75000000000000        97.4194449619089        190.287280836275     
   2.80000000000000        97.8287785834430        189.330962579439     
   2.85000000000000        98.6600627212631        184.663402308461     
   2.90000000000000        98.7481588870908        185.412041850276     
   2.95000000000000        98.8210724719003        184.267764701505     
   3.00000000000000        98.1893835761122        187.133760978122     
   3.05000000000000        98.3073971355419        186.729626851121     
   3.10000000000000        98.9461762728582        183.792415265860     
   3.15000000000000        97.9661646094041        187.778056193665     
   3.20000000000000        98.4830004144853        186.012132805777     
   3.25000000000000        97.6457342773271        189.092122429410     
   3.30000000000000        99.1784532368424        182.987610171253     
   3.35000000000000        98.7606645649033        185.035617986944     
   3.40000000000000        98.8757198666729        184.196638752321     
   3.45000000000000        98.3591253347097        185.504194601663     
   3.50000000000000        98.1154656041325        187.926432827162     
   3.55000000000000        96.7126955330377        193.997240376499     
   3.60000000000000        98.5454056677275        186.409101885688     
   3.65000000000000        97.3256530256285        191.040620398335     
   3.70000000000000        98.8352559482679        184.437639950724     
   3.75000000000000        98.5850452699787        185.287840770692     
   3.80000000000000        98.5718025868231        185.614696867196     
   3.85000000000000        97.9345814077298        188.521040310556     
   3.90000000000000        97.9301460743552        188.351597203343     
   3.95000000000000        98.8823469946642        184.828136521379     
   4.00000000000000        99.0842676341134        183.769764194108     
   4.05000000000000        98.9885051370083        183.063280167753     
   4.10000000000000        97.0210441540584        192.657214622007     
   4.15000000000000        98.5891875844810        185.174552446992     
   4.20000000000000        98.7703630973810        184.386957242166     
   4.25000000000000        99.0365345837606        183.712405757248     
   4.30000000000000        97.4120686597851        190.862991432312     
   4.35000000000000        97.8720337396819        188.028650532793     
   4.40000000000000        98.7509272831631        185.156512014919     
   4.45000000000000        99.5038038375417        181.698367937905     
   4.50000000000000        99.3185529859994        182.527420720455     
   4.55000000000000        98.6805989082215        185.810418844060     
   4.60000000000000        99.0508150953208        183.750952185207     
   4.65000000000000        98.0836003200471        187.966904921601     
   4.70000000000000        98.2083433099316        188.156712590567     
   4.75000000000000        96.8797301576918        192.932641183569     
   4.80000000000000        99.1737882173068        182.541761213031     
   4.85000000000000        96.4361466994341        195.544162501169     
   4.90000000000000        98.0646980041690        188.567513038424     
   4.95000000000000        97.8662669408107        188.313399600956     
   5.00000000000000        98.3774612299611        185.615187764541     
   5.05000000000000        97.8686390839364        188.660782161992     
   5.10000000000000        98.0522687827005        186.983241075370     
   5.15000000000000        98.3324817844462        187.135835198258     
   5.20000000000000        100.134323472570        179.197410787091     
   5.25000000000000        98.1606179384232        187.526980322476     
   5.30000000000000        98.1542756207655        187.545185634107     
   5.35000000000000        97.5464862931412        190.313357888675     
   5.40000000000000        98.8969374514343        184.422976953190     
   5.45000000000000        99.1798545504609        182.501054139997     
   5.50000000000000        98.8970829651753        184.016708558332     
   5.55000000000000        98.2054341948608        186.586243198224     
   5.60000000000000        99.0560065938162        183.223272869095     
   5.65000000000000        97.7959845829556        189.890226473752     
   5.70000000000000        97.0624287206197        192.655601873068     
   5.75000000000000        98.3463423974397        187.126312191645     
   5.80000000000000        98.8298920285645        184.762394182314     
   5.85000000000000        97.1682466802957        191.973319715219     
   5.90000000000000        98.2416033409130        186.875142560365     
   5.95000000000000        98.9445698568011        184.107283885964     
   6.00000000000000        98.2213605168405        187.307127089861     
   6.05000000000000        98.3202358702210        186.682332312516     
   6.10000000000000        97.8621222595110        189.205963416322     
   6.15000000000000        97.8451056706756        188.315081808972     
   6.20000000000000        97.8008942757669        189.443535211482     
   6.25000000000000        99.7194316643075        181.264880939916     
   6.30000000000000        98.9041874288714        184.846461310170     
   6.35000000000000        97.3804295671802        191.413055302332     
   6.40000000000000        99.0917676445694        183.991655198616     
   6.45000000000000        98.0236079495977        187.481395245435     
   6.50000000000000        99.1585474017052        182.468513019763     
   6.55000000000000        98.9048279381082        183.124855066091     
   6.60000000000000        97.2499433809447        191.190765293505     
   6.65000000000000        98.9079696552258        184.224234210704     
   6.70000000000000        98.7672182357852        185.290494561028     
   6.75000000000000        98.4343533822429        186.321059610680     
   6.80000000000000        99.4481659721696        181.962716609180     
   6.85000000000000        98.3667546544966        186.138934926998     
   6.90000000000000        99.5215090993672        181.912339052810     
   6.95000000000000        98.2959008127798        185.843421490527     
   7.00000000000000        99.3819400657915        181.933187135526     
   7.05000000000000        99.3652190878279        182.128092012416     
   7.10000000000000        99.5046987807865        181.331397799063     
   7.15000000000000        98.6151699955965        185.969081504396     
   7.20000000000000        99.2515336988766        182.838654872066     
   7.25000000000000        97.4971739044983        190.436322416610     
   7.30000000000000        99.9081880038943        179.885961169344     
   7.35000000000000        98.0331060677666        187.029126900139     
   7.40000000000000        98.5323777405381        186.271072063662     
   7.45000000000000        98.9770103328734        183.722373373683     
   7.50000000000000        98.5248938121496        185.386572355145     
   7.55000000000000        98.9901142681352        184.325975498078     
   7.60000000000000        98.2092621578301        188.439049049750     
   7.65000000000000        98.3088227807837        186.098731641529     
   7.70000000000000        97.2239943497860        191.676101210000     
   7.75000000000000        100.253423508626        178.645708309828     
   7.80000000000000        96.7338117355614        192.951799367877     
   7.85000000000000        99.4557147570913        182.119047767560     
   7.90000000000000        97.7745282039555        188.943650931646     
   7.95000000000000        98.7536091991692        184.706379252510     
   8.00000000000000        97.8364107888841        189.175504801712     
   8.05000000000000        98.9399196315760        183.800566657864     
   8.10000000000000        99.0278972760571        184.231464388567     
   8.15000000000000        97.5027965057302        189.929923371133     
   8.20000000000000        100.128593641226        179.359274535195     
   8.25000000000000        96.9641879108905        192.251550590409     
   8.30000000000000        98.6923391665710        185.378300621247     
   8.35000000000000        98.3085743139574        186.421123383056     
   8.40000000000000        98.7678628868982        184.200328890551     
   8.45000000000000        97.7533450244147        190.003556323988     
   8.50000000000000        99.0939264213558        182.876371099293     
   8.55000000000000        97.9565824703624        188.420762761060     
   8.60000000000000        99.1832504989264        182.993519743679     
   8.65000000000000        98.7406276647772        184.644586776494     
   8.70000000000000        97.5826293936022        190.109583115359     
   8.75000000000000        98.7469121439052        183.588237464871     
   8.80000000000000        96.8849688449572        193.113369311306     
   8.85000000000000        98.7265758722403        185.188564102678     
   8.90000000000000        98.7972672419283        184.366798901052     
   8.95000000000000        97.3282409276467        191.224330763552     
   9.00000000000000        97.3067181467098        191.410037311181     
   9.05000000000000        98.9348079341693        183.862634631000     
   9.10000000000000        98.5289612040247        186.276066730510     
   9.15000000000000        97.9960825358332        188.888120545654     
   9.20000000000000        98.1555849454040        187.774713307079     
   9.25000000000000        98.8771678056983        184.105746585021     
   9.30000000000000        98.6172020785563        185.802180901747     
   9.35000000000000        98.7657059910857        184.408893947153     
   9.40000000000000        97.8293315649013        188.114761346946     
   9.45000000000000        98.6010304189039        185.491907126230     
   9.50000000000000        96.8299901977716        193.520289871765     
   9.55000000000000        98.3331505952556        186.469119812429     
   9.60000000000000        99.2836829478554        181.726854361833     
   9.65000000000000        99.1911597392673        182.262856286169     
   9.70000000000000        97.9964446928341        187.835357400692     
   9.75000000000000        98.4187754267763        187.098396413103     
   9.80000000000000        97.8607087862882        189.146992550355     
   9.85000000000000        97.1383412659541        191.562122425967     
   9.90000000000000        97.9129455282693        188.115310394627     
   9.95000000000000        97.0101297471919        191.663109326862     
   10.0000000000000        97.7375706765987        189.191634204467     
   10.0500000000000        98.5013340970567        184.953850168654     
   10.1000000000000        98.7868707528636        184.967194705452     
   10.1500000000000        98.2947121975102        186.357891068292     
   10.2000000000000        98.1914916814553        187.344187623902     
   10.2500000000000        97.5201800585494        190.334260756673     
   10.3000000000000        98.2031744455512        187.068147626826     
   10.3500000000000        99.0077473987863        183.842802325236     
   10.4000000000000        98.1802802778869        187.712984644538     
   10.4500000000000        99.3909729169763        182.445512748171     
   10.5000000000000        97.9393306954393        187.906906054173     
   10.5500000000000        97.8380450842109        188.151658164479     
   10.6000000000000        99.8892922556250        180.276284989914     
   10.6500000000000        98.7507585295436        185.611904556700     
   10.7000000000000        97.2224816284363        190.684080318168     
   10.7500000000000        100.002557612067        179.252681686894     
   10.8000000000000        98.7182781287006        184.902782345123     
   10.8500000000000        98.8044831386661        183.886487738751     
   10.9000000000000        96.9571349529391        192.788618873469     
   10.9500000000000        99.0852429189501        183.923041498647     
   11.0000000000000        97.4164834304697        191.010941076261     
   11.0500000000000        97.4199760997001        190.600998343268     
   11.1000000000000        98.9077331543092        184.036303778371     
   11.1500000000000        99.9772856312733        180.562226700311     
   11.2000000000000        99.4214704552439        181.943334897286     
   11.2500000000000        99.3062872688125        182.235320847572     
   11.3000000000000        98.0523757859372        188.056746964243     
   11.3500000000000        98.6492902203776        185.514525096878     
   11.4000000000000        99.8544139291296        179.106888987682     
   11.4500000000000        99.2341429152117        182.409917328088     
   11.5000000000000        97.6933266861231        190.307338299775     
   11.5500000000000        98.0594624856291        188.099723805160     
   11.6000000000000        96.9561899756045        192.718399983158     
   11.6500000000000        98.5942843600214        184.918870192137     
   11.7000000000000        98.1715065336922        186.595258383737     
   11.7500000000000        98.2128748835024        187.083720628613     
   11.8000000000000        98.2355551348558        187.706892647442     
   11.8500000000000        98.7150091386137        185.750761417355     
   11.9000000000000        98.9623942869356        184.400249912537     
   11.9500000000000        98.3284903003657        186.819099107624     
   12.0000000000000        98.7500885190339        185.138219645176     
   12.0500000000000        99.0081725581212        183.756085617467     
   12.1000000000000        99.0690751054359        182.651419004485     
   12.1500000000000        98.6207779012313        186.008998645124     
   12.2000000000000        98.3448936422982        185.956327834637     
   12.2500000000000        99.1611284901327        182.558566871393     
   12.3000000000000        97.2383288180014        191.273817085734     
   12.3500000000000        99.0364844530303        184.748844763527     
   12.4000000000000        99.6896325143577        181.249493511317     
   12.4500000000000        98.2214284904055        186.796908735802     
   12.5000000000000        99.7402134770416        180.018944504496     
   12.5500000000000        98.1379305195803        187.915354383037     
   12.6000000000000        98.8088517879227        184.776197919512     
   12.6500000000000        97.8853780580834        188.008312766825     
   12.7000000000000        97.8815528117613        189.085521462116     
   12.7500000000000        98.6223121108528        185.496664107736     
   12.8000000000000        98.7790975353350        184.291825801581     
   12.8500000000000        99.2331351019873        182.893347476276     
   12.9000000000000        99.6507867581666        180.560503686567     
   12.9500000000000        98.5256901853706        185.921169114385     
   13.0000000000000        100.331213980331        177.969224080436     
   13.0500000000000        98.6229868924706        184.440255395399     
   13.1000000000000        98.1984353553085        187.054697530343     
   13.1500000000000        98.0037493125179        188.358188491638     
   13.2000000000000        99.2889271207075        182.369041964281     
   13.2500000000000        97.1018712428635        192.323933574177     
   13.3000000000000        98.1333208721047        186.683967750887     
   13.3500000000000        98.2957047468296        186.320212465460     
   13.4000000000000        98.3368794987077        186.742294443133     
   13.4500000000000        98.9425131733196        183.898975991992     
   13.5000000000000        98.3207588606775        186.240639377431     
   13.5500000000000        96.6203914250417        194.704228957134     
   13.6000000000000        99.8024843614330        180.160194154060     
   13.6500000000000        98.1408804261117        187.457552413442     
   13.7000000000000        98.9504844080320        184.785713539343     
   13.7500000000000        99.0860758486606        183.530258881149     
   13.8000000000000        98.2755541025067        186.836938330102     
   13.8500000000000        99.5059196176883        181.695691097790     
   13.9000000000000        98.0496112724808        188.300570440834     
   13.9500000000000        97.0925526122602        192.674517629043     
   14.0000000000000        98.2264838735534        186.918034695533     
   14.0500000000000        98.6079122091986        185.219891922396     
   14.1000000000000        98.7884100695886        185.006734699794     
   14.1500000000000        97.1885636123475        192.194971487725     
   14.2000000000000        97.8598375468366        189.276881061864     
   14.2500000000000        97.9627629360224        188.038862009305     
   14.3000000000000        96.9249959073987        191.993092100743     
   14.3500000000000        97.9573135349417        187.755062655750     
   14.4000000000000        98.3716790073693        186.936796536497     
   14.4500000000000        98.0441065028932        188.772368562637     
   14.5000000000000        100.147339314591        178.873739424939     
   14.5500000000000        98.8690866891023        183.858380627586     
   14.6000000000000        97.9107629536540        189.420402289318     
   14.6500000000000        98.1885406362726        187.234197127313     
   14.7000000000000        98.9771145824726        183.239280123208     
   14.7500000000000        98.4111589910743        186.549465514140     
   14.8000000000000        99.4878450165247        181.816166642448     
   14.8500000000000        99.2020734033624        182.677651304810     
   14.9000000000000        98.8744939295618        184.153526148520     
   14.9500000000000        98.3347284803350        186.348551737782     
   15.0000000000000        99.8047379027871        180.312429330348     
   15.0500000000000        97.1726695306547        191.380746033384     
   15.1000000000000        98.8085211525238        184.833285149236     
   15.1500000000000        98.9253179617707        184.263600602689     
   15.2000000000000        97.0648793211677        192.352130392455     
   15.2500000000000        98.4420031053523        186.352079608409     
   15.3000000000000        98.7053109188861        185.355957337700     
   15.3500000000000        97.6405748912550        189.033974458290     
   15.4000000000000        98.7778119806380        183.997249602481     
   15.4500000000000        97.0128306379064        193.200358743813     
   15.5000000000000        98.9581432977319        183.390928224115     
   15.5500000000000        98.7774054752928        184.907754443796     
   15.6000000000000        97.0209996066012        192.544847195031     
   15.6500000000000        98.4069371743419        186.415861542828     
   15.7000000000000        98.5090260246211        185.783669070720     
   15.7500000000000        98.0090378212342        188.206883317628     
   15.8000000000000        99.2820776439270        182.325835421183     
   15.8500000000000        98.2052650623960        187.049265989822     
   15.9000000000000        98.8502012224208        184.816452015749     
   15.9500000000000        97.7247672226710        188.579119064272     
   16.0000000000000        98.3451342801946        187.765886022569     
   16.0500000000000        98.0766047703051        188.444228654580     
   16.1000000000000        98.4966396369749        185.711607997918     
   16.1500000000000        97.7785321102282        189.218415690628     
   16.2000000000000        97.1050113186322        191.996605029425     
   16.2500000000000        98.0608768362379        186.986259509083     
   16.3000000000000        98.5978116875468        185.686327483721     
   16.3500000000000        98.9247731619736        184.954502865925     
   16.4000000000000        97.1022319863963        192.162919878559     
   16.4500000000000        97.6419929769383        189.285496378817     
   16.5000000000000        99.1549271611127        182.301062681166     
   16.5500000000000        98.1256144210557        187.519478349995     
   16.6000000000000        99.0247910192350        184.077150477248     
   16.6500000000000        99.7267387228129        180.936708200655     
   16.7000000000000        97.0823678582640        191.610821806716     
   16.7500000000000        100.097699342781        178.556319510270     
   16.8000000000000        97.8618725313343        189.108390091237     
   16.8500000000000        98.1307284190945        187.268898318853     
   16.9000000000000        99.0614217461255        183.817362614550     
   16.9500000000000        99.7500288901256        179.942750621488     
   17.0000000000000        99.2719822848179        183.029246822422     
   17.0500000000000        97.5057852665858        190.504085381650     
   17.1000000000000        98.2457440723024        187.162190513092     
   17.1500000000000        98.8510097997539        184.141323303613     
   17.2000000000000        98.0680936567306        187.689691715834     
   17.2500000000000        97.6793463573807        189.802273619098     
   17.3000000000000        99.7841370461864        180.917567768977     
   17.3500000000000        99.3010892720101        181.594662351333     
   17.4000000000000        98.3883519189167        186.771415715263     
   17.4500000000000        99.2698557189238        183.035329764301     
   17.5000000000000        99.2745439791376        181.998909366468     
   17.5500000000000        98.6375078179006        185.759169395866     
   17.6000000000000        98.4449877780695        186.197502816142     
   17.6500000000000        98.4030312498604        186.118324144216     
   17.7000000000000        97.1700912056506        192.307849449306     
   17.7500000000000        99.8510386475815        180.558797134079     
   17.8000000000000        98.2012612587893        186.894475545266     
   17.8500000000000        98.0731449400854        188.126098378174     
   17.9000000000000        98.2156425551684        187.908129025168     
   17.9500000000000        99.5064176490580        181.614372523429     
   18.0000000000000        99.0451668423674        183.166546310401     
   18.0500000000000        98.5858120110096        185.256564808967     
   18.1000000000000        97.6656554561407        189.653439338060     
   18.1500000000000        96.9570106304023        193.432439275777     
   18.2000000000000        97.9450877675797        188.536919211486     
   18.2500000000000        99.7274518939738        180.470879032659     
   18.3000000000000        98.4328579149357        186.177502546801     
   18.3500000000000        98.6826498731416        185.069489010563     
   18.4000000000000        97.8975115439500        188.624764628018     
   18.4500000000000        98.1872072806214        187.658793665024     
   18.5000000000000        98.8384890499080        183.747609626222     
   18.5500000000000        98.1181058169622        187.791684591187     
   18.6000000000000        99.5699093554530        180.756778678741     
   18.6500000000000        98.0981951972326        187.724682447673     
   18.7000000000000        98.9569891770885        183.798840947461     
   18.7500000000000        100.099577792972        179.069879214074     
   18.8000000000000        99.5713040183151        181.120481790775     
   18.8500000000000        97.5968878010340        189.776478376241     
   18.9000000000000        97.2163065272975        192.587974286643     
   18.9500000000000        97.5130253178052        189.660470579073     
   19.0000000000000        98.3326405498539        186.997452838324     
   19.0500000000000        98.7883192745094        185.060695347552     
   19.1000000000000        97.0194437707635        193.128681953434     
   19.1500000000000        98.1495481412708        186.781708234292     
   19.2000000000000        98.1306581549597        187.130722671689     
   19.2500000000000        98.8118893153209        184.937662968315     
   19.3000000000000        97.0678192788337        192.510929117252     
   19.3500000000000        98.8590732654192        184.082594680045     
   19.4000000000000        99.2690041685497        182.278656230441     
   19.4500000000000        97.3396265455431        190.810976694439     
   19.5000000000000        98.9433242685962        184.293246778245     
   19.5500000000000        99.0399233085935        183.427091613174     
   19.6000000000000        99.4210215756405        181.080121092372     
   19.6500000000000        99.0771176628151        183.503051555777     
   19.7000000000000        100.190710479086        178.256887190612     
   19.7500000000000        99.1710150549667        183.224924037237     
   19.8000000000000        98.7966911556966        185.004015577352     
   19.8500000000000        98.9123004344247        183.989251733218     
   19.9000000000000        99.6655781893622        181.313538819651     
   19.9500000000000        98.5121556265282        185.932700380575     
   20.0000000000000        99.1059457652107        183.430747272069     
   20.0500000000000        98.9531827871248        184.102420597599     
   20.1000000000000        97.5827761689110        190.184542444663     
   20.1500000000000        98.9538418321669        184.532232561551     
   20.2000000000000        98.2599645460030        187.535296457966     
   20.2500000000000        98.3196512231221        187.049556849841     
   20.3000000000000        98.3345395378390        186.940603051055     
   20.3500000000000        99.7807666816556        179.957674104957     
   20.4000000000000        96.7991774995802        194.012278051390     
   20.4500000000000        98.1285026465982        187.679063547689     
   20.5000000000000        98.2347077504595        187.028634181144     
   20.5500000000000        98.1262769713364        187.212726436724     
   20.6000000000000        96.9011075205170        192.451215368085     
   20.6500000000000        99.3630768922535        182.260311817120     
   20.7000000000000        97.8358623555741        188.790834813714     
   20.7500000000000        96.8041052937470        192.892731705612     
   20.8000000000000        96.9752492118336        192.219377198945     
   20.8500000000000        97.3588378089973        189.902464249786     
   20.9000000000000        97.7207772119235        189.293345176023     
   20.9500000000000        97.3548577580023        189.744086665957     
   21.0000000000000        97.7648189288550        189.111947881212     
   21.0500000000000        97.2925344588815        190.979681122961     
   21.1000000000000        98.6542199191817        185.688012921692     
   21.1500000000000        99.2056713575723        182.813584539708     
   21.2000000000000        98.7106430447778        185.312871544920     
   21.2500000000000        98.4909043353131        185.954217835634     
   21.3000000000000        98.8143286971946        184.661936601261     
   21.3500000000000        98.0074296589238        188.806877452777     
   21.4000000000000        97.1768986996020        191.670626685820     
   21.4500000000000        98.8955652497606        184.007566374472     
   21.5000000000000        97.9822219752557        188.412978806924     
   21.5500000000000        97.5599711727415        189.944455622821     
   21.6000000000000        98.3137385880332        187.690445455471     
   21.6500000000000        99.1288775497173        183.334774333019     
   21.7000000000000        97.6024237911315        189.727835619025     
   21.7500000000000        98.8163325105930        184.834143140152     
   21.8000000000000        98.6158623088508        185.379549331039     
   21.8500000000000        98.5219939928683        186.522364092091     
   21.9000000000000        98.4462164935763        186.328610061593     
   21.9500000000000        98.9232528104424        183.790454555546     
   22.0000000000000        97.7605327712710        188.744330350543     
   22.0500000000000        98.1742114145699        187.634498627829     
   22.1000000000000        97.0289249577159        192.613392740747     
   22.1500000000000        98.2773329271943        187.278252707829     
   22.2000000000000        99.5535840756869        181.118617879266     
   22.2500000000000        98.3660411995435        187.115281904698     
   22.3000000000000        97.9174067964164        188.822814430861     
   22.3500000000000        98.3396883405655        186.897180929242     
   22.4000000000000        98.4054682634386        186.355786017308     
   22.4500000000000        97.2894416137873        191.166634173732     
   22.5000000000000        99.5595717994897        181.468289314599     
   22.5500000000000        98.4672544424976        186.238394783674     
   22.6000000000000        96.8660341616994        192.837303672784     
   22.6500000000000        97.7789730689135        188.616014993087     
   22.7000000000000        99.0863963495629        183.996748147062     
   22.7500000000000        97.2096320374281        191.111230458430     
   22.8000000000000        97.7988878825775        189.794063732638     
   22.8500000000000        97.7352542693707        189.058481202962     
   22.9000000000000        98.7790318580555        184.556323410468     
   22.9500000000000        98.1431902256141        187.967000015654     
   23.0000000000000        97.7025766430798        189.148364920946     
   23.0500000000000        97.9998264600543        187.833341434424     
   23.1000000000000        98.9201039183141        184.537136649570     
   23.1500000000000        98.6010618119415        185.509708886994     
   23.2000000000000        99.1599897061275        182.883627142988     
   23.2500000000000        98.4585635271271        187.202928437093     
   23.3000000000000        98.3843016284331        185.573223822501     
   23.3500000000000        98.2538896384679        186.935115089578     
   23.4000000000000        97.7315373439987        189.225637174213     
   23.4500000000000        98.6630701134048        185.293294412491     
   23.5000000000000        98.2516454063637        187.480929490932     
   23.5500000000000        99.0081992125991        183.548750958802     
   23.6000000000000        98.5491690318744        185.873745678415     
   23.6500000000000        98.4593174000010        185.699351534165     
   23.7000000000000        98.7898960104753        184.723470147654     
   23.7500000000000        97.3660904457533        190.869362051997     
   23.8000000000000        99.9838467314715        179.493864571398     
   23.8500000000000        99.7183446729610        180.692570062244     
   23.9000000000000        96.7887869121922        193.352399186894     
   23.9500000000000        99.1007920670228        184.234080100104     
   24.0000000000000        98.4268104349570        186.470588071107     
   24.0500000000000        98.6989883346049        185.592640867768     
   24.1000000000000        97.9151836070040        188.554434551969     
   24.1500000000000        99.2703374314577        183.013074419004     
   24.2000000000000        97.8577805971040        189.096662356376     
   24.2500000000000        98.5573248937486        185.990489313261     
   24.3000000000000        100.620988615482        175.974318723146     
   24.3500000000000        98.3464919026421        186.728410465842     
   24.4000000000000        99.0914213900356        183.418340548983     
   24.4500000000000        97.9205031346927        188.462365973320     
   24.5000000000000        97.4742029479580        189.781448549535     
   24.5500000000000        98.3772888458579        186.286270957557     
   24.6000000000000        97.9683828518549        188.699454946775     
   24.6500000000000        98.5442220643195        186.231444916690     
   24.7000000000000        98.9401191049678        183.927385093002     
   24.7500000000000        98.9303116544536        184.064358033577     
   24.8000000000000        99.0992064358079        183.149230684183     
   24.8500000000000        98.7541653477302        185.412094728933     
   24.9000000000000        99.7947747473504        181.118953710386     
   24.9500000000000        96.8605501236345        193.521391304494     
   25.0000000000000        98.3356000693491        186.391878026732     
   25.0500000000000        99.1662946139189        182.395228420871     
   25.1000000000000        98.6281894257548        185.466996383308     
   25.1500000000000        98.4041610395793        186.111518515435     
   25.2000000000000        99.4221425833035        182.735424950464     
   25.2500000000000        98.7196235072536        184.757086040246     
   25.3000000000000        97.7207726834614        188.764590272025     
   25.3500000000000        97.6189825697965        189.817428258309     
   25.4000000000000        100.007989556087        179.400208710125     
   25.4500000000000        98.5954468830417        185.807968089046     
   25.5000000000000        99.4656865869739        182.109478911060     
   25.5500000000000        97.7813953864150        188.731280945163     
   25.6000000000000        98.6247218086607        185.452993572232     
   25.6500000000000        100.606153165481        176.193606935313     
   25.7000000000000        99.0088436122187        183.839833545149     
   25.7500000000000        98.1065697390890        187.411420415956     
   25.8000000000000        98.4429043572660        186.765804876256     
   25.8500000000000        98.8772808972537        183.665737981431     
   25.9000000000000        98.0342502061967        187.897354759093     
   25.9500000000000        98.5932514617903        185.892671915182     
   26.0000000000000        98.4867726364494        186.827855082455     
   26.0500000000000        97.8001827727415        189.806315165558     
   26.1000000000000        97.5365344899467        190.373515786090     
   26.1500000000000        98.3497221860781        186.461691381801     
   26.2000000000000        98.9665765796982        183.343479835976     
   26.2500000000000        98.4483186974354        186.264010290284     
   26.3000000000000        99.5046606095377        181.472841881455     
   26.3500000000000        99.6384900958147        181.162040205677     
   26.4000000000000        97.9980675781627        188.351386078518     
   26.4500000000000        99.1139410551916        182.942380710089     
   26.5000000000000        97.9261548730586        189.912836200367     
   26.5500000000000        98.5138697602018        185.340480425824     
   26.6000000000000        96.8688003692413        194.190050000645     
   26.6500000000000        98.5941235063424        186.086465495512     
   26.7000000000000        98.2685180446157        186.530633424623     
   26.7500000000000        95.8538536783890        197.750592664227     
   26.8000000000000        99.1595394588111        183.807742407677     
   26.8500000000000        98.1003871441471        188.138366811297     
   26.9000000000000        98.2574148838971        186.833687407359     
   26.9500000000000        98.7832018958141        184.536533274130     
   27.0000000000000        96.7257365784460        193.897667716271     
   27.0500000000000        98.0504647467984        186.994238792721     
   27.1000000000000        98.1229405242636        187.904205335211     
   27.1500000000000        99.1592190370768        183.805581038415     
   27.2000000000000        98.9532256320051        183.774899127563     
   27.2500000000000        96.2589994213291        195.670914917797     
   27.3000000000000        98.4399368007110        186.679080124475     
   27.3500000000000        99.2750751184183        183.866447584126     
   27.4000000000000        99.0053940340304        183.428358292549     
   27.4500000000000        98.3298017023540        186.361509260236     
   27.5000000000000        97.9074258496646        188.585346332088     
   27.5500000000000        98.2186955246427        187.429687711192     
   27.6000000000000        100.741409571123        176.349806171818     
   27.6500000000000        99.1843885549919        182.681104236217     
   27.7000000000000        98.3742899495588        186.219556797022     
   27.7500000000000        97.2126789076921        191.353288364738     
   27.8000000000000        98.8329567295770        185.452868950440     
   27.8500000000000        98.3684695157185        186.614229237777     
   27.9000000000000        98.0363264127572        188.458377936495     
   27.9500000000000        98.7232753400150        185.117957981020     
   28.0000000000000        98.4687948675079        186.486905479774     
   28.0500000000000        99.6290736855741        180.897715860252     
   28.1000000000000        97.8790791547555        189.402752107568     
   28.1500000000000        99.1576959245684        183.261116381885     
   28.2000000000000        98.7684977174165        184.284185256879     
   28.2500000000000        97.6175626712682        189.777685641984     
   28.3000000000000        97.6158599897939        190.012948406167     
   28.3500000000000        97.8648706589285        189.049244897562     
   28.4000000000000        99.0145689275268        183.633851830912     
   28.4500000000000        99.2429187974701        183.195307759997     
   28.5000000000000        99.2661039436901        181.842007552994     
   28.5500000000000        99.1836825606212        183.468998853998     
   28.6000000000000        99.7205380911897        181.006857711920     
   28.6500000000000        99.2574368016965        182.193671498702     
   28.7000000000000        98.4410476640476        185.835582066908     
   28.7500000000000        98.7338860316223        185.070558187808     
   28.8000000000000        98.2426354397654        187.381075937075     
   28.8500000000000        97.6215171813418        189.819405364427     
   28.9000000000000        98.6888365174815        184.793035376397     
   28.9500000000000        98.0295165882671        187.489198767389     
   29.0000000000000        98.6349751008208        185.760082729664     
   29.0500000000000        99.1515483491238        183.502026606722     
   29.1000000000000        99.3758778884488        181.783701645200     
   29.1500000000000        98.9467528066845        184.154972684487     
   29.2000000000000        98.9991467410853        183.204502552791     
   29.2500000000000        99.7688444577995        180.889937820009     
   29.3000000000000        99.0383742672712        183.280788625816     
   29.3500000000000        99.7286218328170        180.153351885023     
   29.4000000000000        97.8743955967238        188.996176368124     
   29.4500000000000        98.8491776874663        185.092579565469     
   29.5000000000000        98.5692886392156        185.513845988622     
   29.5500000000000        99.2653767157052        182.232257978866     
   29.6000000000000        98.0960762054696        187.866050291705     
   29.6500000000000        97.8385279236087        189.500859408051     
   29.7000000000000        100.699058308729        176.027095430653     
   29.7500000000000        96.6507812322486        193.433437325702     
   29.8000000000000        97.6708831943211        190.033358961139     
   29.8500000000000        98.1721222730363        187.396349733109     
   29.9000000000000        99.2956856509322        182.128137643488     
   29.9500000000000        98.1465634419656        187.475671126225     
   30.0000000000000        97.7990057355558        189.216597303383     
   30.0500000000000        98.4100467360109        186.113286795032     
   30.1000000000000        97.6419771371640        189.740542821470     
   30.1500000000000        98.9395758244666        183.934558345054     
   30.2000000000000        99.7069069664694        180.410011255431     
   30.2500000000000        98.5177912263634        186.349953478580     
   30.3000000000000        98.5101201784644        187.275154687911     
   30.3500000000000        98.0347523463389        188.182259966389     
   30.4000000000000        98.1502043170920        187.448508475723     
   30.4500000000000        98.2604416632075        186.211915648643     
   30.5000000000000        99.2831181377781        182.426618496455     
   30.5500000000000        100.050290245935        179.548359620789     
   30.6000000000000        97.5709542325861        189.949695199003     
   30.6500000000000        97.7615584927311        189.503589336813     
   30.7000000000000        99.3161903873494        181.867838276589     
   30.7500000000000        99.2029144396097        182.493262502531     
   30.8000000000000        99.5820987831450        181.527811141882     
   30.8500000000000        98.3511829126224        186.747931140762     
   30.9000000000000        99.3342907847298        182.307897556089     
   30.9500000000000        97.4083132231449        189.345782085751     
   31.0000000000000        98.2794300745516        187.115579186786     
   31.0500000000000        99.4182110156362        181.892554156813     
   31.1000000000000        99.6106548066246        180.532046935779     
   31.1500000000000        97.6818228693205        189.591288478135     
   31.2000000000000        98.3740952984059        186.498842192122     
   31.2500000000000        98.0189420346758        188.286882273446     
   31.3000000000000        96.7718746694242        192.136325039969     
   31.3500000000000        98.9950714338902        182.007497813672     
   31.4000000000000        99.6278184840648        181.352867095329     
   31.4500000000000        98.2912347859531        186.806409130777     
   31.5000000000000        97.4181803906968        190.773385996688     
   31.5500000000000        97.1250333401655        191.476635800693     
   31.6000000000000        98.9906643155320        183.421217509965     
   31.6500000000000        99.0265520665067        183.514419447874     
   31.7000000000000        98.7727231297551        184.394254829895     
   31.7500000000000        98.1023067100542        187.754766046966     
   31.8000000000000        96.8342409966214        193.001388698372     
   31.8500000000000        97.8011175009972        188.170214135801     
   31.9000000000000        95.4714859372420        199.415610381517     
   31.9500000000000        99.0747461629979        183.724662633194     
   32.0000000000000        98.7793217083535        184.944446462523     
   32.0500000000000        97.8286858879042        189.013844610432     
   32.1000000000000        98.5465038119712        186.971062788436     
   32.1500000000000        98.1709490899384        187.652093339290     
   32.2000000000000        99.3793237539895        182.050601919734     
   32.2500000000000        99.2248944090186        182.910271923865     
   32.3000000000000        97.4966210205744        190.304392445318     
   32.3500000000000        98.3222854975199        186.256284820476     
   32.4000000000000        97.5953089596360        189.842895881177     
   32.4500000000000        98.6974733527672        184.923853775284     
   32.5000000000000        99.6531771625757        181.027285034158     
   32.5500000000000        99.6999762119307        179.966396886227     
   32.6000000000000        97.4815575943521        190.019779339806     
   32.6500000000000        100.052593932339        179.455436912547     
   32.7000000000000        99.0178069042955        183.952801101949     
   32.7500000000000        98.0443476210759        188.538796888808     
   32.8000000000000        98.6397264404034        185.846137640173     
   32.8500000000000        98.7325762183275        184.912929400077     
   32.9000000000000        97.8493118845259        188.649621170314     
   32.9500000000000        98.5283468305413        185.388324779145     
   33.0000000000000        98.4927645173714        186.418862778188     
   33.0500000000000        98.8981448369255        184.945231112953     
   33.1000000000000        97.5650648287325        189.353507082569     
   33.1500000000000        98.9682239223105        183.384809868392     
   33.2000000000000        99.0597271852266        183.557245474081     
   33.2500000000000        98.5065724523666        184.811519349757     
   33.3000000000000        98.4615308548334        185.775879141484     
   33.3500000000000        99.0466932534983        183.520895702895     
   33.4000000000000        98.0318357900670        188.431478216265     
   33.4500000000000        98.2464067140673        187.041699162411     
   33.5000000000000        98.8362430345691        184.553159547818     
   33.5500000000000        98.5352993313220        186.056984745617     
   33.6000000000000        99.9102186013657        179.589685440127     
   33.6500000000000        98.9870666099304        184.177570964355     
   33.7000000000000        98.0832624493095        187.782622831325     
   33.7500000000000        98.1429437329986        187.735480633443     
   33.8000000000000        98.8851031939359        183.910504884487     
   33.8500000000000        97.1805747162716        191.835845994975     
   33.9000000000000        98.0567691382742        188.239074968222     
   33.9500000000000        98.0926388114425        187.328819550679     
   34.0000000000000        97.7658353751741        189.261746621071     
   34.0500000000000        97.0796053360741        192.434573642806     
   34.1000000000000        97.3113573093241        191.387556544114     
   34.1500000000000        98.6534560290232        185.517355590491     
   34.2000000000000        98.7949789685159        186.012781930007     
   34.2500000000000        98.0088625909484        188.448203356158     
   34.3000000000000        98.5765232591900        185.564383608913     
   34.3500000000000        98.3058655124636        186.588862477703     
   34.4000000000000        97.2036298347447        192.082963632036     
   34.4500000000000        99.4231534571831        181.868416267166     
   34.5000000000000        97.9785076942778        188.304828749995     
   34.5500000000000        99.4707904974714        181.399822882229     
   34.6000000000000        98.5350539812874        185.915714732218     
   34.6500000000000        97.5586516178114        190.175229267187     
   34.7000000000000        98.7322886305103        184.949797748519     
   34.7500000000000        98.9299289613317        183.604514551568     
   34.8000000000000        98.8106975587320        184.833883292063     
   34.8500000000000        99.3248596570854        182.964426518684     
   34.9000000000000        98.2180357715767        186.919572973890     
   34.9500000000000        98.1299876655724        188.140907703393     
   35.0000000000000        98.4203064781959        185.231878173621     
   35.0500000000000        97.5498536850341        189.086809876518     
   35.1000000000000        98.0367495486525        188.303027025750     
   35.1500000000000        99.0358991146354        183.699333172853     
   35.2000000000000        98.8319328058453        183.639401820860     
   35.2500000000000        98.2867751779562        187.155235801650     
   35.3000000000000        98.5295326573683        186.131726341979     
   35.3500000000000        99.1532529740272        183.330333487386     
   35.4000000000000        97.4291287004319        190.748493775357     
   35.4500000000000        98.3698382401485        186.586293748776     
   35.5000000000000        97.3886838561600        191.016698490659     
   35.5500000000000        98.3658041854129        186.474523300586     
   35.6000000000000        99.1037027896453        183.512830216357     
   35.6500000000000        98.8785781097912        183.992216387948     
   35.7000000000000        98.3932335443976        186.155550486243     
   35.7500000000000        98.5834763354468        185.594232162525     
   35.8000000000000        98.1070565918108        187.689537127062     
   35.8500000000000        98.4976346155051        185.920343776991     
   35.9000000000000        98.7447285032845        184.332247079807     
   35.9500000000000        97.5563809719430        189.558385838201     
   36.0000000000000        97.7649613566555        188.711170084601     
   36.0500000000000        99.1231589526780        183.392575152836     
   36.1000000000000        99.3115050088192        182.028973074592     
   36.1500000000000        99.2063781134571        182.450276104614     
   36.2000000000000        98.3646936130468        186.914707872537     
   36.2500000000000        99.6541008891489        181.628404694104     
   36.3000000000000        99.1468320627909        183.118879700610     
   36.3500000000000        97.6872118474868        189.906870605036     
   36.4000000000000        98.6468304582139        184.838252699329     
   36.4500000000000        97.4871426518030        190.221525688537     
   36.5000000000000        98.8232112784716        184.621823387066     
   36.5500000000000        96.8675443469535        193.136676516207     
   36.6000000000000        99.1834396945084        182.945629913590     
   36.6500000000000        97.3202491983443        191.518927510574     
   36.7000000000000        97.7259253684962        189.591688290844     
   36.7500000000000        99.0284441329592        182.996852392498     
   36.8000000000000        99.0207219464870        183.973202563522     
   36.8500000000000        98.7573210012654        184.481317491012     
   36.9000000000000        98.5875662263056        186.228048567719     
   36.9500000000000        99.7374102316698        179.899592256844     
   37.0000000000000        97.7836006051595        189.794666237861     
   37.0500000000000        98.6011079439583        185.585939490430     
   37.1000000000000        98.2240339080418        187.038349294545     
   37.1500000000000        99.4645581340255        181.780825569494     
   37.2000000000000        98.5028641964705        185.686981031062     
   37.2500000000000        97.2508039349774        192.620692246688     
   37.3000000000000        98.3804778220316        185.975382229501     
   37.3500000000000        98.0422296015483        187.842281924001     
   37.4000000000000        98.8111738543636        184.327927983238     
   37.4500000000000        98.0813162838683        188.385761230826     
   37.5000000000000        99.1835522300452        182.478159534603     
   37.5500000000000        100.746055401902        176.352734673573     
   37.6000000000000        98.9994676847939        183.397653770406     
   37.6500000000000        99.1449904714956        183.347840438019     
   37.7000000000000        98.0776849729721        187.808616055805     
   37.7500000000000        98.6952534921698        185.243866567877     
   37.8000000000000        98.8217253513177        185.021442291735     
   37.8500000000000        98.1539549147535        187.960486981990     
   37.9000000000000        100.344421010763        178.073369500398     
   37.9500000000000        98.0701078934629        187.699474204262     
   38.0000000000000        98.1190846559897        186.814994959953     
   38.0500000000000        98.1878110620559        187.414814896039     
   38.1000000000000        98.8610902345414        184.105664575181     
   38.1500000000000        99.3168000965255        181.398136360975     
   38.2000000000000        98.3055288254329        186.590285487698     
   38.2500000000000        98.3690652305326        186.019128630063     
   38.3000000000000        97.6291301556410        190.272939788817     
   38.3500000000000        99.7912507532732        180.429682942336     
   38.4000000000000        99.6477643087015        180.856649183570     
   38.4500000000000        98.4184265752372        185.520099313001     
   38.5000000000000        98.6977493099460        184.544507066231     
   38.5500000000000        97.9738754343002        188.510978534357     
   38.6000000000000        98.1962196000870        187.527638683316     
   38.6500000000000        98.0862402451708        188.802469871644     
   38.7000000000000        98.9025462530796        184.348710003172     
   38.7500000000000        97.7679917022526        189.247762196710     
   38.8000000000000        98.0514857322397        187.796787557898     
   38.8500000000000        100.782114533847        176.312946538605     
   38.9000000000000        97.7773318508284        188.875647351698     
   38.9500000000000        99.4970798387407        182.659952833265     
   39.0000000000000        97.6430371542574        189.473526169925     
   39.0500000000000        99.2132316127453        182.608069031853     
   39.1000000000000        98.1214730361770        187.663835668860     
   39.1500000000000        97.5357328037110        189.482909379078     
   39.2000000000000        98.5078239854295        184.897236847920     
   39.2500000000000        98.0521822372793        187.630724896281     
   39.3000000000000        98.4471143051489        186.223860845874     
   39.3500000000000        98.7765743275038        185.269175688137     
   39.4000000000000        98.5905968221479        185.688513274284     
   39.4500000000000        99.7367804682673        180.411375353899     
   39.5000000000000        99.9185925814536        179.690777455343     
   39.5500000000000        98.2868283711816        186.949398747489     
   39.6000000000000        99.0729610072124        183.291035145328     
   39.6500000000000        98.4392758938416        185.285886462884     
   39.7000000000000        98.6259784554031        185.894536657634     
   39.7500000000000        97.4605420813350        190.459655106450     
   39.8000000000000        98.6885973395000        185.331378410931     
   39.8500000000000        98.9950558794672        184.047278473541     
   39.9000000000000        96.7623775253457        193.366245518211     
   39.9500000000000        97.5251861209778        189.889451398396     
   40.0000000000000        98.0914849985200        187.373417793213     
   40.0500000000000        98.6736969078474        185.345651197043     
   40.1000000000000        99.1603186247067        182.987184366034     
   40.1500000000000        98.4632209154795        185.783043450653     
   40.2000000000000        97.6916192108704        189.367059392641     
   40.2500000000000        98.2538018422099        186.961733932613     
   40.3000000000000        98.2718786460641        187.582070161188     
   40.3500000000000        98.1609302246432        186.734880454189     
   40.4000000000000        98.7601861334449        185.775697464712     
   40.4500000000000        98.1816520205652        187.380692841356     
   40.5000000000000        98.3051410156757        186.409161881376     
   40.5500000000000        97.9041398188307        188.198844032367     
   40.6000000000000        99.0573762508674        184.000154396268     
   40.6500000000000        99.6423577399353        180.999188920738     
   40.7000000000000        98.7848689803571        184.576737422682     
   40.7500000000000        97.6515659752630        189.582924378790     
   40.8000000000000        99.1266264008841        183.239374256656     
   40.8500000000000        97.7555483987270        188.859244463978     
   40.9000000000000        97.5980517535462        190.026348883272     
   40.9500000000000        98.7782520077344        185.004764919033     
   41.0000000000000        97.4795748696072        189.477344468306     
   41.0500000000000        98.5917989716837        185.690004039724     
   41.1000000000000        97.8862751789144        188.020784698976     
   41.1500000000000        99.7603296681249        180.945503461320     
   41.2000000000000        96.9837655499350        192.849062285923     
   41.2500000000000        97.8925998847031        189.356215266907     
   41.3000000000000        99.2396467979182        183.026538314978     
   41.3500000000000        96.9062084099986        192.832816905923     
   41.4000000000000        98.7810580047711        184.979309053129     
   41.4500000000000        97.8933691553753        188.223916685188     
   41.5000000000000        99.0223040097165        183.647197623739     
   41.5500000000000        98.6750756108613        185.028619451153     
   41.6000000000000        99.8994161382142        180.489984181876     
   41.6500000000000        97.4316328105855        191.019890240645     
   41.7000000000000        97.6261013669627        189.386111084337     
   41.7500000000000        98.2389465415210        186.875514952969     
   41.8000000000000        99.3216579815122        182.264124795421     
   41.8500000000000        97.7521979595774        188.553900722824     
   41.9000000000000        98.2645955064707        186.283273460793     
   41.9500000000000        99.0440105408257        183.931945778201     
   42.0000000000000        98.8771031532172        184.428174308357     
   42.0500000000000        98.0335263295423        188.235868036468     
   42.1000000000000        97.8879918549448        188.039308562201     
   42.1500000000000        99.6222691064437        180.912944469062     
   42.2000000000000        99.1706872122842        182.789131731603     
   42.2500000000000        98.5556049185315        184.872895383053     
   42.3000000000000        98.0144591253018        187.372157342105     
   42.3500000000000        98.3998488995486        186.408681300669     
   42.4000000000000        98.4722866429210        185.508223512087     
   42.4500000000000        99.0811536138436        183.599723819117     
   42.5000000000000        99.0364366733801        183.776292199667     
   42.5500000000000        98.8690193227270        184.420479140362     
   42.6000000000000        98.1552346189354        187.174878634229     
   42.6500000000000        97.6302031076802        189.266186538573     
   42.7000000000000        97.4595462158202        190.507724796518     
   42.7500000000000        97.8147222639466        189.495147672953     
   42.8000000000000        97.8908179237934        188.537592972782     
   42.8500000000000        99.7801303610472        181.068322109875     
   42.9000000000000        97.9766959208099        188.282065905946     
   42.9500000000000        98.0443508539324        188.577993949346     
   43.0000000000000        97.9334059578658        187.736467261709     
   43.0500000000000        98.2199377587881        187.892557240295     
   43.1000000000000        99.3743366947527        181.854308367306     
   43.1500000000000        98.1868766204647        186.854437586671     
   43.2000000000000        98.3707336754963        186.838092501880     
   43.2500000000000        98.6917953271118        185.236231107739     
   43.3000000000000        99.3720983633522        182.527803660339     
   43.3500000000000        97.5909483825933        189.609799184149     
   43.4000000000000        97.8331365502705        189.052136576567     
   43.4500000000000        98.2640304970336        187.313681795104     
   43.5000000000000        97.5455660089401        190.680166781040     
   43.5500000000000        99.2662413428906        182.959556879488     
   43.6000000000000        98.3583239963589        186.787543610072     
   43.6500000000000        99.6521623680020        181.778621456409     
   43.7000000000000        99.1304112005301        183.832803851749     
   43.7500000000000        98.5346960038585        186.208131867236     
   43.8000000000000        97.8893735167303        189.016436988016     
   43.8500000000000        97.9774214283252        187.538704018171     
   43.9000000000000        98.0558416374040        187.606844172419     
   43.9500000000000        97.8465980331679        188.726952706340     
   44.0000000000000        98.0701609098828        187.007626957669     
   44.0500000000000        98.1873850742613        187.900327516330     
   44.1000000000000        98.5008273657946        185.532181048456     
   44.1500000000000        97.2536081436411        191.173281923420     
   44.2000000000000        98.3785394076738        186.480086071320     
   44.2500000000000        98.3944397192521        186.612755783706     
   44.3000000000000        99.4622671233481        181.154995258080     
   44.3500000000000        97.6971277997223        189.567213745440     
   44.4000000000000        98.6841764787942        184.626203578138     
   44.4500000000000        98.1021828039145        187.966409949366     
   44.5000000000000        98.2774131003231        186.716822963476     
   44.5500000000000        98.5792681969990        186.338407130691     
   44.6000000000000        99.8506730738154        179.928521175250     
   44.6500000000000        98.3250278279134        186.657013164998     
   44.7000000000000        98.3718276456155        186.343788207714     
   44.7500000000000        99.4064526264545        181.528045150378     
   44.8000000000000        98.7598124867025        184.877416422314     
   44.8500000000000        97.9086230233799        188.686744183389     
   44.9000000000000        100.396207394832        177.506029471208     
   44.9500000000000        97.6173441989479        189.744755783242     
   45.0000000000000        98.2623948181072        187.754386620607     
   45.0500000000000        98.6101914012053        185.673657143338     
   45.1000000000000        99.1356650570662        182.143174491227     
   45.1500000000000        98.1784687246448        186.863172353872     
   45.2000000000000        99.0304291580144        183.521091386114     
   45.2500000000000        99.7788979953133        180.611820513298     
   45.3000000000000        97.4636783976255        190.314480679045     
   45.3500000000000        99.4278290853672        181.150638587932     
   45.4000000000000        98.4315424395568        186.630985252966     
   45.4500000000000        97.0040220824591        192.456573739452     
   45.5000000000000        99.5487602245009        181.548506850927     
   45.5500000000000        98.3203405088309        186.749023728127     
   45.6000000000000        99.4660583799769        181.721529381190     
   45.6500000000000        98.4485164507792        186.863080101767     
   45.7000000000000        97.7896775891962        188.246336865805     
   45.7500000000000        98.6319604768972        185.864117560568     
   45.8000000000000        98.6956160363787        184.442790086635     
   45.8500000000000        98.5937577433040        185.288855987619     
   45.9000000000000        98.0299576840286        188.413452212265     
   45.9500000000000        99.6904308710399        180.335694073448     
   46.0000000000000        99.4104850809957        182.227022192973     
   46.0500000000000        99.0120879508814        182.711415138920     
   46.1000000000000        98.7205120667617        184.655133092277     
   46.1500000000000        97.3350851807760        191.224103848774     
   46.2000000000000        99.2468711287235        182.998244874151     
   46.2500000000000        98.3135933149997        186.639170841432     
   46.3000000000000        97.3409297326319        191.160638715024     
   46.3500000000000        98.0114868553630        189.114277886927     
   46.4000000000000        97.8743018751073        188.660822902737     
   46.4500000000000        98.8447355935739        184.675547809261     
   46.5000000000000        97.7429055773937        189.292038371561     
   46.5500000000000        98.3374026617925        186.608177357992     
   46.6000000000000        98.2239702945492        186.323152601194     
   46.6500000000000        97.5968049252729        189.724724700758     
   46.7000000000000        100.129451340253        178.640901177723     
   46.7500000000000        98.6151121225752        184.350976417705     
   46.8000000000000        98.6888808537041        185.348175586120     
   46.8500000000000        98.3156573569011        186.648271101649     
   46.9000000000000        97.2384202882328        190.239840899298     
   46.9500000000000        97.7970864162278        189.383737359942     
   47.0000000000000        99.2299357557947        182.878220832143     
   47.0500000000000        98.1451959865187        186.603625731745     
   47.1000000000000        98.4252506188327        185.759906408632     
   47.1500000000000        96.9414623878453        192.623454605062     
   47.2000000000000        99.6602474955599        180.485608881272     
   47.2500000000000        97.5687960062110        190.750374489334     
   47.3000000000000        98.6797906133993        184.781463096663     
   47.3500000000000        98.4921854587891        185.875380459582     
   47.4000000000000        99.0797363162431        183.602886810506     
   47.4500000000000        98.9595591169655        184.987714770965     
   47.5000000000000        98.2914678254413        185.961910696917     
   47.5500000000000        99.3116538650431        182.440353736627     
   47.6000000000000        98.3823630131416        186.750912677907     
   47.6500000000000        98.2060746313993        187.666702116992     
   47.7000000000000        100.081574200387        179.009037823752     
   47.7500000000000        97.0969042085178        192.351720780946     
   47.8000000000000        100.079542521000        178.718808084467     
   47.8500000000000        98.7906794109833        185.601371152189     
   47.9000000000000        99.4971801886163        181.739143240998     
   47.9500000000000        99.2924772578490        182.527171292212     
   48.0000000000000        99.3647701055966        182.554317110512     
   48.0500000000000        99.2589222736401        182.864951336129     
   48.1000000000000        99.4962729686616        181.667580255337     
   48.1500000000000        97.6281698098411        188.960609118758     
   48.2000000000000        98.9492856193502        184.174198617795     
   48.2500000000000        97.7343757611335        188.861083939379     
   48.3000000000000        97.6047531997664        189.979632883215     
   48.3500000000000        99.5818421508792        180.998550094103     
   48.4000000000000        97.5935489295889        190.391771502708     
   48.4500000000000        98.9774489195189        183.964683391225     
   48.5000000000000        98.2467260782414        186.715726715848     
   48.5500000000000        98.8277529524179        184.704669795730     
   48.6000000000000        97.8830346668178        189.353904939575     
   48.6500000000000        98.7274799291123        184.635506225095     
   48.7000000000000        98.3945001851534        186.088203703019     
   48.7500000000000        98.4960799844028        186.274646853215     
   48.8000000000000        97.9232223697832        188.312961197036     
   48.8500000000000        97.7438666850981        189.168998826955     
   48.9000000000000        98.3353156168611        186.308137141831     
   48.9500000000000        97.4139050347630        190.619472055043     
   49.0000000000000        98.0821764109185        187.899463739640     
   49.0500000000000        98.8374371307672        183.850830494932     
   49.1000000000000        99.3041386137969        181.791047612936     
   49.1500000000000        99.0441134984367        183.898633389833     
   49.2000000000000        98.1182770364516        186.980143421636     
   49.2500000000000        98.3857348056934        186.758985332215     
   49.3000000000000        95.9197470510548        197.439695712821     
   49.3500000000000        98.9637940099957        184.248891190154     
   49.4000000000000        98.2118037883695        186.989061629415     
   49.4500000000000        98.6366521356690        186.864710495823     
   49.5000000000000        99.2114174259158        182.894755970578     
   49.5500000000000        99.9201856990208        179.532049894630     
   49.6000000000000        96.6302697294077        194.885315042980     
   49.6500000000000        98.1726927398334        188.046208364742     
   49.7000000000000        98.6461370303063        185.590362975635     
   49.7500000000000        98.0286178035103        188.048473520999     
   49.8000000000000        99.3532252525817        182.423864362206     
   49.8500000000000        98.0012461479213        187.969646709829     
   49.9000000000000        99.8628518239420        180.266141211842     
   49.9500000000000        98.7476058839111        184.701594721119     
   50.0000000000000        98.3280630975796        186.593493027029     
