  0.123888401863174        534.433580973256        773312406.696244     
  0.247776803726349        534.814704993510        774315007.859073     
  0.371665205589523        535.666551471533        769420380.136896     
  0.495553607452697        536.633591412398        767838398.828192     
  0.619442009315871        541.052909581034        752299514.592251     
  0.743330411179046        537.314220857507        764832213.231469     
  0.867218813042220        538.557970716686        760108329.697193     
  0.991107214905394        537.101193401923        764531811.784832     
   1.11499561676857        533.954542156121        775486758.635822     
   1.23888401863174        534.993728055727        772016099.659148     
   1.36277242049492        539.302525394524        761809896.156892     
   1.48666082235809        538.451296867212        764233644.038952     
   1.61054922422127        533.924342726855        774811967.632246     
   1.73443762608444        538.763840668416        757864436.774002     
   1.85832602794761        536.994013454713        765043732.658313     
   1.98221442981079        538.235115775501        762396089.528427     
   2.10610283167396        540.427840049266        757077604.092333     
   2.22999123353714        534.858940555679        773220854.192304     
   2.35387963540031        538.395922594687        764010430.029911     
   2.47776803726349        536.119942562121        771621439.412224     
   2.60165643912666        541.823879938603        753181463.901616     
   2.72554484098983        532.646218260231        783590158.904151     
   2.84943324285301        540.004760675287        756575708.992076     
   2.97332164471618        542.118272828766        750304506.683932     
   3.09721004657936        538.090411172643        765402518.420305     
   3.22109844844253        531.028161474826        787226412.404774     
   3.34498685030571        537.716170647250        766315035.613211     
   3.46887525216888        535.863357004859        767157505.968164     
   3.59276365403205        533.899336858357        772848589.313821     
   3.71665205589523        545.096744159506        741364805.030979     
   3.84054045775840        539.074803439013        756823591.147578     
   3.96442885962158        531.858352475403        781797740.369915     
   4.08831726148475        536.373765296603        765835486.156030     
   4.21220566334793        541.126392488003        753541463.851465     
   4.33609406521110        540.256178440009        751491722.737854     
   4.45998246707427        537.497393326416        765292088.991293     
   4.58387086893745        542.372524367158        750886929.312262     
   4.70775927080062        536.404894055388        766219901.738021     
   4.83164767266380        525.247561607749        805384200.840765     
   4.95553607452697        541.135996066811        754624768.747366     
   5.07942447639014        543.324148974067        744091805.199999     
   5.20331287825332        538.216332741238        760883154.469703     
   5.32720128011649        541.825870090187        748766968.727080     
   5.45108968197967        539.433039031810        764292583.716768     
   5.57497808384284        535.643498117748        770303592.046690     
   5.69886648570602        537.661815476935        767402540.306498     
   5.82275488756919        539.964041083546        754635846.009075     
   5.94664328943237        544.334726138959        744775437.385369     
   6.07053169129554        541.589763703475        754270582.156356     
   6.19442009315871        536.460175523579        767828051.359870     
   6.31830849502189        536.280641684426        767734260.388039     
   6.44219689688506        538.199513279900        763642082.916149     
   6.56608529874824        533.957749355804        774955122.543075     
   6.68997370061141        536.206775236016        766834697.867235     
   6.81386210247458        532.402717051829        780343816.713660     
   6.93775050433776        534.639748194539        776422077.776341     
   7.06163890620093        539.182762515659        757281009.699754     
   7.18552730806411        539.664212990632        760351084.771692     
   7.30941570992728        540.062689810919        755658550.442935     
   7.43330411179046        536.610474654278        767411634.849594     
   7.55719251365363        537.255425359078        765754332.450075     
   7.68108091551681        540.746389082349        753709203.165209     
   7.80496931737998        535.390570512766        770053807.176495     
   7.92885771924315        538.215107102997        762811981.078228     
   8.05274612110633        533.639400820819        775442624.848963     
   8.17663452296950        542.015795685744        750408800.340196     
   8.30052292483268        539.732557219534        758807418.621629     
   8.42441132669585        540.361340880715        755366872.016456     
   8.54829972855902        537.538122861572        760728991.426421     
   8.67218813042220        536.206508801914        770662280.785375     
   8.79607653228537        528.540291882469        795557886.591314     
   8.91996493414855        538.556155303358        764439900.535450     
   9.04385333601172        531.890138872670        783433165.967880     
   9.16774173787490        540.140203302793        756355187.126994     
   9.29163013973807        538.772787947382        759841752.019357     
   9.41551854160124        538.700415943046        761182147.093275     
   9.53940694346442        535.217966548628        773100690.073683     
   9.66329534532759        535.193727203591        772405825.548756     
   9.78718374719077        540.397558505956        757956563.651054     
   9.91107214905394        541.501066097419        753616314.015153     
   10.0349605509171        540.977718693106        750719113.323910     
   10.1588489527803        530.225434347557        790062612.250541     
   10.2827373546435        538.795425927887        759377171.084064     
   10.4066257565066        539.785560242129        756147343.817324     
   10.5305141583698        541.240202306715        753381094.396986     
   10.6544025602330        532.362405148039        782704732.282265     
   10.7782909620962        534.876140043385        771081462.530982     
   10.9021793639593        539.679342430051        759303189.578014     
   11.0260677658225        543.793854920987        745121782.728624     
   11.1499561676857        542.781448653061        748521622.222622     
   11.2738445695489        539.294993926327        761984777.903752     
   11.3977329714120        541.318246101345        753539168.371150     
   11.5216213732752        536.032363241617        770828251.671637     
   11.6455097751384        536.714090660344        771606628.661376     
   11.7693981770016        529.453145451306        791192101.375244     
   11.8932865788647        541.990301092988        748580430.749714     
   12.0171749807279        527.028937034722        801901616.501261     
   12.1410633825911        535.929061027814        773291268.790657     
   12.2649517844543        534.844624164919        772249182.063676     
   12.3888401863174        537.638329554961        761184160.200544     
   12.5127285881806        534.857588059815        773673753.545004     
   12.6366169900438        535.861134637109        766794371.967448     
   12.7605053919069        537.392514368753        767420140.961251     
   12.8843937937701        547.239680002157        734865677.118589     
   13.0082821956333        536.453268834955        769024177.120577     
   13.1321705974965        536.418607714121        769098834.776621     
   13.2560589993596        533.097005034607        780450755.372458     
   13.3799474012228        540.477296168498        756295056.048294     
   13.5038358030860        542.023453943068        748413496.246266     
   13.6277242049492        540.478091409234        754629001.289086     
   13.7516126068123        536.698192183725        765166334.416448     
   13.8755010086755        541.346617931071        751375222.942287     
   13.9993894105387        534.460527147147        778715547.523349     
   14.1232778124019        530.451603319161        790055998.573279     
   14.2471662142650        537.468263394223        767381088.328333     
   14.3710546161282        540.110889181518        757686962.721555     
   14.4949430179914        531.029904388998        787258046.651365     
   14.6188314198546        536.895858590459        766351073.774268     
   14.7427198217177        540.737609928722        755000439.130618     
   14.8666082235809        536.785230424376        768122587.114659     
   14.9904966254441        537.325589762389        765560383.592311     
   15.1143850273073        534.821973249733        775909472.185447     
   15.2382734291704        534.728976639719        772256080.583735     
   15.3621618310336        534.487358893043        776883723.751624     
   15.4860502328968        544.972273058013        743344107.956986     
   15.6099386347600        540.516917700807        758031711.267662     
   15.7338270366231        532.189495736838        784960473.905571     
   15.8577154384863        541.542054074165        754526260.663144     
   15.9816038403495        535.704501580712        768837238.546190     
   16.1054922422127        541.907009183045        748280049.271504     
   16.2293806440758        540.520418119621        750971624.111663     
   16.3532690459390        531.476381428738        784048890.991867     
   16.4771574478022        540.537587779439        755480037.464105     
   16.6010458496654        539.768373397562        759852634.874325     
   16.7249342515285        537.949248350132        764078850.418963     
   16.8488226533917        543.489790873952        746205842.841205     
   16.9727110552549        537.579817521046        763331980.369860     
   17.0965994571180        543.890615167421        745999250.921654     
   17.2204878589812        537.192597311997        762120117.538606     
   17.3443762608444        543.127862590448        746084746.244125     
   17.4682646627076        543.036481510386        746884026.232046     
   17.5921530645707        543.798745835889        743616885.094345     
   17.7160414664339        538.937421258274        762635433.193963     
   17.8399298682971        542.415184499400        749797953.697286     
   17.9638182701603        532.827510071788        780955017.184530     
   18.0877066720234        546.003837014223        737689334.227596     
   18.2115950738866        535.756409327897        766982543.869824     
   18.3354834757498        538.484956952393        763873857.877913     
   18.4593718776130        540.914898945408        753421970.317953     
   18.5832602794761        538.444056865046        760246637.627600     
   18.7071486813393        540.986512684741        755897265.479339     
   18.8310370832025        536.719112215516        772764454.393016     
   18.9549254850657        537.263216590085        763167111.834822     
   19.0788138869288        531.334568521682        786039191.551112     
   19.2027022887920        547.890568362506        732603215.776424     
   19.3265906906552        528.655693110652        791270666.640346     
   19.4504790925184        543.531045405881        746846936.939905     
   19.5743674943815        534.343266835489        774833762.213851     
   19.6982558962447        539.693999251070        757457252.654102     
   19.8221442981079        534.681458624275        775784565.300067     
   19.9460326999711        540.712196187701        753742630.981928     
   20.0699211018342        541.192998936883        755509687.499382     
   20.1938095036974        532.858237902088        778878339.425561     
   20.3176979055606        547.208366153295        735529459.660587     
   20.4415863074238        529.914711797703        788399035.907815     
   20.5654747092869        539.359155095041        760212716.304156     
   20.6893631111501        537.261858704978        764489199.159601     
   20.8132515130133        539.771896451962        755382004.801672     
   20.9371399148765        534.227499574161        779180298.753655     
   21.0610283167396        541.553851910080        749952623.124361     
   21.1849167186028        535.338203586810        772689464.660400     
   21.3088051204660        542.042012991426        750433034.741371     
   21.4326935223291        539.623054439338        757203849.608106     
   21.5565819241923        533.294529100727        779615101.073016     
   21.6804703260555        539.657399469371        752871896.100797     
   21.8043587279187        529.481775170301        791933244.326921     
   21.9282471297818        539.546260606967        759434631.093104     
   22.0521355316450        539.932592897289        756064677.036997     
   22.1760239335082        531.904281901984        784186538.694285     
   22.2999123353714        531.786658700027        784948097.509611     
   22.4238007372345        540.684260475388        753997163.806403     
   22.5476891390977        538.466285389202        763894340.368253     
   22.6715775409609        535.554073654522        774606039.198636     
   22.7954659428241        536.425763246523        770040098.425886     
   22.9193543446872        540.369253948497        754994134.855942     
   23.0432427465504        538.948526705338        761950995.155277     
   23.1671311484136        539.760108895674        756237303.440588     
   23.2910195502768        534.642770269147        771434591.973379     
   23.4149079521399        538.860147680581        760678602.060222     
   23.5387963540031        529.181313787536        793601973.533898     
   23.6626847558663        537.396169457244        764686026.381690     
   23.7865731577295        542.590881943726        745238601.912096     
   23.9104615595926        542.085237432388        747436677.293510     
   24.0343499614558        535.556052862793        770288792.102431     
   24.1582383633190        537.864113951965        767266609.288651     
   24.2821267651822        534.814248539490        775667640.201610     
   24.4060151670453        530.866469626500        785571779.126250     
   24.5299035689085        535.099725256911        771436843.547739     
   24.6537919707717        530.165786503402        785985913.498953     
   24.7776803726349        534.141291880818        775850709.919150     
   24.9015687744980        538.315301703966        758472099.250157     
   25.0254571763612        539.875775502897        758526823.489904     
   25.1493455782244        537.186101463049        764229891.518934     
   25.2732339800876        536.621995567921        768274567.627783     
   25.3971223819507        532.953239990805        780536475.362368     
   25.5210107838139        536.685842527321        767142562.882447     
   25.6448991856771        541.082878730272        753915834.055374     
   25.7687875875402        536.560724620174        769786957.070793     
   25.8926759894034        543.177227627535        748185728.097535     
   26.0165643912666        535.243921671669        770582203.985205     
   26.1404527931298        534.690390139670        771585901.106029     
   26.2643411949929        545.900570692770        739290002.325638     
   26.3882295968561        539.678420182079        761170696.184837     
   26.5121179987193        531.326301414874        781971040.671087     
   26.6360064005825        546.519572202593        735092336.014106     
   26.7598948024456        539.500912974288        758262676.633206     
   26.8837832043088        539.972028176670        754094982.352453     
   27.0076716061720        529.876166987906        790601484.290057     
   27.1315600080352        541.506396083616        754244884.649582     
   27.2554484098983        532.386532116824        783311454.861585     
   27.3793368117615        532.405619749573        781630332.111333     
   27.5032252136247        540.536295288698        754709358.781858     
   27.6271136154879        546.381459413661        740462612.731695     
   27.7510020173510        543.343898380416        746126360.918046     
   27.8748904192142        542.714415822403        747323757.979329     
   27.9987788210774        535.861719415784        771196682.405151     
   28.1226672229406        539.123890195630        760771355.466880     
   28.2465556248037        545.709958687131        734494458.789461     
   28.3704440266669        542.320142893708        748039755.829483     
   28.4943324285301        533.899495997546        780426069.807782     
   28.6182208303933        535.900448626081        771372924.936570     
   28.7421092322564        529.871002633904        790313525.596078     
   28.8659976341196        538.823280091365        758328650.837506     
   28.9898860359828        536.512775617285        765203304.539941     
   29.1137744378460        536.738855963437        767206425.772276     
   29.2376628397091        536.862804805977        769761974.569365     
   29.3615512415723        539.483047760573        761740130.422082     
   29.4854396434355        540.835021436632        756201855.359483     
   29.6093280452987        537.370700684941        766121246.737897     
   29.7332164471618        539.674758537158        759228174.907777     
   29.8571048490250        541.085202249823        753560219.920705     
   29.9809932508882        541.418038078219        749030123.336311     
   30.1048816527513        538.968068776314        762799128.285992     
   30.2287700546145        537.460345866321        762583132.024423     
   30.3526584564777        541.921114975706        748649348.606603     
   30.4765468583409        531.412907192451        784389475.776346     
   30.6004352602040        541.239928339470        757631398.286957     
   30.7243236620672        544.809419036361        743281006.079079     
   30.8482120639304        536.785601903711        766030246.859366     
   30.9721004657936        545.085846827286        738234681.887490     
   31.0959888676567        536.329280821682        770616849.502036     
   31.2198772695199        539.995903089270        757743570.083450     
   31.3437656713831        534.949067490025        770998059.952266     
   31.4676540732463        534.928162304864        775415555.125805     
   31.5915424751094        538.976453317730        760698109.833352     
   31.7154308769726        539.833294434215        755757221.938922     
   31.8393192788358        542.314635138052        750022241.076494     
   31.9632076806990        544.597124805470        740455546.872561     
   32.0870960825621        538.448409089254        762438950.606558     
   32.2109844844253        548.315697642523        729829040.418038     
   32.3348728862885        538.980141037023        756365912.731308     
   32.4587612881517        536.659943134007        767087405.755926     
   32.5826496900148        535.595973018038        772432855.579571     
   32.7065380918780        542.619541641760        747872131.187089     
   32.8304264937412        530.667158909918        788695869.272456     
   32.9543148956044        536.304088840332        765567090.316034     
   33.0782032974675        537.191525800610        764075376.384694     
   33.2020916993307        537.416548123231        765806280.625780     
   33.3259801011939        540.726370038431        754146195.082780     
   33.4498685030571        537.328447934493        763749057.321501     
   33.5737569049202        528.035844768124        798457156.395167     
   33.6976453067834        545.426160694360        738813928.646213     
   33.8215337086466        536.345402225915        768739462.139711     
   33.9454221105098        540.769933282101        757782592.424114     
   34.0693105123729        541.510948091084        752634133.339618     
   34.1931989142361        537.081401402015        766194403.109118     
   34.3170873160993        543.805417777859        745110805.349462     
   34.4409757179624        535.846611195079        772196571.317805     
   34.5648641198256        530.616232072321        790133569.670775     
   34.6887525216888        536.813229855448        766526968.938234     
   34.8126409235520        538.897757049557        759563102.477531     
   34.9365293254151        539.884187954919        758688971.952810     
   35.0604177272783        531.140937559334        788167012.239494     
   35.1843061291415        534.809487167144        776200296.385315     
   35.3081945310047        535.371980177421        771123338.490955     
   35.4320829328678        529.700525305941        787339130.677147     
   35.5559713347310        535.342198895637        769959513.616480     
   35.6798597365942        537.606729384999        766603908.849943     
   35.8037481384574        535.816527321306        774131355.111385     
   35.9276365403205        547.310812307002        733538342.233185     
   36.0515249421837        540.325090194184        753979718.682135     
   36.1754133440469        535.087797364530        776788858.594617     
   36.2993017459101        536.605867940895        767823510.659954     
   36.4231901477732        540.915468675300        751440866.645404     
   36.5470785496364        537.822489704737        765015513.834840     
   36.6709669514996        543.706639071279        745604860.159252     
   36.7948553533628        542.144881217255        749137698.647000     
   36.9187437552259        540.354641065815        755190072.738801     
   37.0426321570891        537.404792687482        764191592.118241     
   37.1665205589523        545.438476423940        739438225.645888     
   37.2904089608155        531.054075513656        784827977.723296     
   37.4142973626786        539.994096148317        757977677.515814     
   37.5381857645418        540.632397245294        755641474.005932     
   37.6620741664050        530.464995988260        788811500.820175     
   37.7859625682682        537.991054514905        764206059.464758     
   37.9098509701313        539.430046447174        760121089.354188     
   38.0337393719945        533.611204487282        775204167.451711     
   38.1576277738577        539.826268805872        754549202.598331     
   38.2815161757209        530.180547022264        792289976.870884     
   38.4054045775840        540.811789542804        752062756.123980     
   38.5292929794472        539.824047231418        758283066.574345     
   38.6531813813104        530.225190893211        789601807.795006     
   38.7770697831735        537.799417240096        764467621.025382     
   38.9009581850367        538.357338518446        761875080.502367     
   39.0248465868999        535.624875014049        771812372.400366     
   39.1487349887631        542.582108867946        747694946.676385     
   39.2726233906262        536.697267865342        767065131.702492     
   39.3965117924894        540.221880062183        757908646.986947     
   39.5204001943526        534.071320288787        773338863.619209     
   39.6442885962158        537.461660965888        770003898.860390     
   39.7681769980789        535.994132170896        772785695.290380     
   39.8920653999421        538.289646216978        761579567.253452     
   40.0159538018053        534.365148407276        775960537.370760     
   40.1398422036685        530.684319599672        787353536.748660     
   40.2637306055316        535.908178131287        766806750.178296     
   40.3876190073948        538.842557133635        761475895.096015     
   40.5115074092580        540.629419883922        758474775.878240     
   40.6353958111212        530.669130393507        788035572.687053     
   40.7592842129843        533.618954404879        776235626.698955     
   40.8831726148475        541.887224365665        747593356.835959     
   41.0070610167107        536.261972654196        768993412.490313     
   41.1309494185739        541.176023069564        754876865.873043     
   41.2548378204370        545.012206541553        741998313.499413     
   41.3787262223002        530.560571821924        785771489.062080     
   41.5026146241634        547.039527083848        732236643.734864     
   41.6265030260266        534.820608471276        775509336.450827     
   41.7503914278897        536.289920939591        767965815.811051     
   41.8742798297529        541.376212041404        753811509.053487     
   41.9981682316161        545.139488608934        737922220.512166     
   42.1220566334793        542.526937165609        750579546.924757     
   42.2459450353424        532.874571647377        781232904.442883     
   42.3698334372056        536.918487919164        767528220.738721     
   42.4937218390688        540.226298982546        755140030.431570     
   42.6176102409319        535.947618459039        769691435.747415     
   42.7414986427951        533.823092718810        778354864.108305     
   42.8653870446583        545.325891590059        741919821.035579     
   42.9892754465215        542.686008479065        744696499.373458     
   43.1131638483847        537.697847779406        765925703.240583     
   43.2370522502478        542.515315364022        750604492.291897     
   43.3609406521110        542.540936968385        746354264.712785     
   43.4848290539742        539.059498706902        761774610.467270     
   43.6087174558373        538.007365918288        763572159.797253     
   43.7326058577005        537.778071144279        763247458.184082     
   43.8564942595637        531.039984823258        788629910.332190     
   43.9803826614269        545.691512584633        740448548.518937     
   44.1042710632900        536.675386854631        766430355.874256     
   44.2281594651532        535.975224005178        771481083.689374     
   44.3520478670164        536.753981443934        770587219.232941     
   44.4759362688796        543.808139547158        744777328.269921     
   44.5998246707427        541.287378082951        751142594.575719     
   44.7237130726059        538.776978230012        759713493.297929     
   44.8476014744691        533.748271177567        777744513.745355     
   44.9714898763323        529.875487558287        793241709.468574     
   45.0953782781954        535.275384393007        773165807.416800     
   45.2192666800586        545.016104061847        740088007.622459     
   45.3431550819218        537.941075537631        763490141.249066     
   45.4670434837850        539.306202564361        758946319.360189     
   45.5909318856481        535.015377669120        773526050.241839     
   45.7148202875113        536.598581077664        769564726.790347     
   45.8387086893745        540.157872384138        753525460.963986     
   45.9625970912377        536.220937712740        770109695.492792     
   46.0864854931008        544.155125274784        741260445.528140     
   46.2103738949640        536.112125061976        769834928.266268     
   46.3342622968272        540.805482208918        753735554.064142     
   46.4581506986904        547.049792919237        734342686.438381     
   46.5820391005535        544.162747185352        742751945.503060     
   46.7059275024167        533.372452095059        778249081.114423     
   46.8298159042799        531.292554141672        789778666.485321     
   46.9537043061430        532.914138932350        777773347.966035     
   47.0775927080062        537.393382030588        766852652.590815     
   47.2014811098694        539.883691754732        758910257.672163     
   47.3253695117326        530.216688163314        791996039.515070     
   47.4492579135958        536.392771774193        765967911.545558     
   47.5731463154589        536.289536942163        767399175.143260     
   47.6970347173221        540.012503346442        758405717.610570     
   47.8209231191853        530.481063021386        789462714.093351     
   47.9448115210484        540.270366273534        754899191.852848     
   48.0686999229116        542.510661593586        747501470.845466     
   48.1925883247748        531.966504940781        782491426.490632     
   48.3164767266380        540.730802719496        755763049.182596     
   48.4403651285011        541.258721877517        752211057.560207     
   48.5642535303643        543.341445228270        742586431.437704     
   48.6881419322275        541.461991104253        752522559.575830     
   48.8120303340907        547.547838147457        731008710.064565     
   48.9359187359538        541.975145605648        751381994.171793     
   49.0598071378170        539.929444553802        758677821.179224     
   49.1836955396802        540.561255730055        754516404.358749     
   49.3075839415434        544.677960804491        743543647.702464     
   49.4314723434065        538.374441967961        762486238.855312     
   49.5553607452697        541.619538296694        752226048.950079     
   49.6792491471329        540.784680074810        754980495.406645     
   49.8031375489961        533.295331236001        779922499.701399     
   49.9270259508592        540.788281792836        756743099.333432     
   50.0509143527224        536.996203603532        769058280.529277     
   50.1748027545856        537.322394633284        767066324.482254     
   50.2986911564488        537.403760106170        766619518.879606     
   50.4225795583119        545.307472359336        737983419.810395     
   50.5464679601751        529.012920668039        795619554.173969     
   50.6703563620383        536.277756968374        769647850.988316     
   50.7942447639015        536.858173802843        766980523.292204     
   50.9181331657646        536.265593528547        767735462.102176     
   51.0420215676278        529.569973935147        789217835.640463     
   51.1659099694910        543.024774291723        747426242.751167     
   51.2897983713541        534.678461405552        774207082.846743     
   51.4136867732173        529.039851338856        791028437.707261     
   51.5375751750805        529.975162426205        788267096.941736     
   51.6614635769437        532.071495570372        778765733.078665     
   51.7853519788069        534.049514656822        776267813.613087     
   51.9092403806700        532.049744369012        778116246.850768     
   52.0331287825332        534.290205103859        775523926.492766     
   52.1570171843964        531.709144052510        783183261.788665     
   52.2809055862595        539.150831275397        761482806.861707     
   52.4047939881227        542.164544238307        749695143.468708     
   52.5286823899859        539.459186813489        759944400.025104     
   52.6525707918491        538.258302472522        762574479.188205     
   52.7764591937122        540.025834704858        757274999.021869     
   52.9003475955754        535.616086317051        774272871.659017     
   53.0242359974386        531.077188158562        786016741.227189     
   53.1481243993018        540.469797009581        754591510.361606     
   53.2720128011649        535.478324915508        772657543.659415     
   53.3959012030281        533.170700656062        778937934.332259     
   53.5197896048913        537.290081751728        769694526.737328     
   53.6436780067545        541.744861781990        751832476.194032     
   53.7675664086176        533.402706590664        778049603.384466     
   53.8914548104808        540.036785657188        757981196.026894     
   54.0153432123440        538.941204788941        760217837.103407     
   54.1392316142072        538.428209190438        764904374.367045     
   54.2631200160703        538.014080917276        764109813.853080     
   54.3870084179335        540.621111077745        753701162.542826     
   54.5108968197967        534.266781012864        774016373.987352     
   54.6347852216599        536.527557942612        769465095.948135     
   54.7586736235230        530.268503380453        789882904.316686     
   54.8825620253862        537.091122778453        768004176.964587     
   55.0064504272494        544.065906707510        742744301.840200     
   55.1303388291126        537.575918449812        767335854.531426     
   55.2542272309757        535.124106336930        774338227.169117     
   55.3781156328389        537.431898601131        766441450.308148     
   55.5020040347021        537.791389559828        764221258.973910     
   55.6258924365652        531.692241481034        783949932.354051     
   55.7497808384284        544.098629953088        744178259.702461     
   55.8736692402916        538.129054485143        763739852.529403     
   55.9975576421548        529.378296066957        790801134.429293     
   56.1214460440180        534.367558271162        773490169.107343     
   56.2453344458811        541.512699646446        754547146.193752     
   56.3692228477443        531.256077681117        783722728.799149     
   56.4931112496075        534.476393842011        778321196.413296     
   56.6169996514706        534.128632585721        775304666.479227     
   56.7408880533338        539.832935504208        756841892.825611     
   56.8647764551970        536.358025409423        770828641.640194     
   56.9886648570602        533.950047529823        775673268.117990     
   57.1125532589233        535.574534409852        770280524.882440     
   57.2364416607865        540.603902206093        756763210.371568     
   57.3603300626497        538.860319245287        760751604.805742     
   57.4842184645129        541.914891457406        749982379.232103     
   57.6081068663760        538.081558146411        767695281.758039     
   57.7319952682392        537.675712715311        761012071.437950     
   57.8558836701024        536.963003893979        766597013.451046     
   57.9797720719656        534.108319380611        775990151.751913     
   58.1036604738287        539.199198081968        759864116.707306     
   58.2275488756919        536.950739039971        768835328.546504     
   58.3514372775551        541.085347918036        752709966.986463     
   58.4753256794183        538.576722298970        762244473.157177     
   58.5992140812814        538.085678103844        761529305.062187     
   58.7231024831446        539.892308705000        757527340.230577     
   58.8469908850078        532.111131636008        782730857.379321     
   58.9708792868710        546.417316193319        736081396.196124     
   59.0947676887341        544.966332589490        740997134.198853     
   59.2186560905973        528.956135526640        792913475.294566     
   59.3425444924605        541.591373047763        755520414.198063     
   59.4664328943236        537.908025721208        764692047.522859     
   59.5903212961868        539.395493170348        761091698.258757     
   59.7142096980500        535.111956482411        773237635.589360     
   59.8380980999132        542.517947949970        750513225.965453     
   59.9619865017763        534.798245821775        775461242.509167     
   60.0858749036395        538.621294540410        762723223.881831     
   60.2097633055027        549.899332235671        721648188.531097     
   60.3336517073659        537.469080448519        765749344.209517     
   60.4575401092291        541.540161773766        752175170.564496     
   60.5814285110922        535.141027998841        772860074.116272     
   60.7053169129554        532.701972509137        778269463.159831     
   60.8292053148186        537.637387466193        763936186.599098     
   60.9530937166817        535.402693331864        773832345.692352     
   61.0769821185449        538.549686844514        763711352.013216     
   61.2008705204081        540.713286320947        754262697.174848     
   61.3247589222713        540.659688055188        754824405.696642     
   61.4486473241344        541.582707484462        751071585.405832     
   61.5725357259976        539.697038634071        760351301.620305     
   61.6964241278608        545.384027222068        742745679.040700     
   61.8203125297240        529.348325492116        793606490.368738     
   61.9442009315871        537.409555970206        764369267.691377     
   62.0680893334503        541.949348131227        747979518.498481     
   62.1919777353135        539.008573172488        760576446.287518     
   62.3158661371767        537.784245508302        763219549.170329     
   62.4397545390398        543.347571597865        749374620.983359     
   62.5636429409030        539.508265543350        757665194.709406     
   62.6875313427662        534.049489908524        774099457.335784     
   62.8114197446294        533.493201242483        778417011.346685     
   62.9353081464925        546.549258080564        735697325.479878     
   63.0591965483557        538.829633344711        761974727.670688     
   63.1830849502189        543.585542014084        746807696.282463     
   63.3069733520821        534.380796371829        773962860.043828     
   63.4308617539452        538.989622451066        760519022.549100     
   63.5547501558084        549.818255671416        722547461.460378     
   63.6786385576716        541.088869598010        753903659.467701     
   63.8025269595347        536.157892401753        768550280.714487     
   63.9264153613979        537.995979907035        765902693.906978     
   64.0503037632611        540.369872000174        753189715.813308     
   64.1741921651243        535.762662108429        770543035.344902     
   64.2980805669874        538.817635244745        762322087.235063     
   64.4219689688506        538.235722507075        766157153.871512     
   64.5458573707138        534.483470489203        778371437.973756     
   64.6697457725770        533.042617873374        780697455.220538     
   64.7936341744401        537.486734128222        764655563.337165     
   64.9175225763033        540.857877900567        751868176.348945     
   65.0414109781665        538.025569578978        763844898.447906     
   65.1652993800297        543.798537227879        744196929.197243     
   65.2891877818928        544.529922857754        742922371.250692     
   65.4130761837560        535.564922021910        772404959.752835     
   65.5369645856192        541.663233003753        750223320.101066     
   65.6608529874824        535.171915065209        778808267.122284     
   65.7847413893455        538.383809804388        760057620.516800     
   65.9086297912087        529.393413545934        796348574.215544     
   66.0325181930719        538.822401017010        763116809.937835     
   66.1564065949351        537.042948951994        764938285.842796     
   66.2802949967982        523.846673097107        810949904.580140     
   66.4041833986614        541.912430830632        753772057.814729     
   66.5280718005246        536.124104174497        771531394.965496     
   66.6519602023878        536.982269557477        766181071.490470     
   66.7758486042509        539.855724993860        756760736.006010     
   66.8997370061141        528.611561925234        795149551.838821     
   67.0236254079773        535.851275479974        766839472.200605     
   67.1475138098405        536.247359658630        770571128.681940     
   67.2714022117036        541.910679707927        753763194.315644     
   67.3952906135668        540.784914224478        753637371.720916     
   67.5191790154300        526.060817249002        802421411.960710     
   67.6430674172932        537.979762044436        765547046.784843     
   67.7669558191563        542.543839674270        754012800.239812     
   67.8908442210195        541.070017460217        752216252.050422     
   68.0147326228827        537.377867570176        764244729.261629     
   68.1386210247458        535.069559904526        773364400.848567     
   68.2625094266090        536.770666092916        768625192.557373     
   68.3863978284722        550.557439495453        723188014.564328     
   68.5102862303354        542.048232531495        749151858.677359     
   68.6341746321985        537.620998330139        763662600.353962     
   68.7580630340617        531.272728997573        784715377.333743     
   68.8819514359249        540.127637944012        760518511.491059     
   69.0058398377881        537.589189333565        765281101.587556     
   69.1297282396512        535.774008693440        772843719.686994     
   69.2536166415144        539.528223013701        759145084.412864     
   69.3775050433776        538.137472994006        764758963.130157     
   69.5013934452408        544.478461648968        741838410.895314     
   69.6252818471039        534.914643630933        776716477.455260     
   69.7491702489671        541.902355812855        751530414.351187     
   69.8730586508303        539.775365836261        755725889.041692     
   69.9969470526935        533.485441417587        778254031.956929     
   70.1208354545566        533.476136168070        779218814.482205     
   70.2447238564198        534.836993406314        775266789.571341     
   70.3686122582830        541.120158766483        753058954.785628     
   70.4925006601462        542.368103581235        751260541.604303     
   70.6163890620093        542.494811702469        745710830.430484     
   70.7402774638725        542.044374232761        752382913.798358     
   70.8641658657357        544.978319742825        742285987.678794     
   70.9880542675989        542.447445286573        747152959.323116     
   71.1119426694620        537.985832974720        762087969.064355     
   71.2358310713252        539.586211036972        758950703.919411     
   71.3597194731884        536.901499068430        768425841.885146     
   71.4836078750516        533.507053036383        778425119.206166     
   71.6074962769147        539.340012921803        757812618.342018     
   71.7313846787779        535.736792621612        768869239.792301     
   71.8552730806411        539.045657266363        761778355.932435     
   71.9791614825043        541.868758969111        752518356.390762     
   72.1030498843674        543.094732452109        745471725.355124     
   72.2269382862306        540.749539871965        755196004.797907     
   72.3508266880938        541.035875654754        751298248.274297     
   72.4747150899569        545.242316738949        741806514.146445     
   72.5986034918201        541.250256280025        751611087.709097     
   72.7224918936833        545.022497843080        738785869.375450     
   72.8463802955465        534.889047724258        775049162.315190     
   72.9702686974096        540.216286386393        759041010.774487     
   73.0941570992728        538.686677078724        760768570.530724     
   73.2180455011360        542.490837360845        747311197.546252     
   73.3419339029992        536.100544653440        770414659.725396     
   73.4658223048623        534.693028883992        777118802.954732     
   73.5897107067255        550.325987477044        721864619.062811     
   73.7135991085887        528.201926764732        793245802.343746     
   73.8374875104519        533.776841059200        779302515.559324     
   73.9613759123150        536.516140667249        768488477.770426     
   74.0852643141782        542.656477387558        746884213.359242     
   74.2091527160414        536.376460225505        768813764.664953     
   74.3330411179046        534.477037915131        775953080.397090     
   74.4569295197677        537.816411168588        763226800.658942     
   74.5808179216309        533.618867839626        778101713.997493     
   74.7047063234941        540.710317262613        754292113.764649     
   74.8285947253573        544.903824883607        739838396.648002     
   74.9524831272204        538.405240836355        764197340.478086     
   75.0763715290836        538.363318130414        767991472.380883     
   75.2002599309468        535.765406332399        771711395.184227     
   75.3241483328100        536.396357811767        768702374.107098     
   75.4480367346731        536.998811075748        763631264.981130     
   75.5719251365363        542.587795225055        748108245.186258     
   75.6958135383995        546.780433717185        736304873.428271     
   75.8197019402627        533.230723692583        778959421.164474     
   75.9435903421258        534.272386638030        777129998.043656     
   76.0674787439890        542.768536919258        745816758.926335     
   76.1913671458522        542.149477527400        748381543.736925     
   76.3152555477154        544.221741179083        744422351.108233     
   76.4391439495785        537.494717080510        765829396.002287     
   76.5630323514417        542.867456603607        747621385.784401     
   76.6869207533049        532.341881476695        776482850.677538     
   76.8108091551680        537.102583806090        767337073.647270     
   76.9346975570312        543.326085360604        745918115.592020     
   77.0585859588944        544.377801445026        740338849.374843     
   77.1824743607576        533.836626995114        777489641.012753     
   77.3063627626207        537.619934550698        764807914.061778     
   77.4302511644839        535.679002094620        772140437.892933     
   77.5541395663471        528.863709173722        787926510.653274     
   77.6780279682103        541.013603872931        746389484.837018     
   77.8019163700734        544.471601902495        743704927.934185     
   77.9258047719366        537.167097214339        766069206.764844     
   78.0496931737998        532.395806099405        782337271.843893     
   78.1735815756630        530.793741067525        785221209.402664     
   78.2974699775261        540.989518724538        752186968.613760     
   78.4213583793893        541.185647291430        752569177.848309     
   78.5452467812525        539.798457951091        756177270.291840     
   78.6691351831157        536.134594709574        769958297.261767     
   78.7930235849788        529.204544641070        791474026.146333     
   78.9169119868420        534.488578831416        771661996.772650     
   79.0408003887052        521.757011999374        817777929.420770     
   79.1646887905684        541.449030725074        753431358.278602     
   79.2885771924315        539.834519552302        758433535.853273     
   79.4124655942947        534.639241608234        775121617.518590     
   79.5363539961579        538.562156723088        766744430.369326     
   79.6602423980211        536.509729155983        769537249.610932     
   79.7841307998842        543.113564300075        746566249.266529     
   79.9080192017474        542.269599289936        750091646.072819     
   80.0319076036106        532.824488530211        780413989.235188     
   80.1557960054738        537.336791090248        763813217.283672     
   80.2796844073369        533.363823638487        778521450.812864     
   80.4035728092001        539.387213709846        758349087.875004     
   80.5274612110633        544.610188499301        742369757.516325     
   80.6513496129264        544.865947922297        738019190.821460     
   80.7752380147896        532.742166063152        779246827.267946     
   80.8991264166528        546.793023492266        735923809.278896     
   81.0230148185160        541.137854490679        754366924.978936     
   81.1469032203791        535.817845045665        773173507.531499     
   81.2707916222423        539.071623603005        762131256.121131     
   81.3946800241055        539.579052834036        758304288.408605     
   81.5185684259687        534.751963833736        773627983.744700     
   81.6424568278319        538.462927803743        760253824.094437     
   81.7663452296950        538.268468471542        764479928.707982     
   81.8902336315582        540.483894597757        758436753.604393     
   82.0141220334214        533.198537771028        776514529.902100     
   82.1380104352845        540.866880720107        752037665.529194     
   82.2618988371477        541.366951171286        752744801.907878     
   82.3857872390109        538.343929608805        757888418.754194     
   82.5096756408741        538.097774758340        761843134.998255     
   82.6335640427372        541.295720005180        752595736.142374     
   82.7574524446004        535.749467189200        772733407.372576     
   82.8813408464636        536.922109293482        767034101.110450     
   83.0052292483268        540.145597784653        756828918.229282     
   83.1291176501899        538.500923609482        762995913.150661     
   83.2530060520531        546.014934343011        736474345.331224     
   83.3768944539163        540.969857062144        755288677.455198     
   83.5007828557795        536.030516759133        770072534.373844     
   83.6246712576426        536.356678313488        769879210.245917     
   83.7485596595058        540.412621289177        754193473.597311     
   83.8724480613690        531.097277795324        786694284.496158     
   83.9963364632322        535.885729332101        771944386.244808     
   84.1202248650953        536.081759102770        768211545.123800     
   84.2441132669585        534.295760039860        776138231.978068     
   84.3680016688217        530.545474483601        789149590.052195     
   84.4918900706849        531.812011983262        784855906.757298     
   84.6157784725480        539.146656572943        760782962.959402     
   84.7396668744112        539.920087355068        762814643.053726     
   84.8635552762744        535.623917370733        772801995.033518     
   84.9874436781376        538.726214681639        760975818.851957     
   85.1113320800007        537.247054953265        765177075.746799     
   85.2352204818639        531.223275307646        787707682.339850     
   85.3591088837271        543.353096080173        745819129.191815     
   85.4829972855902        535.458026162160        772214034.099389     
   85.6068856874534        543.613435170502        743897487.614503     
   85.7307740893166        538.499582757816        762416582.882459     
   85.8546624911798        533.163489214544        779884307.550953     
   85.9785508930430        539.577481150525        758455480.793155     
   86.1024392949061        540.657596615866        752938646.352848     
   86.2263276967693        540.005990330009        757980130.423094     
   86.3502160986325        542.815914963386        750313727.144279     
   86.4741045004956        536.767060505499        766533277.221158     
   86.5979929023588        536.285872680150        771541814.839210     
   86.7218813042220        537.872481233632        759612256.561756     
   86.8457697060852        533.115408019697        775420838.748586     
   86.9696581079483        535.776321154781        772206645.458553     
   87.0935465098115        541.236729432393        753327485.399284     
   87.2174349116747        540.122042143533        753081714.585023     
   87.3413233135379        537.142725207133        767499700.356029     
   87.4652117154010        538.469408413696        763302418.884079     
   87.5891001172642        541.878074839577        751814264.853709     
   87.7129885191274        532.455639224633        782235192.025868     
   87.8368769209906        537.596669489151        765166541.717799     
   87.9607653228537        532.234605887916        783335065.282136     
   88.0846537247169        537.574623154328        764708185.395964     
   88.2085421265801        541.607280309741        752562660.612988     
   88.3324305284433        540.376961339267        754528562.028865     
   88.4563189303064        537.724526135772        763400118.654568     
   88.5802073321696        538.764213632388        761098223.955163     
   88.7040957340328        536.160553079116        769690801.798620     
   88.8279841358960        538.295083830311        762435566.003397     
   88.9518725377591        539.645465751211        755922984.434392     
   89.0757609396223        533.151080007837        777354711.491908     
   89.1996493414855        534.290983479757        773880387.975179     
   89.3235377433487        541.713609329231        752069509.968160     
   89.4474261452118        542.742931063457        746477552.137140     
   89.5713145470750        542.168406698759        748205262.013470     
   89.6952029489382        537.568553814213        766513326.062355     
   89.8190913508013        544.615236716704        744834872.408306     
   89.9429797526645        541.842984200440        750947119.901579     
   90.0668681545277        533.866078062291        778783802.978338     
   90.1907565563909        539.110447457789        757998048.803809     
   90.3146449582540        532.772688714589        780074163.257430     
   90.4385333601172        540.074378508492        757110499.857614     
   90.5624217619804        529.386549313860        792028824.195157     
   90.6863101638436        542.043046955867        750236644.669322     
   90.8101985657067        531.860606654233        785394642.299277     
   90.9340869675699        534.077649620517        777491280.593572     
   91.0579753694331        541.195987540448        750446701.508207     
   91.1818637712963        541.153785359344        754450588.765186     
   91.3057521731594        539.714284457190        756534303.136972     
   91.4296405750226        538.786565114748        763697424.020197     
   91.5535289768858        545.070526934496        737745233.575144     
   91.6774173787490        534.392848015643        778323667.210207     
   91.8013057806121        538.860571359340        761064216.766846     
   91.9251941824753        536.799840656859        767020363.730502     
   92.0490825843385        543.579374955588        745459930.936264     
   92.1729709862017        538.323663782867        761478575.210129     
   92.2968593880648        531.481084404672        789912838.657547     
   92.4207477899280        537.654815399396        762661271.662277     
   92.5446361917912        535.806269950449        770317188.687451     
   92.6685245936544        540.008593312283        755905272.371415     
   92.7924129955175        536.019880856115        772545927.858712     
   92.9163013973807        542.043661968871        748319608.395869     
   93.0401897992439        550.582829220584        723200023.975713     
   93.1640782011071        541.037629630077        752090336.729678     
   93.2879666029702        541.832919800979        751886058.620562     
   93.4118550048334        536.000035538905        770179129.265055     
   93.5357434066966        539.375082047486        759661419.434275     
   93.6596318085598        540.066257833462        758749285.907474     
   93.7835202104229        536.416855037822        770801932.521618     
   93.9074086122861        548.387874802729        730256127.473720     
   94.0312970141493        535.958626375472        769731552.482086     
   94.1551854160124        536.226287122789        766104416.152876     
   94.2790738178756        536.601880776983        768564201.043436     
   94.4029622197388        540.281389122631        754993798.544070     
   94.5268506216020        542.771869014017        743890571.406409     
   94.6507390234651        537.245214939805        765182911.328905     
   94.7746274253283        537.592444948353        762840670.059440     
   94.8985158271915        533.548658366852        780285005.911068     
   95.0224042290547        545.364768397279        739919067.721617     
   95.1462926309178        544.580606950045        741670001.703269     
   95.2701810327810        537.862207458787        760794214.614719     
   95.3940694346442        539.388721831266        756793435.508229     
   95.5179578365074        535.432710602221        773059428.015559     
   95.6418462383705        536.647833907756        769026876.974233     
   95.7657346402337        536.046790580114        774254796.732154     
   95.8896230420969        540.507948583286        755990496.778864     
   96.0135114439601        534.307544487985        776080883.641212     
   96.1373998458232        535.856855222532        770130622.107026     
   96.2612882476864        550.779894394066        723036857.919819     
   96.3851766495496        534.358588922505        774554888.224512     
   96.5090650514128        543.757107891351        749065119.477365     
   96.6329534532759        533.624660892346        777006712.838840     
   96.7568418551391        542.205861455802        748852350.639418     
   96.8807302570023        536.239339754135        769585403.403624     
   97.0046186588655        533.038236613244        777045192.180240     
   97.1285070607286        538.350769307014        758239935.257986     
   97.2523954625918        535.860661661540        769449620.357405     
   97.3762838644550        538.018987507750        763680250.708173     
   97.5001722663182        539.819504962251        759765208.901519     
   97.6240606681813        538.803127490580        761484858.743732     
   97.7479490700445        545.067085242268        739843990.641465     
   97.8718374719077        546.060698612691        736888910.764320     
   97.9957258737709        537.143015911086        766655588.906440     
   98.1196142756340        541.439274748832        751653107.375934     
   98.2435026774972        537.976150151419        759833737.652830     
   98.3673910793604        538.996490095819        762329734.305509     
   98.4912794812235        532.627315108757        781050701.563243     
   98.6151678830867        539.338705800753        760020294.317118     
   98.7390562849499        541.013518867139        754754364.603997     
   98.8629446868131        528.811806749996        792970257.329500     
   98.9868330886762        532.980598402050        778712369.038382     
   99.1107214905394        536.075453450596        768394436.816007     
   99.2346098924026        539.257274108135        760078825.188655     
   99.3584982942658        541.916689015844        750407054.167416     
   99.4823866961289        538.107011034325        761872514.914436     
   99.6062750979921        533.890164549762        776570106.193488     
   99.7301634998553        536.962524082517        766706173.923983     
   99.8540519017185        537.061314826925        769250093.507703     
   99.9779403035816        536.454975496618        765775876.804755     
   100.101828705445        539.729942564847        761842389.965036     
   100.225717107308        536.568221270656        768424270.858567     
   100.349605509171        537.243095537786        764440146.570097     
   100.473493911034        535.051601562175        771779404.319072     
   100.597382312898        541.354103183485        754561114.786369     
   100.721270714761        544.551059749256        742254538.946357     
   100.845159116624        539.864835704156        756925608.080438     
   100.969047518487        533.671271376305        777455340.910415     
   101.092935920350        541.732559127671        751441252.674643     
   101.216824322213        534.239541138050        774487622.078546     
   101.340712724077        533.378813160657        779273768.125997     
   101.464601125940        539.828673578572        758680894.133679     
   101.588489527803        532.731330361493        777022371.192455     
   101.712377929666        538.809697305050        761490972.182256     
   101.836266331529        534.953970305558        771049205.751888     
   101.960154733392        545.195782936999        742034381.739215     
   102.084043135256        530.021704690393        790849354.998820     
   102.207931537119        534.988535176542        776525635.819918     
   102.331819938982        542.350221920625        750568439.681923     
   102.455708340845        529.597850581544        790782734.771883     
   102.579596742708        539.844008509365        758576502.881305     
   102.703485144571        534.992739283804        771882224.063572     
   102.827373546435        541.162431423405        753113684.176190     
   102.951261948298        539.264808797241        758778718.520882     
   103.075150350161        545.955898277521        740166355.397433     
   103.199038752024        532.469324326720        783348154.240867     
   103.322927153887        533.532105867273        776648234.745999     
   103.446815555751        536.881339033142        766352600.908738     
   103.570703957614        542.798417627254        747441879.287816     
   103.694592359477        534.221230800651        773235446.424266     
   103.818480761340        537.021512061577        763923894.248000     
   103.942369163203        541.281058830334        754281399.961913     
   104.066257565066        540.368900619070        756316369.737521     
   104.190145966930        535.758706082014        771931235.027583     
   104.314034368793        534.963352036107        771125169.747303     
   104.437922770656        544.441274243324        741900861.473566     
   104.561811172519        541.973353927047        749594865.628157     
   104.685699574382        538.611894779620        758140114.021826     
   104.809587976245        535.654502744085        768389267.867122     
   104.933476378109        537.760679421782        764438175.770044     
   105.057364779972        538.156555741994        760745513.473103     
   105.181253181835        541.484047802424        752919000.171405     
   105.305141583698        541.239667221008        753643084.531557     
   105.429029985561        540.324722033175        756284812.837150     
   105.552918387424        536.423848692773        767580253.101742     
   105.676806789288        533.554522109774        776156439.512243     
   105.800695191151        532.621872648002        781247829.218080     
   105.924583593014        534.562929622081        777095379.859154     
   106.048471994877        534.978796660475        773168570.425756     
   106.172360396740        545.303994831611        742538045.318595     
   106.296248798604        535.448124718795        772120686.585430     
   106.420137200467        535.817862713407        773334249.666707     
   106.544025602330        535.211542649358        769883256.282327     
   106.667914004193        536.777454972020        770523361.333517     
   106.791802406056        543.086309742334        745761274.497723     
   106.915690807919        536.596774001408        766266165.323598     
   107.039579209783        537.601563093424        766199136.220056     
   107.163467611646        539.356182981969        759630107.388192     
   107.287356013509        543.074077136002        748523192.610140     
   107.411244415372        533.339992840987        777565551.052130     
   107.535132817235        534.663564727067        775278647.977333     
   107.659021219098        537.018424253392        768149467.123054     
   107.782909620962        533.091975629960        781954991.755543     
   107.906798022825        542.495562596787        750293757.376364     
   108.030686424688        537.533743502652        765991841.675770     
   108.154574826551        544.604642590181        745450892.150226     
   108.278463228414        541.753243269485        753874831.593582     
   108.402351630277        538.497626391140        763615748.177215     
   108.526240032141        534.970902895065        775132248.527711     
   108.650128434004        535.452089657956        769072254.498132     
   108.774016835867        535.880660487955        769351688.561216     
   108.897905237730        534.737132484232        773945110.489641     
   109.021793639593        535.958916113173        766894375.353819     
   109.145682041457        536.599552729853        770555226.242363     
   109.269570443320        538.312532389269        760843760.267569     
   109.393458845183        531.496409561907        783977193.925825     
   109.517347247046        537.644221856482        764730997.607723     
   109.641235648909        537.731117948834        765275059.140742     
   109.765124050772        543.566854454060        742893480.821063     
   109.889012452636        533.920269296027        777390913.611139     
   110.012900854499        539.314545549662        757128462.461336     
   110.136789256362        536.133917555588        770826221.853767     
   110.260677658225        537.091560929087        765701825.343399     
   110.384566060088        538.741215920337        764149990.381215     
   110.508454461951        545.689514703549        737863867.371912     
   110.632342863815        537.351778079274        765456553.004566     
   110.756231265678        537.607541701330        764172057.490293     
   110.880119667541        543.261825105878        744423310.747167     
   111.004008069404        539.727900564495        758158654.225969     
   111.127896471267        535.076102525859        773780220.476361     
   111.251784873130        548.670890288964        727929538.529853     
   111.375673274994        533.484247454134        778118990.815229     
   111.499561676857        537.009485176548        769956741.282766     
   111.623450078720        538.910212961388        761423935.649593     
   111.747338480583        541.781955889393        746945877.549850     
   111.871226882446        536.550824380355        766301985.487437     
   111.995115284310        541.206835813432        752596538.614240     
   112.119003686173        545.297259883928        740665990.619810     
   112.242892088036        532.644455252752        780455359.792252     
   112.366780489899        543.378648649787        742875614.673642     
   112.490668891762        537.933886391089        765349815.864139     
   112.614557293625        530.132407773931        789239809.636550     
   112.738445695489        544.039544090898        744507221.565758     
   112.862334097352        537.326161618246        765833876.563420     
   112.986222499215        543.587573883646        745216764.847107     
   113.110110901078        538.026650312065        766301607.173346     
   113.233999302941        534.426059073394        771974166.358600     
   113.357887704804        539.029182177961        762204989.476530     
   113.481776106668        539.377063371871        756376307.176089     
   113.605664508531        538.820402101542        759845915.294213     
   113.729552910394        535.739203234626        772659485.034205     
   113.853441312257        544.813782100295        739533631.383704     
   113.977329714120        543.283862695549        747289726.257527     
   114.101218115984        541.106600090313        749276159.815086     
   114.225106517847        539.513121570775        757247098.701128     
   114.348994919710        531.941686128253        784185608.145781     
   114.472883321573        542.389703292656        750452411.897481     
   114.596771723436        537.289287826473        765383383.916176     
   114.720660125299        531.973626931130        783925345.744213     
   114.844548527163        535.638259122579        775533481.548390     
   114.968436929026        534.888535530381        773673920.617591     
   115.092325330889        540.192010094749        757330816.846129     
   115.216213732752        534.170447412135        776262454.575020     
   115.340102134615        537.419407238759        765256283.602092     
   115.463990536478        536.799493005563        764087433.505543     
   115.587878938342        533.371999174387        778036845.906282     
   115.711767340205        547.213053526464        732583502.342096     
   115.835655742068        538.937104978974        755999791.055179     
   115.959544143931        539.340255221740        760089177.385597     
   116.083432545794        537.300567930941        765420702.920157     
   116.207320947657        531.413407082384        780149271.595758     
   116.331209349521        534.466548727624        776638500.405658     
   116.455097751384        542.297150532116        749960208.642351     
   116.578986153247        536.368987004983        765237617.964629     
   116.702874555110        537.899501238822        761777632.862422     
   116.826762956973        529.790515542834        789924166.736162     
   116.950651358837        544.648828264624        740148412.848896     
   117.074539760700        533.218928864697        782242904.593501     
   117.198428162563        539.290576549902        757765161.901964     
   117.322316564426        538.265303883994        762251177.185793     
   117.446204966289        541.476302191744        752931971.194808     
   117.570093368152        540.819527074126        758610973.655755     
   117.693981770016        537.168370788179        762606026.629048     
   117.817870171879        542.743744571049        748164571.650605     
   117.941758573742        537.665118074283        765841622.905026     
   118.065646975605        536.701692205239        769597158.341034     
   118.189535377468        546.951402278512        734093183.673249     
   118.313423779331        530.640013789327        788809821.055731     
   118.437312181195        546.940299036994        732902988.608807     
   118.561200583058        539.896590032605        761127500.039286     
   118.685088984921        543.757656309035        745288997.034821     
   118.808977386784        542.638943339858        748520599.349279     
   118.932865788647        543.034027797373        748631920.880423     
   119.056754190510        542.455563473852        749905792.135266     
   119.180642592374        543.752698301227        744995526.377609     
   119.304530994237        533.543410023327        774903305.571647     
   119.428419396100        540.763381834886        755274847.893001     
   119.552307797963        534.123831489055        774495165.532048     
   119.676196199826        533.415436939177        779082191.780876     
   119.800084601690        544.220338669393        742251919.199982     
   119.923973003553        533.354204975811        780772319.580995     
   120.047861405416        540.917295845963        754415652.728494     
   120.171749807279        536.923854636561        765697329.771996     
   120.295638209142        540.099199010702        757450242.390346     
   120.419526611005        534.936260725653        776516161.462830     
   120.543415012869        539.551201328352        757166611.427470     
   120.667303414732        537.731448398367        763123938.104647     
   120.791191816595        538.286587684360        763888517.632952     
   120.915080218458        535.155888770744        772247384.225239     
   121.038968620321        534.175699919511        775757885.129162     
   121.162857022184        537.408001421445        764025857.025926     
   121.286745424048        532.372441040033        781706090.442062     
   121.410633825911        536.024581498565        770551684.004561     
   121.534522227774        540.152123587182        753948756.553158     
   121.658410629637        542.702673302532        745501850.229866     
   121.782299031500        541.281621499438        754144790.115116     
   121.906187433363        536.221873436829        766781668.885419     
   122.030075835227        537.683545109221        765874727.828518     
   122.153964237090        524.206784065268        809674955.920413     
   122.277852638953        540.842671001466        755581152.585243     
   122.401741040816        536.733002368611        766818241.315619     
   122.525629442679        539.054822355633        766308293.210977     
   122.649517844543        542.195946823281        750028017.131597     
   122.773406246406        546.069405089326        736237989.325956     
   122.897294648269        528.089830254147        799199767.287296     
   123.021183050132        536.519258300211        771153464.955613     
   123.145071451995        539.106657835479        761082356.914276     
   123.268959853858        535.731880712631        771162754.071898     
   123.392848255722        542.970934529746        748096950.833731     
   123.516736657585        535.582293083473        770839495.394712     
   123.640625059448        545.756072254356        739248403.988313     
   123.764513461311        539.661190797317        757437631.902413     
   123.888401863174        537.368365997814        765196065.037722     
