  0.123888401863174        7.78963600936520     
  0.247776803726349        7.80286341090434     
  0.371665205589523        7.79497638024499     
  0.495553607452697        7.79991994906826     
  0.619442009315871        7.79610777441279     
  0.743330411179046        7.79605051727237     
  0.867218813042220        7.79878581280816     
  0.991107214905394        7.79200949125494     
   1.11499561676857        7.79859748311796     
   1.23888401863174        7.80056638815797     
   1.36277242049492        7.80541537701298     
   1.48666082235809        7.80867218701914     
   1.61054922422127        7.79350973903994     
   1.73443762608444        7.78970997378308     
   1.85832602794761        7.79848228897106     
   1.98221442981079        7.79909966712557     
   2.10610283167396        7.80381198041993     
   2.22999123353714        7.79732980507423     
   2.35387963540031        7.80372559194215     
   2.47776803726349        7.80755387794942     
   2.60165643912666        7.80409106203467     
   2.72554484098983        7.80837619893690     
   2.84943324285301        7.79782781355028     
   2.97332164471618        7.79935811883755     
   3.09721004657936        7.80704702845362     
   3.22109844844253        7.80512139027366     
   3.34498685030571        7.80426100228289     
   3.46887525216888        7.78920012058960     
   3.59276365403205        7.78663547751621     
   3.71665205589523        7.80289186753521     
   3.84054045775840        7.79104153253983     
   3.96442885962158        7.80030596671664     
   4.08831726148475        7.78871419257387     
   4.21220566334793        7.80355406293685     
   4.33609406521110        7.78806627796147     
   4.45998246707427        7.80186689831671     
   4.58387086893745        7.80650694072378     
   4.70775927080062        7.79089055321643     
   4.83164767266380        7.80053676051108     
   4.95553607452697        7.80266412731456     
   5.07942447639014        7.79440619929259     
   5.20331287825332        7.79515519953415     
   5.32720128011649        7.79567619497673     
   5.45108968197967        7.81773059258621     
   5.57497808384284        7.79613763551150     
   5.69886648570602        7.80617793771299     
   5.82275488756919        7.79495549457227     
   5.94664328943237        7.80663079602785     
   6.07053169129554        7.80540252724450     
   6.19442009315871        7.80216279226161     
   6.31830849502189        7.79942280270752     
   6.44219689688506        7.80173768377385     
   6.56608529874824        7.79080228215544     
   6.68997370061141        7.79108601820055     
   6.81386210247458        7.79679871049489     
   6.93775050433776        7.80683685516780     
   7.06163890620093        7.79276206005651     
   7.18552730806411        7.80492247039055     
   7.30941570992728        7.79751827809015     
   7.43330411179046        7.79557069055576     
   7.55719251365363        7.79817321231681     
   7.68108091551681        7.79554435971928     
   7.80496931737998        7.79606571738126     
   7.92885771924315        7.79786867409257     
   8.05274612110633        7.79227290601830     
   8.17663452296950        7.79674687344913     
   8.30052292483268        7.80373201348673     
   8.42441132669585        7.80034858558525     
   8.54829972855902        7.79027862909943     
   8.67218813042220        7.80221216054217     
   8.79607653228537        7.80561027981011     
   8.91996493414855        7.80674055105281     
   9.04385333601172        7.79873892833593     
   9.16774173787490        7.79987926348493     
   9.29163013973807        7.79719765977910     
   9.41551854160124        7.80089547960589     
   9.53940694346442        7.79902156064535     
   9.66329534532759        7.80123216091660     
   9.78718374719077        7.81022663326288     
   9.91107214905394        7.80463630787234     
   10.0349605509171        7.79017982454995     
   10.1588489527803        7.80627187408644     
   10.2827373546435        7.79513413804135     
   10.4066257565066        7.79847104827228     
   10.5305141583698        7.79498504221296     
   10.6544025602330        7.79941206010714     
   10.7782909620962        7.79488779424992     
   10.9021793639593        7.80070088730928     
   11.0260677658225        7.79891455202905     
   11.1499561676857        7.80176845395805     
   11.2738445695489        7.80903238629984     
   11.3977329714120        7.79962030864652     
   11.5216213732752        7.80456081977004     
   11.6455097751384        7.81507618407963     
   11.7693981770016        7.80124702914542     
   11.8932865788647        7.79448723704791     
   12.0171749807279        7.81285486732765     
   12.1410633825911        7.80602258239951     
   12.2649517844543        7.79410699998972     
   12.3888401863174        7.78923667181482     
   12.5127285881806        7.79815529920397     
   12.6366169900438        7.79098867223746     
   12.7605053919069        7.80431234574887     
   12.8843937937701        7.80648378907584     
   13.0082821956333        7.80359262249463     
   13.1321705974965        7.79882484444257     
   13.2560589993596        7.80368899476570     
   13.3799474012228        7.80371918650320     
   13.5038358030860        7.79816491471421     
   13.6277242049492        7.79838842718732     
   13.7516126068123        7.79337043756609     
   13.8755010086755        7.79704678707851     
   13.9993894105387        7.80989918903151     
   14.1232778124019        7.80377960555483     
   14.2471662142650        7.80879263932362     
   14.3710546161282        7.80075955326121     
   14.4949430179914        7.80531411498457     
   14.6188314198546        7.79453897647057     
   14.7427198217177        7.80396252473831     
   14.8666082235809        7.80237615257948     
   14.9904966254441        7.79846539117616     
   15.1143850273073        7.80585026958595     
   15.2382734291704        7.79522810535855     
   15.3621618310336        7.80688844712454     
   15.4860502328968        7.81110139812031     
   15.6099386347600        7.80769440024191     
   15.7338270366231        7.80804458439126     
   15.8577154384863        7.80751175997597     
   15.9816038403495        7.79003588090652     
   16.1054922422127        7.79467597118749     
   16.2293806440758        7.78638928982853     
   16.3532690459390        7.80112874961720     
   16.4771574478022        7.79741465013603     
   16.6010458496654        7.80865936193478     
   16.7249342515285        7.80163219621260     
   16.8488226533917        7.79941572872630     
   16.9727110552549        7.79666974565851     
   17.0965994571180        7.80748154219200     
   17.2204878589812        7.79010925529620     
   17.3443762608444        7.79794974878310     
   17.4682646627076        7.79855492666110     
   17.5921530645707        7.79689053300569     
   17.7160414664339        7.80858882811721     
   17.8399298682971        7.80402600527807     
   17.9638182701603        7.80408080794114     
   18.0877066720234        7.79989106887638     
   18.2115950738866        7.78575337808513     
   18.3354834757498        7.80803218621567     
   18.4593718776130        7.79424483366502     
   18.5832602794761        7.79073572085674     
   18.7071486813393        7.80712065661940     
   18.8310370832025        7.81427669915616     
   18.9549254850657        7.79267187166764     
   19.0788138869288        7.80015422561169     
   19.2027022887920        7.80412451520912     
   19.3265906906552        7.79758086678877     
   19.4504790925184        7.80334005445132     
   19.5743674943815        7.79627917455550     
   19.6982558962447        7.79483437987164     
   19.8221442981079        7.80563147113673     
   19.9460326999711        7.79542106175387     
   20.0699211018342        7.80819839019341     
   20.1938095036974        7.80171184525314     
   20.3176979055606        7.80420887697199     
   20.4415863074238        7.79549836531052     
   20.5654747092869        7.80357182111760     
   20.6893631111501        7.79418773616200     
   20.8132515130133        7.79151811018007     
   20.9371399148765        7.80775411348864     
   21.0610283167396        7.79732697759956     
   21.1849167186028        7.79986823499102     
   21.3088051204660        7.80101755506350     
   21.4326935223291        7.79593595007155     
   21.5565819241923        7.80364773831359     
   21.6804703260555        7.78581381149981     
   21.8043587279187        7.80257537220718     
   21.9282471297818        7.80218007026337     
   22.0521355316450        7.79807383552708     
   22.1760239335082        7.79880497210241     
   22.2999123353714        7.80571102027013     
   22.4238007372345        7.80129616918235     
   22.5476891390977        7.80600830930480     
   22.6715775409609        7.80640671242240     
   22.7954659428241        7.80346049168725     
   22.9193543446872        7.79912277955071     
   23.0432427465504        7.80327490993108     
   23.1671311484136        7.79446412643712     
   23.2910195502768        7.79273191307828     
   23.4149079521399        7.80009979160312     
   23.5387963540031        7.80368258973462     
   23.6626847558663        7.79762709738133     
   23.7865731577295        7.79413770942618     
   23.9104615595926        7.79566940708335     
   24.0343499614558        7.79820183412659     
   24.1582383633190        7.81058000012333     
   24.2821267651822        7.80677314239858     
   24.4060151670453        7.79433606427445     
   24.5299035689085        7.79912009207714     
   24.6537919707717        7.78995317239323     
   24.7776803726349        7.79545766064296     
   24.9015687744980        7.78751232445456     
   25.0254571763612        7.80527822418181     
   25.1493455782244        7.79108668235072     
   25.2732339800876        7.80147883195656     
   25.3971223819507        7.80310653294894     
   25.5210107838139        7.80178951648426     
   25.6448991856771        7.80145377370933     
   25.7687875875402        7.80609822771242     
   25.8926759894034        7.80070109658494     
   26.0165643912666        7.79804120875174     
   26.1404527931298        7.79134262235536     
   26.2643411949929        7.80310142131406     
   26.3882295968561        7.80799438619073     
   26.5121179987193        7.79070461602364     
   26.6360064005825        7.79659802063618     
   26.7598948024456        7.80487354635021     
   26.8837832043088        7.78901708348376     
   27.0076716061720        7.80193354209426     
   27.1315600080352        7.80453621408213     
   27.2554484098983        7.80338177675326     
   27.3793368117615        7.80312513853068     
   27.5032252136247        7.80056770727758     
   27.6271136154879        7.80895434275486     
   27.7510020173510        7.80182375471143     
   27.8748904192142        7.79981407305862     
   27.9987788210774        7.80799047086025     
   28.1226672229406        7.80513897020846     
   28.2465556248037        7.78743776831225     
   28.3704440266669        7.79967462564260     
   28.4943324285301        7.80996081197577     
   28.6182208303933        7.79953476962032     
   28.7421092322564        7.80076387663636     
   28.8659976341196        7.79463299645098     
   28.9898860359828        7.79060368288001     
   29.1137744378460        7.80167242457669     
   29.2376628397091        7.80603276848756     
   29.3615512415723        7.80736417159517     
   29.4854396434355        7.80787104150301     
   29.6093280452987        7.79989932597761     
   29.7332164471618        7.80290907892423     
   29.8571048490250        7.80146245806619     
   29.9809932508882        7.79009664941303     
   30.1048816527513        7.80601627648380     
   30.2287700546145        7.79353902813164     
   30.3526584564777        7.79565978309084     
   30.4765468583409        7.79751303410100     
   30.6004352602040        7.80891316674354     
   30.7243236620672        7.80613223108246     
   30.8482120639304        7.79569267551050     
   30.9721004657936        7.79617949989990     
   31.0959888676567        7.80494365354575     
   31.2198772695199        7.80083820537547     
   31.3437656713831        7.79438059703141     
   31.4676540732463        7.80296230122608     
   31.5915424751094        7.80118254585249     
   31.7154308769726        7.79626154035338     
   31.8393192788358        7.80388382479605     
   31.9632076806990        7.79717983663764     
   32.0870960825621        7.79872398275999     
   32.2109844844253        7.79872847764194     
   32.3348728862885        7.78903705764953     
   32.4587612881517        7.79745846450895     
   32.5826496900148        7.80376366416219     
   32.7065380918780        7.79386952859414     
   32.8304264937412        7.80462911705774     
   32.9543148956044        7.78859436277498     
   33.0782032974675        7.79218148160574     
   33.2020916993307        7.80089928979622     
   33.3259801011939        7.79591008624489     
   33.4498685030571        7.79704830052917     
   33.5737569049202        7.80799648881797     
   33.6976453067834        7.79759335679486     
   33.8215337086466        7.80251032259257     
   33.9454221105098        7.80902455708520     
   34.0693105123729        7.79834947938599     
   34.1931989142361        7.79623224446849     
   34.3170873160993        7.80306514504439     
   34.4409757179624        7.80482685961592     
   34.5648641198256        7.80658902784208     
   34.6887525216888        7.80062872834079     
   34.8126409235520        7.79788067505570     
   34.9365293254151        7.80120467783867     
   35.0604177272783        7.80553756985695     
   35.1843061291415        7.80881442327315     
   35.3081945310047        7.79913348390240     
   35.4320829328678        7.79075011700044     
   35.5559713347310        7.79218511543215     
   35.6798597365942        7.80474983154169     
   35.8037481384574        7.81182673177002     
   35.9276365403205        7.80312827066929     
   36.0515249421837        7.79238340517547     
   36.1754133440469        7.80389777286736     
   36.2993017459101        7.79779052545477     
   36.4231901477732        7.79303081103263     
   36.5470785496364        7.79853025389242     
   36.6709669514996        7.79952139077249     
   36.7948553533628        7.79817005208324     
   36.9187437552259        7.79903331501605     
   37.0426321570891        7.79520720332795     
   37.1665205589523        7.80110835711109     
   37.2904089608155        7.79652932623280     
   37.4142973626786        7.80313428398236     
   37.5381857645418        7.80247078969619     
   37.6620741664050        7.80240126477502     
   37.7859625682682        7.80329643489827     
   37.9098509701313        7.79863599961166     
   38.0337393719945        7.79608842588083     
   38.1576277738577        7.79262011609574     
   38.2815161757209        7.80749226555995     
   38.4054045775840        7.79257303466716     
   38.5292929794472        7.80446706193228     
   38.6531813813104        7.80138429874909     
   38.7770697831735        7.80246293374368     
   38.9009581850367        7.79546458119850     
   39.0248465868999        7.79923339686527     
   39.1487349887631        7.80058744919234     
   39.2726233906262        7.79752341024024     
   39.3965117924894        7.80638946524814     
   39.5204001943526        7.79357001123714     
   39.6442885962158        7.81535140385955     
   39.7681769980789        7.81055066397446     
   39.8920653999421        7.79848540782727     
   40.0159538018053        7.80698674406158     
   40.1398422036685        7.79880205992225     
   40.2637306055316        7.78836097844686     
   40.3876190073948        7.80283657144855     
   40.5115074092580        7.80753173719983     
   40.6353958111212        7.79954247033887     
   40.7592842129843        7.79377557704087     
   40.8831726148475        7.78919921410113     
   41.0070610167107        7.80196479500842     
   41.1309494185739        7.80918660226813     
   41.2548378204370        7.80349957340594     
   41.3787262223002        7.79144128972633     
   41.5026146241634        7.79254299751389     
   41.6265030260266        7.80082041124913     
   41.7503914278897        7.79870987826172     
   41.8742798297529        7.80483118783811     
   41.9981682316161        7.79257491400889     
   42.1220566334793        7.80258344782347     
   42.2459450353424        7.80036438558543     
   42.3698334372056        7.79971299805836     
   42.4937218390688        7.79956262438640     
   42.6176102409319        7.79954281744330     
   42.7414986427951        7.80428476217514     
   42.8653870446583        7.80814718961151     
   42.9892754465215        7.79192087936108     
   43.1131638483847        7.80340331188158     
   43.2370522502478        7.80685503852226     
   43.3609406521110        7.79381942350965     
   43.4848290539742        7.80588139276616     
   43.6087174558373        7.80315524325170     
   43.7326058577005        7.79768364886754     
   43.8564942595637        7.80812724820445     
   43.9803826614269        7.80888219443922     
   44.1042710632900        7.79816128664516     
   44.2281594651532        7.80460849854458     
   44.3520478670164        7.80530693622307     
   44.4759362688796        7.79961832487446     
   44.5998246707427        7.79545350091275     
   44.7237130726059        7.79862469672888     
   44.8476014744691        7.80100908533508     
   44.9714898763323        7.80989464989324     
   45.0953782781954        7.80057934976542     
   45.2192666800586        7.79975025683193     
   45.3431550819218        7.79952222061055     
   45.4670434837850        7.80141919440813     
   45.5909318856481        7.79994832019387     
   45.7148202875113        7.80201798440523     
   45.8387086893745        7.79323439994911     
   45.9625970912377        7.80357364390188     
   46.0864854931008        7.79544399917064     
   46.2103738949640        7.80191901695071     
   46.3342622968272        7.79617001865339     
   46.4581506986904        7.80164750863897     
   46.5820391005535        7.79721820620599     
   46.7059275024167        7.79804715090294     
   46.8298159042799        7.81547799230345     
   46.9537043061430        7.79684993012522     
   47.0775927080062        7.80539365675156     
   47.2014811098694        7.80662972649597     
   47.3253695117326        7.80705872401148     
   47.4492579135958        7.79028202280949     
   47.5731463154589        7.79458057973473     
   47.6970347173221        7.80690585012499     
   47.8209231191853        7.80533210844488     
   47.9448115210484        7.79918505164783     
   48.0686999229116        7.79562963370895     
   48.1925883247748        7.79929251952140     
   48.3164767266380        7.80438597031002     
   48.4403651285011        7.79787825923775     
   48.5642535303643        7.78989264959310     
   48.6881419322275        7.80192445153618     
   48.8120303340907        7.79669185410888     
   48.9359187359538        7.80027409165320     
   49.0598071378170        7.80515366941954     
   49.1836955396802        7.80300354841508     
   49.3075839415434        7.80933735787680     
   49.4314723434065        7.79929590691244     
   49.5553607452697        7.79877340519576     
   49.6792491471329        7.80449880280500     
   49.8031375489961        7.80201717561989     
   49.9270259508592        7.80600099540020     
   50.0509143527224        7.80420217302206     
   50.1748027545856        7.80342755502875     
   50.2986911564488        7.80511673559765     
   50.4225795583119        7.79843690209840     
   50.5464679601751        7.80619716380204     
   50.6703563620383        7.80089483073476     
   50.7942447639015        7.79870398938062     
   50.9181331657646        7.79617137761431     
   51.0420215676278        7.79454913022043     
   51.1659099694910        7.80215184333972     
   51.2897983713541        7.79381066370700     
   51.4136867732173        7.79657366957740     
   51.5375751750805        7.79432920797097     
   51.6614635769437        7.78974643371445     
   51.7853519788069        7.80367388866011     
   51.9092403806700        7.78613525178107     
   52.0331287825332        7.80094995535318     
   52.1570171843964        7.79654237723532     
   52.2809055862595        7.80523931617155     
   52.4047939881227        7.79971316751720     
   52.5286823899859        7.80774281544933     
   52.6525707918491        7.80108315620360     
   52.7764591937122        7.80144569630708     
   52.9003475955754        7.81240502723464     
   53.0242359974386        7.79681075916436     
   53.1481243993018        7.80223191759458     
   53.2720128011649        7.80156374218420     
   53.3959012030281        7.80222246972454     
   53.5197896048913        7.80932107643099     
   53.6436780067545        7.80150116371834     
   53.7675664086176        7.79479610032837     
   53.8914548104808        7.80480791043553     
   54.0153432123440        7.79451436331096     
   54.1392316142072        7.80967092733262     
   54.2631200160703        7.80046784867394     
   54.3870084179335        7.79701124107927     
   54.5108968197967        7.79645337626933     
   54.6347852216599        7.80311761967435     
   54.7586736235230        7.80480475778302     
   54.8825620253862        7.80443601854537     
   55.0064504272494        7.79508256311231     
   55.1303388291126        7.80406594313223     
   55.2542272309757        7.80303868228964     
   55.3781156328389        7.80502909198534     
   55.5020040347021        7.79931535753302     
   55.6258924365652        7.79697832539053     
   55.7497808384284        7.80200311629197     
   55.8736692402916        7.80170937903726     
   55.9975576421548        7.79739143497603     
   56.1214460440180        7.79640938238452     
   56.2453344458811        7.80204887531458     
   56.3692228477443        7.79807723779862     
   56.4931112496075        7.80567796514558     
   56.6169996514706        7.79362207021945     
   56.7408880533338        7.79706926858188     
   56.8647764551970        7.80421999502416     
   56.9886648570602        7.79550068476371     
   57.1125532589233        7.79704204351718     
   57.2364416607865        7.80494493466401     
   57.3603300626497        7.80001298774936     
   57.4842184645129        7.80018726500689     
   57.6081068663760        7.81028448247209     
   57.7319952682392        7.79207062820259     
   57.8558836701024        7.80206400239258     
   57.9797720719656        7.79780364183081     
   58.1036604738287        7.80030616206551     
   58.2275488756919        7.80680376667896     
   58.3514372775551        7.79786057618206     
   58.4753256794183        7.80254321426572     
   58.5992140812814        7.79200013061800     
   58.7231024831446        7.80035862650285     
   58.8469908850078        7.80079906814711     
   58.9708792868710        7.80011591354575     
   59.0947676887341        7.80245728393258     
   59.2186560905973        7.79930346601853     
   59.3425444924605        7.81135668069194     
   59.4664328943236        7.79857773012235     
   59.5903212961868        7.80381574682194     
   59.7142096980500        7.79867599129225     
   59.8380980999132        7.80138708375589     
   59.9619865017763        7.80404531958407     
   60.0858749036395        7.80474868441637     
   60.2097633055027        7.78924753503932     
   60.3336517073659        7.80336423363251     
   60.4575401092291        7.79929667987605     
   60.5814285110922        7.79701445492038     
   60.7053169129554        7.79177968425907     
   60.8292053148186        7.79498927109200     
   60.9530937166817        7.80649745899215     
   61.0769821185449        7.80565199240854     
   61.2008705204081        7.79839939371878     
   61.3247589222713        7.80387837908578     
   61.4486473241344        7.79869494319596     
   61.5725357259976        7.80771590773011     
   61.6964241278608        7.80743522072430     
   61.8203125297240        7.80450246627517     
   61.9442009315871        7.79738639290307     
   62.0680893334503        7.79592513556881     
   62.1919777353135        7.80053923814672     
   62.3158661371767        7.79550249997029     
   62.4397545390398        7.81355774187563     
   62.5636429409030        7.79622974001349     
   62.6875313427662        7.79353787595562     
   62.8114197446294        7.80180484809800     
   62.9353081464925        7.79915783308628     
   63.0591965483557        7.80448618849473     
   63.1830849502189        7.80660424177525     
   63.3069733520821        7.79732522442100     
   63.4308617539452        7.80355259253580     
   63.5547501558084        7.79455149342823     
   63.6786385576716        7.80335872928636     
   63.8025269595347        7.79367233088442     
   63.9264153613979        7.80296707280853     
   64.0503037632611        7.79717175755095     
   64.1741921651243        7.79892165311961     
   64.2980805669874        7.80357412896692     
   64.4219689688506        7.81134873660653     
   64.5458573707138        7.80750412116716     
   64.6697457725770        7.80177173549198     
   64.7936341744401        7.79886558165215     
   64.9175225763033        7.79144548452965     
   65.0414109781665        7.80517091974119     
   65.1652993800297        7.79401593219281     
   65.2891877818928        7.80561888046305     
   65.4130761837560        7.80188562434762     
   65.5369645856192        7.79426631771746     
   65.6608529874824        7.81722788372656     
   65.7847413893455        7.79189546755752     
   65.9086297912087        7.81733800041834     
   66.0325181930719        7.80455093371663     
   66.1564065949351        7.79708886029604     
   66.2802949967982        7.80377437295902     
   66.4041833986614        7.80889152023222     
   66.5280718005246        7.80715411838337     
   66.6519602023878        7.79676556328797     
   66.7758486042509        7.79875124803596     
   66.8997370061141        7.80254069763983     
   67.0236254079773        7.78889404463195     
   67.1475138098405        7.80639385017224     
   67.2714022117036        7.80718288229490     
   67.3952906135668        7.79783167621303     
   67.5191790154300        7.79894103978544     
   67.6430674172932        7.80258763136748     
   67.7669558191563        7.81752098167833     
   67.8908442210195        7.79941666244443     
   68.0147326228827        7.79823757392994     
   68.1386210247458        7.79906632966256     
   68.2625094266090        7.80240945097758     
   68.3863978284722        7.80031972646027     
   68.5102862303354        7.79565396780202     
   68.6341746321985        7.79622875799966     
   68.7580630340617        7.79708134001224     
   68.8819514359249        7.81217201982812     
   69.0058398377881        7.80209015492063     
   69.1297282396512        7.80909783892261     
   69.2536166415144        7.80321970628800     
   69.3775050433776        7.80544943658128     
   69.5013934452408        7.79562784851946     
   69.6252818471039        7.81092653620767     
   69.7491702489671        7.80309401405418     
   69.8730586508303        7.79314145253336     
   69.9969470526935        7.79948008718112     
   70.1208354545566        7.80049059947983     
   70.2447238564198        7.80507091252265     
   70.3686122582830        7.79784791073323     
   70.4925006601462        7.80701169368297     
   70.6163890620093        7.79231592704285     
   70.7402774638725        7.80483036062388     
   70.8641658657357        7.80638941118665     
   70.9880542675989        7.79579137314224     
   71.1119426694620        7.79686094603746     
   71.2358310713252        7.80535397240206     
   71.3597194731884        7.80826503487032     
   71.4836078750516        7.80121039932510     
   71.6074962769147        7.79737068164181     
   71.7313846787779        7.79695835833635     
   71.8552730806411        7.80241236269078     
   71.9791614825043        7.80170765630747     
   72.1030498843674        7.79848878329457     
   72.2269382862306        7.80275927605465     
   72.3508266880938        7.79354401764206     
   72.4747150899569        7.80362238612259     
   72.5986034918201        7.79596655873480     
   72.7224918936833        7.79722264734153     
   72.8463802955465        7.80053030373661     
   72.9702686974096        7.81193873203167     
   73.0941570992728        7.80027646698926     
   73.2180455011360        7.79790911720683     
   73.3419339029992        7.80094033445965     
   73.4658223048623        7.80391578711456     
   73.5897107067255        7.79508421941083     
   73.7135991085887        7.79288604737872     
   73.8374875104519        7.80241759593900     
   73.9613759123150        7.80119574131215     
   74.0852643141782        7.79733857006004     
   74.2091527160414        7.79856999605787     
   74.3330411179046        7.80178304073140     
   74.4569295197677        7.79547339158222     
   74.5808179216309        7.79898730040071     
   74.7047063234941        7.80243852438411     
   74.8285947253573        7.79634095902527     
   74.9524831272204        7.80622538217866     
   75.0763715290836        7.81513236992513     
   75.2002599309468        7.80305156066251     
   75.3241483328100        7.79927012298078     
   75.4480367346731        7.79565155522819     
   75.5719251365363        7.79729820641260     
   75.6958135383995        7.80570741770449     
   75.8197019402627        7.79989983961287     
   75.9435903421258        7.80560046846659     
   76.0674787439890        7.79850943169348     
   76.1913671458522        7.79398568972937     
   76.3152555477154        7.80489316174102     
   76.4391439495785        7.80522835243290     
   76.5630323514417        7.79861089232917     
   76.6869207533049        7.78261017294518     
   76.8108091551680        7.80132165978177     
   76.9346975570312        7.79955724966975     
   77.0585859588944        7.79506236564837     
   77.1824743607576        7.80164994367985     
   77.3063627626207        7.79796457731650     
   77.4302511644839        7.80459120528472     
   77.5541395663471        7.78396603373090     
   77.6780279682103        7.78050762842582     
   77.8019163700734        7.80090650590038     
   77.9258047719366        7.80660885546366     
   78.0496931737998        7.80638528996005     
   78.1735815756630        7.79789113408188     
   78.2974699775261        7.79802677673726     
   78.4213583793893        7.79949562201482     
   78.5452467812525        7.79806184967249     
   78.6691351831157        7.80413616696777     
   78.7930235849788        7.79747411567715     
   78.9169119868420        7.79105752271239     
   79.0408003887052        7.80232138641080     
   79.1646887905684        7.80060828468700     
   79.2885771924315        7.80000302597738     
   79.4124655942947        7.80282026629739     
   79.5363539961579        7.81440613640801     
   79.6602423980211        7.80770335442611     
   79.7841307998842        7.79667077624693     
   79.9080192017474        7.80231201695275     
   80.0319076036106        7.79697178520594     
   80.1557960054738        7.79408875242493     
   80.2796844073369        7.79890227634973     
   80.4035728092001        7.80085026007130     
   80.5274612110633        7.80204227770234     
   80.6513496129264        7.79270861470862     
   80.7752380147896        7.79891053898577     
   80.8991264166528        7.80707986977863     
   81.0230148185160        7.80280924044208     
   81.1469032203791        7.81153394578722     
   81.2707916222423        7.80759156791248     
   81.3946800241055        7.79838995845339     
   81.5185684259687        7.80061138436397     
   81.6424568278319        7.79583083936947     
   81.7663452296950        7.80432431314273     
   81.8902336315582        7.80990168430756     
   82.0141220334214        7.78811930697187     
   82.1380104352845        7.79251904210800     
   82.2618988371477        7.80015959190237     
   82.3857872390109        7.78347314952382     
   82.5096756408741        7.79628173050560     
   82.6335640427372        7.79670734842467     
   82.7574524446004        7.80242939318262     
   82.8813408464636        7.80023360896504     
   83.0052292483268        7.80072723841679     
   83.1291176501899        7.80084085594915     
   83.2530060520531        7.79636984899401     
   83.3768944539163        7.80608874188978     
   83.5007828557795        7.80440231435232     
   83.6246712576426        7.80425905103677     
   83.7485596595058        7.79553591994971     
   83.8724480613690        7.80342821604982     
   83.9963364632322        7.80850491896632     
   84.1202248650953        7.79648586218540     
   84.2441132669585        7.80230968064885     
   84.3680016688217        7.80276187862051     
   84.4918900706849        7.80359260663065     
   84.6157784725480        7.80655538077039     
   84.7396668744112        7.81463785609059     
   84.8635552762744        7.80782261536144     
   84.9874436781376        7.79951477804724     
   85.1113320800007        7.79659745185163     
   85.2352204818639        7.80574843240063     
   85.3591088837271        7.79803030374648     
   85.4829972855902        7.80459737947141     
   85.6068856874534        7.79755992639543     
   85.7307740893166        7.80331669331378     
   85.8546624911798        7.80242524597920     
   85.9785508930430        7.80159215069537     
   86.1024392949061        7.79559704670290     
   86.2263276967693        7.80520673195137     
   86.3502160986325        7.80534306998982     
   86.4741045004956        7.79716575815564     
   86.5979929023588        7.80483587072768     
   86.7218813042220        7.78975035438488     
   86.8457697060852        7.78939152423129     
   86.9696581079483        7.80426745829099     
   87.0935465098115        7.80008641408178     
   87.2174349116747        7.78796256991185     
   87.3413233135379        7.80205401668398     
   87.4652117154010        7.80384419415453     
   87.5891001172642        7.80231778014345     
   87.7129885191274        7.80418582079199     
   87.8368769209906        7.79918157883568     
   87.9607653228537        7.80343225458804     
   88.0846537247169        7.79970680288229     
   88.2085421265801        7.80132852128129     
   88.3324305284433        7.79545572578859     
   88.4563189303064        7.79724249500920     
   88.5802073321696        7.80106928326847     
   88.7040957340328        7.80185805415911     
   88.8279841358960        7.80036882445177     
   88.9518725377591        7.79479497574090     
   89.0757609396223        7.79479681499997     
   89.1996493414855        7.79229270027905     
   89.3235377433487        7.80056672516261     
   89.4474261452118        7.79835731938017     
   89.5713145470750        7.79263239899367     
   89.6952029489382        7.80826360144278     
   89.8190913508013        7.80451265895032     
   89.9429797526645        7.79772556904459     
   90.0668681545277        7.80823031635080     
   90.1907565563909        7.79073715717640     
   90.3146449582540        7.80056138372383     
   90.4385333601172        7.79807361092017     
   90.5624217619804        7.80137191698322     
   90.6863101638436        7.79900361214308     
   90.8101985657067        7.80776401166486     
   90.9340869675699        7.80611599050400     
   91.0579753694331        7.79178446478872     
   91.1818637712963        7.80021914035397     
   91.3057521731594        7.79559368945831     
   91.4296405750226        7.80435371568036     
   91.5535289768858        7.79617763627524     
   91.6774173787490        7.81157645729652     
   91.8013057806121        7.80016213647396     
   91.9251941824753        7.80233941983105     
   92.0490825843385        7.80415950051712     
   92.1729709862017        7.79723533313430     
   92.2968593880648        7.81497079991038     
   92.4207477899280        7.79477821841809     
   92.5446361917912        7.80192367792447     
   92.6685245936544        7.79755090387376     
   92.7924129955175        7.81040012107214     
   92.9163013973807        7.79423675866142     
   93.0401897992439        7.80542083869100     
   93.1640782011071        7.79900069145852     
   93.2879666029702        7.80591816614554     
   93.4118550048334        7.80147209922821     
   93.5357434066966        7.80442421847103     
   93.6596318085598        7.80641770993111     
   93.7835202104229        7.80785544938221     
   93.9074086122861        7.80107008565005     
   94.0312970141493        7.79702988246777     
   94.1551854160124        7.79131653496485     
   94.2790738178756        7.80225653496824     
   94.4029622197388        7.79862042595419     
   94.5268506216020        7.78972843707709     
   94.6507390234651        7.79835715466281     
   94.7746274253283        7.79300636151899     
   94.8985158271915        7.80470685032623     
   95.0224042290547        7.79873800030704     
   95.1462926309178        7.79972461811113     
   95.2701810327810        7.79484060164049     
   95.3940694346442        7.79788229588371     
   95.5179578365074        7.80594740163736     
   95.6418462383705        7.80285895709250     
   95.7657346402337        7.81288364705532     
   95.8896230420969        7.80162937790489     
   96.0135114439601        7.80119862997901     
   96.1373998458232        7.80176655048815     
   96.2612882476864        7.80370264777903     
   96.3851766495496        7.79703227495243     
   96.5090650514128        7.81267285288169     
   96.6329534532759        7.80021214586204     
   96.7568418551391        7.79779082651774     
   96.8807302570023        7.80220376320829     
   97.0046186588655        7.79422314819103     
   97.1285070607286        7.78920717253088     
   97.2523954625918        7.79413008063363     
   97.3762838644550        7.79784038797938     
   97.5001722663182        7.80773009385451     
   97.6240606681813        7.79749854707724     
   97.7479490700445        7.79824049169316     
   97.8718374719077        7.79804658539014     
   97.9957258737709        7.79974374650212     
   98.1196142756340        7.79975293125123     
   98.2435026774972        7.78904521719563     
   98.3673910793604        7.80485847975528     
   98.4912794812235        7.79974135479798     
   98.6151678830867        7.80635355395251     
   98.7390562849499        7.80510108189909     
   98.8629446868131        7.79890434796766     
   98.9868330886762        7.79373173874908     
   99.1107214905394        7.79356819716841     
   99.2346098924026        7.80269635422623     
   99.3584982942658        7.79567149719715     
   99.4823866961289        7.79532034920693     
   99.6062750979921        7.79894300360073     
   99.7301634998553        7.79895622225529     
   99.8540519017185        7.81105384332353     
   99.9779403035816        7.79198833072994     
   100.101828705445        7.81395233909007     
   100.225717107308        7.80209865322429     
   100.349605509171        7.79843298888333     
   100.473493911034        7.79666438240163     
   100.597382312898        7.80465646577127     
   100.721270714761        7.80156515462754     
   100.845159116624        7.80157553711007     
   100.969047518487        7.80321847338738     
   101.092935920350        7.80145576288840     
   101.216824322213        7.79401731256347     
   101.340712724077        7.79797433122061     
   101.464601125940        7.80452649989618     
   101.588489527803        7.78928699975931     
   101.712377929666        7.80063179334491     
   101.836266331529        7.79329215542988     
   101.960154733392        7.80572649532450     
   102.084043135256        7.80238572275235     
   102.207931537119        7.81127308480649     
   102.331819938982        7.80794107205571     
   102.455708340845        7.80323378321435     
   102.579596742708        7.80410153302958     
   102.703485144571        7.79842306260419     
   102.827373546435        7.80082694970011     
   102.951261948298        7.79606285944471     
   103.075150350161        7.80490037731498     
   103.199038752024        7.80559721957940     
   103.322927153887        7.79532511440914     
   103.446815555751        7.79433347541190     
   103.570703957614        7.79489492393918     
   103.694592359477        7.79215513291865     
   103.818480761340        7.79248361270943     
   103.942369163203        7.80449793461761     
   104.066257565066        7.79864124136753     
   104.190145966930        7.80794562667589     
   104.314034368793        7.79196142233351     
   104.437922770656        7.80166994832157     
   104.561811172519        7.79745524797907     
   104.685699574382        7.79066756093054     
   104.809587976245        7.79343928276110     
   104.933476378109        7.80057235568634     
   105.057364779972        7.79139478957255     
   105.181253181835        7.80321703738325     
   105.305141583698        7.80418222688818     
   105.429029985561        7.80265927507413     
   105.552918387424        7.79886693599940     
   105.676806789288        7.79697378725602     
   105.800695191151        7.79919204437422     
   105.924583593014        7.80614796547552     
   106.048471994877        7.80167752856123     
   106.172360396740        7.80790027626693     
   106.296248798604        7.80011371411729     
   106.420137200467        7.80686866343949     
   106.544025602330        7.78996330830626     
   106.667914004193        7.80645319124211     
   106.791802406056        7.79994509922959     
   106.915690807919        7.79510960358465     
   107.039579209783        7.80592118215169     
   107.163467611646        7.80194355175353     
   107.287356013509        7.80562565663916     
   107.411244415372        7.79512509605408     
   107.535132817235        7.80225855424995     
   107.659021219098        7.80117818210116     
   107.782909620962        7.80769342177296     
   107.906798022825        7.80625198010275     
   108.030686424688        7.80369361325379     
   108.154574826551        7.81001798148456     
   108.278463228414        7.80521359320292     
   108.402351630277        7.80349526568025     
   108.526240032141        7.80542498249924     
   108.650128434004        7.79433119907937     
   108.774016835867        7.79683786521762     
   108.897905237730        7.80154982256077     
   109.021793639593        7.79289842867786     
   109.145682041457        7.80722823333562     
   109.269570443320        7.79523965318522     
   109.393458845183        7.79451956192967     
   109.517347247046        7.79872047751699     
   109.641235648909        7.80021008960221     
   109.765124050772        7.79525994918733     
   109.889012452636        7.80103049491875     
   110.012900854499        7.79766015588728     
   110.136789256362        7.80500730089952     
   110.260677658225        7.79785676051035     
   110.384566060088        7.80941831756978     
   110.508454461951        7.79982801452151     
   110.632342863815        7.79852330940763     
   110.756231265678        7.79943555711216     
   110.880119667541        7.79164625784524     
   111.004008069404        7.80017859791995     
   111.127896471267        7.80393813922789     
   111.251784873130        7.79872925732175     
   111.375673274994        7.79845052581068     
   111.499561676857        7.80815872916305     
   111.623450078720        7.80083482305379     
   111.747338480583        7.78793680852870     
   111.871226882446        7.79204210360124     
   111.995115284310        7.79674307623096     
   112.119003686173        7.80312909680494     
   112.242892088036        7.79847800806328     
   112.366780489899        7.78969458896658     
   112.490668891762        7.80462272767581     
   112.614557293625        7.80102838016039     
   112.738445695489        7.80017327036899     
   112.862334097352        7.80034072105713     
   112.986222499215        7.79727257380001     
   113.110110901078        7.80391219111479     
   113.233999302941        7.79021208287672     
   113.357887704804        7.80426683709988     
   113.481776106668        7.79443039915477     
   113.605664508531        7.79371533642360     
   113.729552910394        7.80488996404505     
   113.853441312257        7.79205419226412     
   113.977329714120        7.79883339224442     
   114.101218115984        7.78881048405011     
   114.225106517847        7.79686932357766     
   114.348994919710        7.80278572407299     
   114.472883321573        7.80235079003578     
   114.596771723436        7.79732672963806     
   114.720660125299        7.80158324066989     
   114.844548527163        7.81384694442106     
   114.968436929026        7.80359337501877     
   115.092325330889        7.80015775764867     
   115.216213732752        7.80332437302650     
   115.340102134615        7.79759976159023     
   115.463990536478        7.79021481529206     
   115.587878938342        7.79786726819789     
   115.711767340205        7.79939972058377     
   115.835655742068        7.78786593972345     
   115.959544143931        7.80290481572383     
   116.083432545794        7.79599150268857     
   116.207320947657        7.78759109784723     
   116.331209349521        7.80399024269025     
   116.455097751384        7.80119228071857     
   116.578986153247        7.79109208933179     
   116.702874555110        7.79364936736005     
   116.826762956973        7.79551490577619     
   116.950651358837        7.79517717293575     
   117.074539760700        7.81106245668756     
   117.198428162563        7.79750963403692     
   117.322316564426        7.79900889282305     
   117.446204966289        7.80354383774450     
   117.570093368152        7.81371973339148     
   117.693981770016        7.78833343761386     
   117.817870171879        7.80082158128973     
   117.941758573742        7.80480487345533     
   118.065646975605        7.80543228136031     
   118.189535377468        7.80075183261551     
   118.313423779331        7.80303552700767     
   118.437312181195        7.79846139962365     
   118.561200583058        7.81158461812773     
   118.685088984921        7.80498520235830     
   118.808977386784        7.79725427893275     
   118.932865788647        7.80364474537659     
   119.056754190510        7.80296244492750     
   119.180642592374        7.79965951786271     
   119.304530994237        7.79037971514289     
   119.428419396100        7.80136135633183     
   119.552307797963        7.79674517569794     
   119.676196199826        7.80055255835931     
   119.800084601690        7.79585625073560     
   119.923973003553        7.80896667914653     
   120.047861405416        7.80295389876013     
   120.171749807279        7.79697389469816     
   120.295638209142        7.79996055645554     
   120.419526611005        7.81049664477757     
   120.543415012869        7.79889863148906     
   120.667303414732        7.79549517048982     
   120.791191816595        7.80748851345404     
   120.915080218458        7.79555683194904     
   121.038968620321        7.79717718119753     
   121.162857022184        7.79728155811777     
   121.286745424048        7.80182682892360     
   121.410633825911        7.79839222551093     
   121.534522227774        7.79260536686771     
   121.658410629637        7.79076576141563     
   121.782299031500        7.80468628896722     
   121.906187433363        7.79316846989221     
   122.030075835227        7.80499381203195     
   122.153964237090        7.80335349290701     
   122.277852638953        7.80403146899974     
   122.401741040816        7.79634922769259     
   122.525629442679        7.81889095916184     
   122.649517844543        7.80215724270587     
   122.773406246406        7.79930312147652     
   122.897294648269        7.80946564617369     
   123.021183050132        7.80960539064945     
   123.145071451995        7.80447843831104     
   123.268959853858        7.79951329143589     
   123.392848255722        7.80156801303437     
   123.516736657585        7.79788657426204     
   123.640625059448        7.80551462786894     
   123.764513461311        7.80002575649644     
   123.888401863174        7.79750221421926     
