  5.000000000000000E-002   171.430621478580     
  0.100000000000000        171.721723869459     
  0.150000000000000        171.548149832632     
  0.200000000000000        171.656945554881     
  0.250000000000000        171.573049019846     
  0.300000000000000        171.571788931807     
  0.350000000000000        171.631986020999     
  0.400000000000000        171.482855944342     
  0.450000000000000        171.627841350337     
  0.500000000000000        171.671172080327     
  0.550000000000000        171.777886331411     
  0.600000000000000        171.849560664168     
  0.650000000000000        171.515872687338     
  0.700000000000000        171.432249252472     
  0.750000000000000        171.625306212088     
  0.800000000000000        171.638893178229     
  0.850000000000000        171.742599538281     
  0.900000000000000        171.599942892102     
  0.950000000000000        171.740698341560     
   1.00000000000000        171.824949447598     
   1.05000000000000        171.748741434333     
   1.10000000000000        171.843046698583     
   1.15000000000000        171.610902826873     
   1.20000000000000        171.644581061149     
   1.25000000000000        171.813794943850     
   1.30000000000000        171.771416410433     
   1.35000000000000        171.752481398862     
   1.40000000000000        171.421028644768     
   1.45000000000000        171.364587194177     
   1.50000000000000        171.722350129519     
   1.55000000000000        171.461553567196     
   1.60000000000000        171.665440848536     
   1.65000000000000        171.410334571049     
   1.70000000000000        171.736923412418     
   1.75000000000000        171.396075572998     
   1.80000000000000        171.699793092205     
   1.85000000000000        171.801908948784     
   1.90000000000000        171.458230885724     
   1.95000000000000        171.670520049101     
   2.00000000000000        171.717338130561     
   2.05000000000000        171.535601560171     
   2.10000000000000        171.552085202891     
   2.15000000000000        171.563551023938     
   2.20000000000000        172.048913765404     
   2.25000000000000        171.573706188770     
   2.30000000000000        171.794668406281     
   2.35000000000000        171.547690190635     
   2.40000000000000        171.804634697679     
   2.45000000000000        171.777603539790     
   2.50000000000000        171.706304986061     
   2.55000000000000        171.646004593136     
   2.60000000000000        171.696949399719     
   2.65000000000000        171.456288258004     
   2.70000000000000        171.462532586557     
   2.75000000000000        171.588254814034     
   2.80000000000000        171.809169549678     
   2.85000000000000        171.499418122241     
   2.90000000000000        171.767038675819     
   2.95000000000000        171.604090717009     
   3.00000000000000        171.561229132590     
   3.05000000000000        171.618504199406     
   3.10000000000000        171.560649656007     
   3.15000000000000        171.572123448607     
   3.20000000000000        171.611802066343     
   3.25000000000000        171.488653051746     
   3.30000000000000        171.587114008872     
   3.35000000000000        171.740839663873     
   3.40000000000000        171.666378784420     
   3.45000000000000        171.444763949458     
   3.50000000000000        171.707391459807     
   3.55000000000000        171.782175659898     
   3.60000000000000        171.807050134308     
   3.65000000000000        171.630954209730     
   3.70000000000000        171.656050165825     
   3.75000000000000        171.597034701008     
   3.80000000000000        171.678414569112     
   3.85000000000000        171.637174247790     
   3.90000000000000        171.685824092005     
   3.95000000000000        171.883770181185     
   4.00000000000000        171.760740946595     
   4.05000000000000        171.442589505710     
   4.10000000000000        171.796735713516     
   4.15000000000000        171.551621691528     
   4.20000000000000        171.625058832111     
   4.25000000000000        171.548340461123     
   4.30000000000000        171.645768175073     
   4.35000000000000        171.546200273992     
   4.40000000000000        171.674132073973     
   4.45000000000000        171.634819252824     
   4.50000000000000        171.697626575366     
   4.55000000000000        171.857487759410     
   4.60000000000000        171.650351210337     
   4.65000000000000        171.759079640178     
   4.70000000000000        171.990496799657     
   4.75000000000000        171.686151304946     
   4.80000000000000        171.537385000724     
   4.85000000000000        171.941611112209     
   4.90000000000000        171.791249420091     
   4.95000000000000        171.529016923562     
   5.00000000000000        171.421833046828     
   5.05000000000000        171.618109976099     
   5.10000000000000        171.460390242687     
   5.15000000000000        171.753611341554     
   5.20000000000000        171.801399438276     
   5.25000000000000        171.737772012910     
   5.30000000000000        171.632845010730     
   5.35000000000000        171.739892928227     
   5.40000000000000        171.740557373692     
   5.45000000000000        171.618321589696     
   5.50000000000000        171.623240546388     
   5.55000000000000        171.512807006450     
   5.60000000000000        171.593714366040     
   5.65000000000000        171.876563943562     
   5.70000000000000        171.741887047576     
   5.75000000000000        171.852211521460     
   5.80000000000000        171.675423166470     
   5.85000000000000        171.775657804630     
   5.90000000000000        171.538523657443     
   5.95000000000000        171.745912646368     
   6.00000000000000        171.711000518926     
   6.05000000000000        171.624934333418     
   6.10000000000000        171.787457241267     
   6.15000000000000        171.553689679758     
   6.20000000000000        171.810304961036     
   6.25000000000000        171.903021592031     
   6.30000000000000        171.828041995685     
   6.35000000000000        171.835748682657     
   6.40000000000000        171.824022535178     
   6.45000000000000        171.439421662152     
   6.50000000000000        171.541538572316     
   6.55000000000000        171.359169212098     
   6.60000000000000        171.683548265085     
   6.65000000000000        171.601810122055     
   6.70000000000000        171.849278415783     
   6.75000000000000        171.694627879412     
   6.80000000000000        171.645848912307     
   6.85000000000000        171.585416616970     
   6.90000000000000        171.823357516495     
   6.95000000000000        171.441036450983     
   7.00000000000000        171.613586319749     
   7.05000000000000        171.626904787982     
   7.10000000000000        171.590275600381     
   7.15000000000000        171.847726140919     
   7.20000000000000        171.747309696034     
   7.25000000000000        171.748515767098     
   7.30000000000000        171.656309973291     
   7.35000000000000        171.345174367507     
   7.40000000000000        171.835475829478     
   7.45000000000000        171.532050301834     
   7.50000000000000        171.454823408454     
   7.55000000000000        171.815415317665     
   7.60000000000000        171.972902113959     
   7.65000000000000        171.497433298876     
   7.70000000000000        171.662101402137     
   7.75000000000000        171.749477655959     
   7.80000000000000        171.605468139457     
   7.85000000000000        171.732213614985     
   7.90000000000000        171.576821113042     
   7.95000000000000        171.545024755642     
   8.00000000000000        171.782642028582     
   8.05000000000000        171.557936172756     
   8.10000000000000        171.839133567935     
   8.15000000000000        171.696380757788     
   8.20000000000000        171.751334249697     
   8.25000000000000        171.559637432833     
   8.30000000000000        171.737314226053     
   8.35000000000000        171.530793727019     
   8.40000000000000        171.472041862279     
   8.45000000000000        171.829356136549     
   8.50000000000000        171.599880666378     
   8.55000000000000        171.655807455952     
   8.60000000000000        171.681101147990     
   8.65000000000000        171.569267591090     
   8.70000000000000        171.738984975761     
   8.75000000000000        171.346504357486     
   8.80000000000000        171.715384850177     
   8.85000000000000        171.706685232144     
   8.90000000000000        171.616317162065     
   8.95000000000000        171.632407669676     
   9.00000000000000        171.784392708249     
   9.05000000000000        171.687232755614     
   9.10000000000000        171.790935304580     
   9.15000000000000        171.799703171777     
   9.20000000000000        171.734864140656     
   9.25000000000000        171.639401825540     
   9.30000000000000        171.730779945225     
   9.35000000000000        171.536876393343     
   9.40000000000000        171.498754661816     
   9.45000000000000        171.660903444247     
   9.50000000000000        171.739751969335     
   9.55000000000000        171.606485560451     
   9.60000000000000        171.529692762301     
   9.65000000000000        171.563401639194     
   9.70000000000000        171.619134094645     
   9.75000000000000        171.891546911757     
   9.80000000000000        171.807767389216     
   9.85000000000000        171.534058061895     
   9.90000000000000        171.639342680894     
   9.95000000000000        171.437601452348     
   10.0000000000000        171.558741623780     
   10.0500000000000        171.383884426474     
   10.1000000000000        171.774867936834     
   10.1500000000000        171.462547202859     
   10.2000000000000        171.691252711472     
   10.2500000000000        171.727074384316     
   10.3000000000000        171.698090109471     
   10.3500000000000        171.690701241430     
   10.4000000000000        171.792914186325     
   10.4500000000000        171.674136679613     
   10.5000000000000        171.615599127440     
   10.5500000000000        171.468179809313     
   10.6000000000000        171.726961889876     
   10.6500000000000        171.834643944425     
   10.7000000000000        171.454138868013     
   10.7500000000000        171.583838126635     
   10.8000000000000        171.765961978701     
   10.8500000000000        171.417000450797     
   10.9000000000000        171.701259756911     
   10.9500000000000        171.758538129847     
   11.0000000000000        171.733131819654     
   11.0500000000000        171.727483847151     
   11.1000000000000        171.671201110887     
   11.1500000000000        171.855770214020     
   11.2000000000000        171.698843608165     
   11.2500000000000        171.654615485786     
   11.3000000000000        171.834557777686     
   11.3500000000000        171.771803301315     
   11.4000000000000        171.382243630191     
   11.4500000000000        171.651546593072     
   11.5000000000000        171.877920112145     
   11.5500000000000        171.648468707945     
   11.6000000000000        171.675518313263     
   11.6500000000000        171.540592804661     
   11.7000000000000        171.451917579172     
   11.7500000000000        171.695513206204     
   11.8000000000000        171.791473590694     
   11.8500000000000        171.820774479966     
   11.9000000000000        171.831929432932     
   11.9500000000000        171.656491691666     
   12.0000000000000        171.722728909620     
   12.0500000000000        171.690892362644     
   12.1000000000000        171.440759026674     
   12.1500000000000        171.791110642483     
   12.2000000000000        171.516517267802     
   12.2500000000000        171.563189838923     
   12.3000000000000        171.603975309778     
   12.3500000000000        171.854864031857     
   12.4000000000000        171.793662516395     
   12.4500000000000        171.563913719723     
   12.5000000000000        171.574627520410     
   12.5500000000000        171.767504864670     
   12.6000000000000        171.677154104964     
   12.6500000000000        171.535038117727     
   12.7000000000000        171.723900200843     
   12.7500000000000        171.684732187163     
   12.8000000000000        171.576433027870     
   12.8500000000000        171.744180655297     
   12.9000000000000        171.596642457749     
   12.9500000000000        171.630625294570     
   13.0000000000000        171.630724215805     
   13.0500000000000        171.417440032781     
   13.1000000000000        171.602774368031     
   13.1500000000000        171.741536216954     
   13.2000000000000        171.523790765513     
   13.2500000000000        171.760582694552     
   13.3000000000000        171.407697413565     
   13.3500000000000        171.486641026557     
   13.4000000000000        171.678498421977     
   13.4500000000000        171.568698392238     
   13.5000000000000        171.593747673346     
   13.5500000000000        171.834690218050     
   13.6000000000000        171.605743013598     
   13.6500000000000        171.713953269055     
   13.7000000000000        171.857315457761     
   13.7500000000000        171.622383401615     
   13.8000000000000        171.575788297905     
   13.8500000000000        171.726163538907     
   13.9000000000000        171.764934519156     
   13.9500000000000        171.803715483221     
   14.0000000000000        171.672544033557     
   14.0500000000000        171.612066177858     
   14.1000000000000        171.685219257437     
   14.1500000000000        171.780575493672     
   14.2000000000000        171.852690932308     
   14.2500000000000        171.639637401844     
   14.3000000000000        171.455140231969     
   14.3500000000000        171.486720998089     
   14.4000000000000        171.763239321765     
   14.4500000000000        171.918984391602     
   14.5000000000000        171.727552777774     
   14.5500000000000        171.491084864884     
   14.6000000000000        171.744487617847     
   14.6500000000000        171.610082208120     
   14.7000000000000        171.505332666490     
   14.7500000000000        171.626361801369     
   14.8000000000000        171.648174272596     
   14.8500000000000        171.618434650482     
   14.9000000000000        171.637432932416     
   14.9500000000000        171.553229677765     
   15.0000000000000        171.683099476465     
   15.0500000000000        171.582326332727     
   15.1000000000000        171.727685115921     
   15.1500000000000        171.713083247787     
   15.2000000000000        171.711553176237     
   15.2500000000000        171.731253656512     
   15.3000000000000        171.628689003096     
   15.3500000000000        171.572623206515     
   15.4000000000000        171.496294286752     
   15.4500000000000        171.823593511300     
   15.5000000000000        171.495258140962     
   15.5500000000000        171.757016262072     
   15.6000000000000        171.689172269396     
   15.6500000000000        171.712910357703     
   15.7000000000000        171.558893928090     
   15.7500000000000        171.641836239030     
   15.8000000000000        171.671635581600     
   15.8500000000000        171.604203662938     
   15.9000000000000        171.799323604132     
   15.9500000000000        171.517199129319     
   16.0000000000000        171.996553706278     
   16.0500000000000        171.890901295681     
   16.1000000000000        171.625374850399     
   16.1500000000000        171.812468233491     
   16.2000000000000        171.632343579794     
   16.2500000000000        171.402561201762     
   16.3000000000000        171.721133199422     
   16.3500000000000        171.824462184463     
   16.4000000000000        171.648638181713     
   16.4500000000000        171.521723124208     
   16.5000000000000        171.421008695199     
   16.5500000000000        171.701947556249     
   16.6000000000000        171.860881671431     
   16.6500000000000        171.735724232618     
   16.7000000000000        171.470351234101     
   16.7500000000000        171.494597097513     
   16.8000000000000        171.676762500256     
   16.8500000000000        171.630314889450     
   16.9000000000000        171.765029772621     
   16.9500000000000        171.495299500625     
   17.0000000000000        171.715562574517     
   17.0500000000000        171.666726503344     
   17.1000000000000        171.652391075032     
   17.1500000000000        171.649081722450     
   17.2000000000000        171.648645820623     
   17.2500000000000        171.753004295322     
   17.3000000000000        171.838006769769     
   17.3500000000000        171.480905815733     
   17.4000000000000        171.733605754563     
   17.4500000000000        171.809569720334     
   17.5000000000000        171.522688076535     
   17.5500000000000        171.788142185483     
   17.6000000000000        171.728146377598     
   17.6500000000000        171.607730118787     
   17.7000000000000        171.837567908723     
   17.7500000000000        171.854182408046     
   17.8000000000000        171.618241744870     
   17.8500000000000        171.760128932076     
   17.9000000000000        171.775499817845     
   17.9500000000000        171.650307552421     
   18.0000000000000        171.558650078407     
   18.0500000000000        171.628440254603     
   18.1000000000000        171.680914750216     
   18.1500000000000        171.876464048356     
   18.2000000000000        171.671457333247     
   18.2500000000000        171.653211048481     
   18.3000000000000        171.648192535279     
   18.3500000000000        171.689940236540     
   18.4000000000000        171.657569933182     
   18.4500000000000        171.703118123313     
   18.5000000000000        171.509813154979     
   18.5500000000000        171.737354341026     
   18.6000000000000        171.558440968565     
   18.6500000000000        171.700940094428     
   18.7000000000000        171.574418861625     
   18.7500000000000        171.694964868042     
   18.8000000000000        171.597486877044     
   18.8500000000000        171.615729899490     
   18.9000000000000        171.999339604821     
   18.9500000000000        171.589382031409     
   19.0000000000000        171.777408322181     
   19.0500000000000        171.804611159928     
   19.1000000000000        171.814052334151     
   19.1500000000000        171.444838636622     
   19.2000000000000        171.539439242385     
   19.2500000000000        171.810687958031     
   19.3000000000000        171.776053796186     
   19.3500000000000        171.640772280372     
   19.4000000000000        171.562526325600     
   19.4500000000000        171.643137382456     
   19.5000000000000        171.755231636040     
   19.5500000000000        171.612013011680     
   19.6000000000000        171.436269495216     
   19.6500000000000        171.701059696212     
   19.7000000000000        171.585903169279     
   19.7500000000000        171.664739357231     
   19.8000000000000        171.772126794594     
   19.8500000000000        171.724807949451     
   19.9000000000000        171.864199429495     
   19.9500000000000        171.643211930554     
   20.0000000000000        171.631712960139     
   20.0500000000000        171.757714800172     
   20.1000000000000        171.703100323948     
   20.1500000000000        171.790774343630     
   20.2000000000000        171.751186712341     
   20.2500000000000        171.734139286268     
   20.3000000000000        171.771313972527     
   20.3500000000000        171.624307359282     
   20.4000000000000        171.795091524946     
   20.4500000000000        171.678400289064     
   20.5000000000000        171.630185289743     
   20.5500000000000        171.574448768994     
   20.6000000000000        171.538747116363     
   20.6500000000000        171.706064027371     
   20.7000000000000        171.522495294945     
   20.7500000000000        171.583302220062     
   20.8000000000000        171.533907171614     
   20.8500000000000        171.433051645381     
   20.9000000000000        171.739560480207     
   20.9500000000000        171.353578463018     
   21.0000000000000        171.679613445568     
   21.0500000000000        171.582613553012     
   21.1000000000000        171.774011667765     
   21.1500000000000        171.652394804401     
   21.2000000000000        171.829107494648     
   21.2500000000000        171.682544866824     
   21.3000000000000        171.690523477785     
   21.3500000000000        171.931711244408     
   21.4000000000000        171.588519975448     
   21.4500000000000        171.707826263663     
   21.5000000000000        171.693121375563     
   21.5500000000000        171.707618339412     
   21.6000000000000        171.863841115143     
   21.6500000000000        171.691744178312     
   21.7000000000000        171.544182317577     
   21.7500000000000        171.764517494565     
   21.8000000000000        171.537981982679     
   21.8500000000000        171.871540468158     
   21.9000000000000        171.669003470013     
   21.9500000000000        171.592932086517     
   22.0000000000000        171.580654861888     
   22.0500000000000        171.727318375720     
   22.1000000000000        171.764448112481     
   22.1500000000000        171.756333073909     
   22.2000000000000        171.550486654907     
   22.2500000000000        171.748188629420     
   22.3000000000000        171.725581159129     
   22.3500000000000        171.769385153400     
   22.4000000000000        171.643639990603     
   22.4500000000000        171.592207693623     
   22.5000000000000        171.702790912915     
   22.5500000000000        171.696326482477     
   22.6000000000000        171.601299213804     
   22.6500000000000        171.579686665299     
   22.7000000000000        171.703797955822     
   22.7500000000000        171.616392037646     
   22.8000000000000        171.783665246717     
   22.8500000000000        171.518344818756     
   22.9000000000000        171.594209128323     
   22.9500000000000        171.751578930526     
   23.0000000000000        171.559688478261     
   23.0500000000000        171.593609971988     
   23.1000000000000        171.767533058914     
   23.1500000000000        171.658993106128     
   23.2000000000000        171.662828517505     
   23.2500000000000        171.885043299194     
   23.3000000000000        171.484201417342     
   23.3500000000000        171.704130865393     
   23.4000000000000        171.610370867114     
   23.4500000000000        171.665445147682     
   23.5000000000000        171.808441353880     
   23.5500000000000        171.611623851363     
   23.6000000000000        171.714677133425     
   23.6500000000000        171.482649939876     
   23.7000000000000        171.666599760181     
   23.7500000000000        171.676292791371     
   23.8000000000000        171.661258248327     
   23.8500000000000        171.712786019335     
   23.9000000000000        171.643378287782     
   23.9500000000000        171.908639730010     
   24.0000000000000        171.627406635761     
   24.0500000000000        171.742682427473     
   24.1000000000000        171.629569121069     
   24.1500000000000        171.689233560507     
   24.2000000000000        171.747734756136     
   24.2500000000000        171.763214076374     
   24.3000000000000        171.422072119530     
   24.3500000000000        171.732745738958     
   24.4000000000000        171.643228941571     
   24.4500000000000        171.593002815211     
   24.5000000000000        171.477798460773     
   24.5500000000000        171.548433528291     
   24.6000000000000        171.801700279323     
   24.6500000000000        171.783093651017     
   24.7000000000000        171.623481892620     
   24.7500000000000        171.744060808684     
   24.8000000000000        171.629986205593     
   24.8500000000000        171.828515322303     
   24.9000000000000        171.822338095563     
   24.9500000000000        171.757795424089     
   25.0000000000000        171.601188250249     
   25.0500000000000        171.569029590634     
   25.1000000000000        171.670574575733     
   25.1500000000000        171.559728426468     
   25.2000000000000        171.957079642502     
   25.2500000000000        171.575733181045     
   25.3000000000000        171.516491911257     
   25.3500000000000        171.698427520368     
   25.4000000000000        171.640173267155     
   25.4500000000000        171.757437190403     
   25.5000000000000        171.804050304259     
   25.5500000000000        171.599842083254     
   25.6000000000000        171.736891052528     
   25.6500000000000        171.538799124722     
   25.7000000000000        171.732624601914     
   25.7500000000000        171.519450931676     
   25.8000000000000        171.724005211570     
   25.8500000000000        171.596464657034     
   25.9000000000000        171.634975530263     
   25.9500000000000        171.737365016108     
   26.0000000000000        171.908464900339     
   26.0500000000000        171.823854423891     
   26.1000000000000        171.697698793811     
   26.1500000000000        171.633741535953     
   26.2000000000000        171.470443551347     
   26.2500000000000        171.772506431506     
   26.3000000000000        171.527012746601     
   26.3500000000000        171.782364938996     
   26.4000000000000        171.700205205828     
   26.4500000000000        171.532523112689     
   26.5000000000000        172.037850386817     
   26.5500000000000        171.480346564791     
   26.6000000000000        172.040273782837     
   26.6500000000000        171.758862072595     
   26.7000000000000        171.594640293493     
   26.7500000000000        171.741771891085     
   26.8000000000000        171.854387645684     
   26.8500000000000        171.816151728325     
   26.9000000000000        171.587525325997     
   26.9500000000000        171.631225335856     
   27.0000000000000        171.714621748714     
   27.0500000000000        171.414292669996     
   27.1000000000000        171.799420105465     
   27.1500000000000        171.816784750873     
   27.2000000000000        171.610987834526     
   27.2500000000000        171.635402182826     
   27.3000000000000        171.715654643973     
   27.3500000000000        172.044300747779     
   27.4000000000000        171.645869461133     
   27.4500000000000        171.619920639317     
   27.5000000000000        171.638159503126     
   27.5500000000000        171.711733334307     
   27.6000000000000        171.665743666460     
   27.6500000000000        171.563061858800     
   27.7000000000000        171.575711569349     
   27.7500000000000        171.594474790648     
   27.8000000000000        171.926583327717     
   27.8500000000000        171.704706417849     
   27.9000000000000        171.858928209745     
   27.9500000000000        171.729565049583     
   28.0000000000000        171.778635898265     
   28.0500000000000        171.562487037995     
   28.1000000000000        171.899173313842     
   28.1500000000000        171.726798874407     
   28.2000000000000        171.507767612257     
   28.2500000000000        171.647265282711     
   28.3000000000000        171.669504158979     
   28.3500000000000        171.770305519986     
   28.4000000000000        171.611345116161     
   28.4500000000000        171.813017312946     
   28.5000000000000        171.489599838087     
   28.5500000000000        171.765011567682     
   28.6000000000000        171.799322414372     
   28.6500000000000        171.566085810476     
   28.7000000000000        171.589624464391     
   28.7500000000000        171.776534967804     
   28.8000000000000        171.840600252433     
   28.8500000000000        171.685345173202     
   28.9000000000000        171.600842484249     
   28.9500000000000        171.591768268147     
   29.0000000000000        171.711797413913     
   29.0500000000000        171.696288569455     
   29.1000000000000        171.625449136085     
   29.1500000000000        171.719432118987     
   29.2000000000000        171.516627074585     
   29.2500000000000        171.738427036744     
   29.3000000000000        171.569941212060     
   29.3500000000000        171.597584615452     
   29.4000000000000        171.670377951465     
   29.4500000000000        171.921449240337     
   29.5000000000000        171.664791632502     
   29.5500000000000        171.612692119255     
   29.6000000000000        171.679401713498     
   29.6500000000000        171.744884066871     
   29.7000000000000        171.550523105941     
   29.7500000000000        171.502146776529     
   29.8000000000000        171.711912584762     
   29.8500000000000        171.685022586592     
   29.9000000000000        171.600135787760     
   29.9500000000000        171.627236428132     
   30.0000000000000        171.697947594168     
   30.0500000000000        171.559087822844     
   30.1000000000000        171.636420264546     
   30.1500000000000        171.712373168074     
   30.2000000000000        171.578180836402     
   30.2500000000000        171.795712541620     
   30.3000000000000        171.991733311145     
   30.3500000000000        171.725864580262     
   30.4000000000000        171.642644489993     
   30.4500000000000        171.563008764017     
   30.5000000000000        171.599247483717     
   30.5500000000000        171.784313424690     
   30.6000000000000        171.656502995508     
   30.6500000000000        171.781959736495     
   30.7000000000000        171.625903556273     
   30.7500000000000        171.526347184783     
   30.8000000000000        171.766393664936     
   30.8500000000000        171.773770382995     
   30.9000000000000        171.628136453909     
   30.9500000000000        171.276000196861     
   31.0000000000000        171.687793740658     
   31.0500000000000        171.648963438230     
   31.1000000000000        171.550042158682     
   31.1500000000000        171.695018457269     
   31.2000000000000        171.613912659092     
   31.2500000000000        171.759748350200     
   31.3000000000000        171.305839339134     
   31.3500000000000        171.229728392478     
   31.4000000000000        171.678657230581     
   31.4500000000000        171.804151840130     
   31.5000000000000        171.799231716368     
   31.5500000000000        171.612296355155     
   31.6000000000000        171.615281514498     
   31.6500000000000        171.647607165977     
   31.7000000000000        171.616053383052     
   31.7500000000000        171.749734082347     
   31.8000000000000        171.603118811531     
   31.8500000000000        171.461905471344     
   31.9000000000000        171.709795251013     
   31.9500000000000        171.672094119303     
   32.0000000000000        171.658773872167     
   32.0500000000000        171.720774363375     
   32.1000000000000        171.975750707718     
   32.1500000000000        171.828239055131     
   32.2000000000000        171.585439297672     
   32.2500000000000        171.709589052416     
   32.3000000000000        171.592063760337     
   32.3500000000000        171.528615339795     
   32.4000000000000        171.634549095485     
   32.4500000000000        171.677419399003     
   32.5000000000000        171.703652758695     
   32.5500000000000        171.498241922327     
   32.6000000000000        171.634730935667     
   32.6500000000000        171.814517700183     
   32.7000000000000        171.720531711571     
   32.7500000000000        171.912540896305     
   32.8000000000000        171.825778910462     
   32.8500000000000        171.623274245767     
   32.9000000000000        171.672162335526     
   32.9500000000000        171.566954364521     
   33.0000000000000        171.753874714292     
   33.0500000000000        171.876618858416     
   33.1000000000000        171.397242610354     
   33.1500000000000        171.494069898281     
   33.2000000000000        171.662219500921     
   33.2500000000000        171.294992176848     
   33.3000000000000        171.576877363182     
   33.3500000000000        171.586244160846     
   33.4000000000000        171.712172212914     
   33.4500000000000        171.663848433395     
   33.5000000000000        171.674711996672     
   33.5500000000000        171.677212437535     
   33.6000000000000        171.578816633157     
   33.6500000000000        171.792705426831     
   33.7000000000000        171.755591327985     
   33.7500000000000        171.752438456761     
   33.8000000000000        171.560463917553     
   33.8500000000000        171.734153833707     
   33.9000000000000        171.845879508051     
   33.9500000000000        171.581369796549     
   34.0000000000000        171.709537636146     
   34.0500000000000        171.719489395024     
   34.1000000000000        171.737771663783     
   34.1500000000000        171.802974994397     
   34.2000000000000        171.980850284790     
   34.2500000000000        171.830863693335     
   34.3000000000000        171.648028742869     
   34.3500000000000        171.583825609094     
   34.4000000000000        171.785216056705     
   34.4500000000000        171.615359135247     
   34.5000000000000        171.759884228777     
   34.5500000000000        171.605007293194     
   34.6000000000000        171.731699494130     
   34.6500000000000        171.712080943225     
   34.7000000000000        171.693746576627     
   34.7500000000000        171.561809166199     
   34.8000000000000        171.773294569673     
   34.8500000000000        171.776295032677     
   34.9000000000000        171.596332625182     
   34.9500000000000        171.765132831437     
   35.0000000000000        171.433137929639     
   35.0500000000000        171.425240965499     
   35.1000000000000        171.752623479632     
   35.1500000000000        171.660609038090     
   35.2000000000000        171.393793215340     
   35.2500000000000        171.703911104645     
   35.3000000000000        171.743308482901     
   35.3500000000000        171.709715885989     
   35.4000000000000        171.750826840203     
   35.4500000000000        171.640695852366     
   35.5000000000000        171.734242711944     
   35.5500000000000        171.652254734530     
   35.6000000000000        171.687944745291     
   35.6500000000000        171.558699042422     
   35.7000000000000        171.598021413526     
   35.7500000000000        171.682239557835     
   35.8000000000000        171.699598454172     
   35.8500000000000        171.666824191813     
   35.9000000000000        171.544157568188     
   35.9500000000000        171.544198045731     
   36.0000000000000        171.489088674466     
   36.0500000000000        171.671179496965     
   36.1000000000000        171.622555940495     
   36.1500000000000        171.496564602955     
   36.2000000000000        171.840568706239     
   36.2500000000000        171.758019739658     
   36.3000000000000        171.608652678197     
   36.3500000000000        171.839836183692     
   36.4000000000000        171.454855018297     
   36.4500000000000        171.671061945109     
   36.5000000000000        171.616312219023     
   36.5500000000000        171.688899777355     
   36.6000000000000        171.636779245650     
   36.6500000000000        171.829573970925     
   36.7000000000000        171.793305101433     
   36.7500000000000        171.477903668406     
   36.8000000000000        171.663530015052     
   36.8500000000000        171.561735281549     
   36.9000000000000        171.754521791421     
   36.9500000000000        171.574586506641     
   37.0000000000000        171.913476469476     
   37.0500000000000        171.662275500648     
   37.1000000000000        171.710192121989     
   37.1500000000000        171.750247596055     
   37.2000000000000        171.597863798374     
   37.2500000000000        171.988177554752     
   37.3000000000000        171.543788780961     
   37.3500000000000        171.701042670932     
   37.4000000000000        171.604808729808     
   37.4500000000000        171.887588218758     
   37.5000000000000        171.531872590977     
   37.5500000000000        171.778006529435     
   37.6000000000000        171.636714968607     
   37.6500000000000        171.788951476607     
   37.7000000000000        171.691104540774     
   37.7500000000000        171.756073383460     
   37.8000000000000        171.799945199743     
   37.8500000000000        171.831586288920     
   37.9000000000000        171.682257216269     
   37.9500000000000        171.593342337370     
   38.0000000000000        171.467605690373     
   38.0500000000000        171.708368031168     
   38.1000000000000        171.628346265415     
   38.1500000000000        171.432655583906     
   38.2000000000000        171.622552315474     
   38.2500000000000        171.504794593169     
   38.3000000000000        171.762293411524     
   38.3500000000000        171.630933786110     
   38.4000000000000        171.652646803652     
   38.4500000000000        171.545161681386     
   38.5000000000000        171.612101848274     
   38.5500000000000        171.789594877470     
   38.6000000000000        171.721625852076     
   38.6500000000000        171.942244482830     
   38.7000000000000        171.694565855430     
   38.7500000000000        171.685086159005     
   38.8000000000000        171.697584684701     
   38.8500000000000        171.740193397281     
   38.9000000000000        171.593394990040     
   38.9500000000000        171.937605424452     
   39.0000000000000        171.663376083585     
   39.0500000000000        171.610088833771     
   39.1000000000000        171.707206655259     
   39.1500000000000        171.531573058189     
   39.2000000000000        171.421183840553     
   39.2500000000000        171.529524871446     
   39.3000000000000        171.611179558956     
   39.3500000000000        171.828827523812     
   39.4000000000000        171.603656486218     
   39.4500000000000        171.619984852069     
   39.5000000000000        171.615717453952     
   39.5500000000000        171.653067772225     
   39.6000000000000        171.653269905835     
   39.6500000000000        171.417619604209     
   39.7000000000000        171.765630400213     
   39.7500000000000        171.653015136732     
   39.8000000000000        171.798533285339     
   39.8500000000000        171.770969473340     
   39.9000000000000        171.634594686671     
   39.9500000000000        171.520758351836     
   40.0000000000000        171.517159206153     
   40.0500000000000        171.718047365176     
   40.1000000000000        171.563447637429     
   40.1500000000000        171.555719738703     
   40.2000000000000        171.635445401543     
   40.2500000000000        171.635736311435     
   40.3000000000000        171.901975028577     
   40.3500000000000        171.482390253525     
   40.4000000000000        171.965763751184     
   40.4500000000000        171.704893444492     
   40.5000000000000        171.624221239097     
   40.5500000000000        171.585298584952     
   40.6000000000000        171.761184572092     
   40.6500000000000        171.693152459947     
   40.7000000000000        171.693380952707     
   40.7500000000000        171.729537916490     
   40.8000000000000        171.690745018341     
   40.8500000000000        171.527043125145     
   40.9000000000000        171.614127318396     
   40.9500000000000        171.758324344642     
   41.0000000000000        171.422940640404     
   41.0500000000000        171.672611486717     
   41.1000000000000        171.511084210257     
   41.1500000000000        171.784733275919     
   41.2000000000000        171.711211134760     
   41.2500000000000        171.906799991340     
   41.3000000000000        171.833470632182     
   41.3500000000000        171.729874847914     
   41.4000000000000        171.748971875032     
   41.4500000000000        171.624002786245     
   41.5000000000000        171.676906395390     
   41.5500000000000        171.572060552493     
   41.6000000000000        171.766552461871     
   41.6500000000000        171.781888236524     
   41.7000000000000        171.555824609017     
   41.7500000000000        171.534001087434     
   41.8000000000000        171.546357180818     
   41.8500000000000        171.486061157126     
   41.9000000000000        171.493290184851     
   41.9500000000000        171.757695693515     
   42.0000000000000        171.628804361177     
   42.0500000000000        171.833570868107     
   42.1000000000000        171.481798066276     
   42.1500000000000        171.695458709953     
   42.2000000000000        171.602703580164     
   42.2500000000000        171.453323377067     
   42.3000000000000        171.514322118909     
   42.3500000000000        171.671303410866     
   42.4000000000000        171.469327880731     
   42.4500000000000        171.729506313591     
   42.5000000000000        171.750747747270     
   42.5500000000000        171.717231344751     
   42.6000000000000        171.633771341786     
   42.6500000000000        171.592107820507     
   42.7000000000000        171.640926172984     
   42.7500000000000        171.794008791468     
   42.8000000000000        171.695625532279     
   42.8500000000000        171.832572817776     
   42.9000000000000        171.661209844347     
   42.9500000000000        171.809869571062     
   43.0000000000000        171.437824518723     
   43.0500000000000        171.800726055638     
   43.1000000000000        171.657499047725     
   43.1500000000000        171.551081748820     
   43.2000000000000        171.789017851442     
   43.2500000000000        171.701480044753     
   43.3000000000000        171.782514065872     
   43.3500000000000        171.551422699753     
   43.4000000000000        171.708412470564     
   43.4500000000000        171.684636151790     
   43.5000000000000        171.828020462003     
   43.5500000000000        171.796297896141     
   43.6000000000000        171.739994569726     
   43.6500000000000        171.879178271629     
   43.7000000000000        171.773445568849     
   43.7500000000000        171.735629430231     
   43.8000000000000        171.778097724405     
   43.8500000000000        171.533950990985     
   43.9000000000000        171.589116512635     
   43.9500000000000        171.692815039080     
   44.0000000000000        171.502419258299     
   44.0500000000000        171.817782815107     
   44.1000000000000        171.553943818861     
   44.1500000000000        171.538096391419     
   44.2000000000000        171.630548152842     
   44.2500000000000        171.663330830393     
   44.3000000000000        171.554390483667     
   44.3500000000000        171.681385922198     
   44.4000000000000        171.607213096399     
   44.4500000000000        171.768905585500     
   44.5000000000000        171.611539877866     
   44.5500000000000        171.865981152089     
   44.6000000000000        171.654922302901     
   44.6500000000000        171.626208970436     
   44.7000000000000        171.646285286035     
   44.7500000000000        171.474862075425     
   44.8000000000000        171.662637776358     
   44.8500000000000        171.745375981599     
   44.9000000000000        171.630741374629     
   44.9500000000000        171.624607183492     
   45.0000000000000        171.838260726756     
   45.0500000000000        171.677079668430     
   45.1000000000000        171.393226271016     
   45.1500000000000        171.483573661419     
   45.2000000000000        171.587030441492     
   45.2500000000000        171.727570958977     
   45.3000000000000        171.625211999896     
   45.3500000000000        171.431910670714     
   45.4000000000000        171.760442080059     
   45.4500000000000        171.681339381597     
   45.5000000000000        171.662520530139     
   45.5500000000000        171.666205705608     
   45.6000000000000        171.598683373314     
   45.6500000000000        171.744804927811     
   45.7000000000000        171.443299431693     
   45.7500000000000        171.752609808752     
   45.8000000000000        171.536134139281     
   45.8500000000000        171.520397377222     
   45.9000000000000        171.766323291557     
   45.9500000000000        171.483839702989     
   46.0000000000000        171.633033126706     
   46.0500000000000        171.412453708271     
   46.1000000000000        171.589808833329     
   46.1500000000000        171.720014174453     
   46.2000000000000        171.710442352072     
   46.2500000000000        171.599875209359     
   46.3000000000000        171.693550489005     
   46.3500000000000        171.963444275206     
   46.4000000000000        171.737788574105     
   46.4500000000000        171.662179133534     
   46.5000000000000        171.731868505612     
   46.5500000000000        171.605883967302     
   46.6000000000000        171.443359565397     
   46.6500000000000        171.611771126079     
   46.7000000000000        171.645496612685     
   46.7500000000000        171.391666623901     
   46.8000000000000        171.722635087124     
   46.8500000000000        171.570490166786     
   46.9000000000000        171.385618034007     
   46.9500000000000        171.746522649932     
   47.0000000000000        171.684946427487     
   47.0500000000000        171.462666197139     
   47.1000000000000        171.518945561303     
   47.1500000000000        171.560001447571     
   47.2000000000000        171.552568783110     
   47.2500000000000        171.902164587415     
   47.3000000000000        171.603900482777     
   47.3500000000000        171.636895460355     
   47.4000000000000        171.736698381225     
   47.4500000000000        171.960644675091     
   47.5000000000000        171.401955096148     
   47.5500000000000        171.676788249955     
   47.6000000000000        171.764450658142     
   47.6500000000000        171.778258354284     
   47.7000000000000        171.675253254154     
   47.7500000000000        171.725511719177     
   47.8000000000000        171.624846489220     
   47.8500000000000        171.913656069186     
   47.9000000000000        171.768419251267     
   47.9500000000000        171.598280748537     
   48.0000000000000        171.738919108620     
   48.0500000000000        171.723903363355     
   48.1000000000000        171.651214108205     
   48.1500000000000        171.446988603246     
   48.2000000000000        171.688667363538     
   48.2500000000000        171.587076645567     
   48.3000000000000        171.670867720665     
   48.3500000000000        171.567513605836     
   48.4000000000000        171.856041707488     
   48.4500000000000        171.723715283350     
   48.5000000000000        171.592110185043     
   48.5500000000000        171.657839223036     
   48.6000000000000        171.889712466770     
   48.6500000000000        171.634468881117     
   48.7000000000000        171.559567122732     
   48.7500000000000        171.823510936729     
   48.8000000000000        171.560924138934     
   48.8500000000000        171.596584018080     
   48.9000000000000        171.598881095926     
   48.9500000000000        171.698911263972     
   49.0000000000000        171.623324138096     
   49.0500000000000        171.495969692725     
   49.1000000000000        171.455484526852     
   49.1500000000000        171.761840906869     
   49.2000000000000        171.508362197500     
   49.2500000000000        171.768608728888     
   49.3000000000000        171.732509362156     
   49.3500000000000        171.747429939033     
   49.4000000000000        171.578362809318     
   49.4500000000000        172.074450563653     
   49.5000000000000        171.706182854065     
   49.5500000000000        171.643370705265     
   49.6000000000000        171.867022737597     
   49.6500000000000        171.870098167861     
   49.7000000000000        171.757266628030     
   49.7500000000000        171.647996026230     
   49.8000000000000        171.693215366411     
   49.8500000000000        171.612196004799     
   49.9000000000000        171.780070597261     
   49.9500000000000        171.659274114669     
   50.0000000000000        171.603737190943     
