  1.000000000000000E-002  0.000000000000000E+000
  2.000000000000000E-002  0.000000000000000E+000
  3.000000000000000E-002  0.000000000000000E+000
  4.000000000000000E-002  0.000000000000000E+000
  5.000000000000000E-002  0.000000000000000E+000
  6.000000000000000E-002  0.000000000000000E+000
  7.000000000000001E-002  0.000000000000000E+000
  8.000000000000000E-002  0.000000000000000E+000
  9.000000000000000E-002  0.000000000000000E+000
  0.100000000000000       0.000000000000000E+000
  0.110000000000000       0.000000000000000E+000
  0.120000000000000       0.000000000000000E+000
  0.130000000000000       0.000000000000000E+000
  0.140000000000000       0.000000000000000E+000
  0.150000000000000       0.000000000000000E+000
  0.160000000000000       0.000000000000000E+000
  0.170000000000000       0.000000000000000E+000
  0.180000000000000       0.000000000000000E+000
  0.190000000000000       0.000000000000000E+000
  0.200000000000000       0.000000000000000E+000
  0.210000000000000       0.000000000000000E+000
  0.220000000000000       0.000000000000000E+000
  0.230000000000000       0.000000000000000E+000
  0.240000000000000       0.000000000000000E+000
  0.250000000000000       0.000000000000000E+000
  0.260000000000000       0.000000000000000E+000
  0.270000000000000       0.000000000000000E+000
  0.280000000000000       0.000000000000000E+000
  0.290000000000000       0.000000000000000E+000
  0.300000000000000       0.000000000000000E+000
  0.310000000000000       0.000000000000000E+000
  0.320000000000000       0.000000000000000E+000
  0.330000000000000       0.000000000000000E+000
  0.340000000000000       0.000000000000000E+000
  0.350000000000000       0.000000000000000E+000
  0.360000000000000       0.000000000000000E+000
  0.370000000000000       0.000000000000000E+000
  0.380000000000000       0.000000000000000E+000
  0.390000000000000       0.000000000000000E+000
  0.400000000000000       0.000000000000000E+000
  0.410000000000000       0.000000000000000E+000
  0.420000000000000       0.000000000000000E+000
  0.430000000000000       0.000000000000000E+000
  0.440000000000000       0.000000000000000E+000
  0.450000000000000       0.000000000000000E+000
  0.460000000000000       0.000000000000000E+000
  0.470000000000000       0.000000000000000E+000
  0.480000000000000       0.000000000000000E+000
  0.490000000000000       0.000000000000000E+000
  0.500000000000000       0.000000000000000E+000
  0.510000000000000       0.000000000000000E+000
  0.520000000000000       0.000000000000000E+000
  0.530000000000000       0.000000000000000E+000
  0.540000000000000       0.000000000000000E+000
  0.550000000000000       0.000000000000000E+000
  0.560000000000000       0.000000000000000E+000
  0.570000000000000       0.000000000000000E+000
  0.580000000000000       0.000000000000000E+000
  0.590000000000000       0.000000000000000E+000
  0.600000000000000       0.000000000000000E+000
  0.610000000000000       0.000000000000000E+000
  0.620000000000000       0.000000000000000E+000
  0.630000000000000       0.000000000000000E+000
  0.640000000000000       0.000000000000000E+000
  0.650000000000000       1.742558195786308E-005
  0.660000000000000       1.588372054316873E-004
  0.670000000000000       8.753972986673064E-004
  0.680000000000000       3.217222386255992E-003
  0.690000000000000       9.514067935400146E-003
  0.700000000000000       2.450893852622143E-002
  0.710000000000000       4.955959127491074E-002
  0.720000000000000       9.123549087379783E-002
  0.730000000000000       0.152673776732243     
  0.740000000000000       0.230830284888186     
  0.750000000000000       0.326257849662629     
  0.760000000000000       0.433863289404235     
  0.770000000000000       0.548457491706139     
  0.780000000000000       0.664832950766395     
  0.790000000000000       0.778342922949053     
  0.800000000000000       0.888614666027382     
  0.810000000000000       0.984454868161485     
  0.820000000000000        1.07695046144899     
  0.830000000000000        1.15381375968945     
  0.840000000000000        1.21656831782574     
  0.850000000000000        1.27476129876612     
  0.860000000000000        1.31885553200746     
  0.870000000000000        1.35753364024888     
  0.880000000000000        1.38746022969533     
  0.890000000000000        1.40584125426179     
  0.900000000000000        1.42146972132749     
  0.910000000000000        1.42709791047217     
  0.920000000000000        1.42698625943064     
  0.930000000000000        1.42700167086617     
  0.940000000000000        1.42156020124887     
  0.950000000000000        1.41337205061383     
  0.960000000000000        1.40119279409505     
  0.970000000000000        1.38923400647177     
  0.980000000000000        1.37632918504576     
  0.990000000000000        1.35887727547502     
   1.00000000000000        1.34602219568552     
   1.01000000000000        1.32946375781143     
   1.02000000000000        1.31083606842584     
   1.03000000000000        1.29538771748162     
   1.04000000000000        1.27722578919599     
   1.05000000000000        1.26244612249540     
   1.06000000000000        1.24561987586341     
   1.07000000000000        1.23024953047512     
   1.08000000000000        1.21484266853900     
   1.09000000000000        1.19784002784644     
   1.10000000000000        1.18349495029305     
   1.11000000000000        1.16832113893841     
   1.12000000000000        1.15513859675300     
   1.13000000000000        1.14215442889962     
   1.14000000000000        1.12947913714068     
   1.15000000000000        1.11606628281624     
   1.16000000000000        1.10209340100783     
   1.17000000000000        1.09076690554614     
   1.18000000000000        1.08128934027152     
   1.19000000000000        1.06952580631201     
   1.20000000000000        1.06113625075970     
   1.21000000000000        1.04950861380319     
   1.22000000000000        1.04024485594079     
   1.23000000000000        1.03214250211512     
   1.24000000000000        1.02349206180719     
   1.25000000000000        1.01556614560127     
   1.26000000000000        1.00778581071885     
   1.27000000000000        1.00057119233372     
   1.28000000000000       0.993204735814754     
   1.29000000000000       0.985865595361182     
   1.30000000000000       0.981379719121963     
   1.31000000000000       0.974516704958410     
   1.32000000000000       0.972339659364815     
   1.33000000000000       0.967309940084705     
   1.34000000000000       0.960833272814092     
   1.35000000000000       0.958586072899738     
   1.36000000000000       0.954095445680361     
   1.37000000000000       0.950172310802254     
   1.38000000000000       0.950509812220486     
   1.39000000000000       0.948521583351513     
   1.40000000000000       0.944331034718595     
   1.41000000000000       0.942863281646840     
   1.42000000000000       0.943243448621110     
   1.43000000000000       0.940312713875319     
   1.44000000000000       0.939432702834621     
   1.45000000000000       0.940412464297413     
   1.46000000000000       0.940295878016914     
   1.47000000000000       0.939191597156678     
   1.48000000000000       0.941264279317298     
   1.49000000000000       0.943163924274808     
   1.50000000000000       0.943677291818838     
   1.51000000000000       0.945608336839787     
   1.52000000000000       0.948262936691308     
   1.53000000000000       0.950781155167396     
   1.54000000000000       0.953327622586312     
   1.55000000000000       0.954482293822415     
   1.56000000000000       0.958415724004643     
   1.57000000000000       0.960709965166266     
   1.58000000000000       0.967575229038922     
   1.59000000000000       0.968451010789568     
   1.60000000000000       0.972128643228451     
   1.61000000000000       0.976248160400816     
   1.62000000000000       0.979025134949237     
   1.63000000000000       0.982969035098248     
   1.64000000000000       0.986704445445696     
   1.65000000000000       0.988587772535338     
   1.66000000000000       0.991547899005602     
   1.67000000000000       0.993697388957498     
   1.68000000000000       0.996498137096075     
   1.69000000000000       0.999825964947126     
   1.70000000000000        1.00239900863118     
   1.71000000000000        1.00442760745858     
   1.72000000000000        1.00746088438212     
   1.73000000000000        1.00965924087596     
   1.74000000000000        1.01135334812282     
   1.75000000000000        1.01264291323682     
   1.76000000000000        1.01416137453914     
   1.77000000000000        1.01677992275051     
   1.78000000000000        1.01793054224748     
   1.79000000000000        1.01860937685282     
   1.80000000000000        1.02136410504814     
   1.81000000000000        1.02064746145731     
   1.82000000000000        1.02072258588326     
   1.83000000000000        1.02159237985878     
   1.84000000000000        1.02215140744624     
   1.85000000000000        1.02251139455209     
   1.86000000000000        1.02237949647420     
   1.87000000000000        1.02376484173016     
   1.88000000000000        1.02368052376083     
   1.89000000000000        1.02212195694868     
   1.90000000000000        1.02156393783984     
   1.91000000000000        1.02252385467268     
   1.92000000000000        1.02195150668617     
   1.93000000000000        1.02124740486462     
   1.94000000000000        1.02015316563989     
   1.95000000000000        1.02070303928437     
   1.96000000000000        1.01952405831796     
   1.97000000000000        1.01757451797132     
   1.98000000000000        1.01889656240323     
   1.99000000000000        1.01779782614725     
   2.00000000000000        1.01650337910733     
   2.01000000000000        1.01672125156676     
   2.02000000000000        1.01576950353293     
   2.03000000000000        1.01356881837063     
   2.04000000000000        1.01365305597456     
   2.05000000000000        1.01381892463314     
   2.06000000000000        1.01335882011195     
   2.07000000000000        1.01050643815590     
   2.08000000000000        1.01100139362954     
   2.09000000000000        1.01016664279423     
   2.10000000000000        1.00920327761630     
   2.11000000000000        1.00871453619061     
   2.12000000000000        1.00601917259265     
   2.13000000000000        1.00724736800275     
   2.14000000000000        1.00732664469156     
   2.15000000000000        1.00596526638843     
   2.16000000000000        1.00553734033300     
   2.17000000000000        1.00503942379554     
   2.18000000000000        1.00441403697676     
   2.19000000000000        1.00478720216557     
   2.20000000000000        1.00347569406353     
   2.21000000000000        1.00420009055475     
   2.22000000000000        1.00327675149189     
   2.23000000000000        1.00221811280009     
   2.24000000000000        1.00215325381362     
   2.25000000000000        1.00204287321409     
   2.26000000000000        1.00179095590768     
   2.27000000000000        1.00132692585297     
   2.28000000000000        1.00083820783483     
   2.29000000000000        1.00099586431452     
   2.30000000000000        1.00032188711284     
   2.31000000000000        1.00006181380187     
   2.32000000000000        1.00004945095862     
   2.33000000000000        1.00041121992477     
   2.34000000000000        1.00019426736300     
   2.35000000000000       0.999654850378680     
   2.36000000000000        1.00034130142789     
   2.37000000000000        1.00030616881229     
   2.38000000000000        1.00007832886728     
   2.39000000000000        1.00012959795061     
   2.40000000000000       0.999955814208693     
   2.41000000000000        1.00007671395779     
   2.42000000000000        1.00028687042719     
   2.43000000000000        1.00053130374310     
   2.44000000000000        1.00108498896348     
   2.45000000000000        1.00056535707670     
   2.46000000000000        1.00019921713152     
   2.47000000000000        1.00055415362401     
   2.48000000000000        1.00055424407430     
   2.49000000000000        1.00072432246441     
   2.50000000000000        1.00129066536055     
   2.51000000000000        1.00154366486217     
   2.52000000000000        1.00321819474199     
   2.53000000000000        1.00328112219689     
   2.54000000000000        1.00226041945623     
   2.55000000000000        1.00383312138482     
   2.56000000000000        1.00336867918248     
   2.57000000000000        1.00290982005897     
   2.58000000000000        1.00336306452291     
   2.59000000000000        1.00373828229830     
   2.60000000000000        1.00411173188896     
   2.61000000000000        1.00352108238348     
   2.62000000000000        1.00384917272809     
   2.63000000000000        1.00436787419861     
   2.64000000000000        1.00406148420521     
   2.65000000000000        1.00454218109233     
   2.66000000000000        1.00490982165309     
   2.67000000000000        1.00502685860482     
   2.68000000000000        1.00377652061289     
   2.69000000000000        1.00506770452519     
   2.70000000000000        1.00520876017617     
   2.71000000000000        1.00470220878081     
   2.72000000000000        1.00443292023928     
   2.73000000000000        1.00560554807934     
   2.74000000000000        1.00485245985981     
   2.75000000000000        1.00414674935046     
   2.76000000000000        1.00522658388363     
   2.77000000000000        1.00568877681854     
   2.78000000000000        1.00487382701976     
   2.79000000000000        1.00467385753762     
   2.80000000000000        1.00386266189748     
   2.81000000000000        1.00556045876645     
   2.82000000000000        1.00419050637749     
   2.83000000000000        1.00469874283690     
   2.84000000000000        1.00424378326198     
   2.85000000000000        1.00459995753861     
   2.86000000000000        1.00475858858724     
   2.87000000000000        1.00457504701642     
   2.88000000000000        1.00339986767637     
   2.89000000000000        1.00436019710879     
   2.90000000000000        1.00350921400773     
   2.91000000000000        1.00378592425142     
   2.92000000000000        1.00375760130139     
   2.93000000000000        1.00331387666789     
   2.94000000000000        1.00403985812694     
   2.95000000000000        1.00408254406282     
   2.96000000000000        1.00328968850739     
   2.97000000000000        1.00282804934366     
   2.98000000000000        1.00320508362549     
   2.99000000000000        1.00313652190335     
   3.00000000000000        1.00319764068673     
   3.01000000000000        1.00343402962144     
   3.02000000000000        1.00225785362378     
   3.03000000000000        1.00253840727822     
   3.04000000000000        1.00317317662986     
   3.05000000000000        1.00296812425046     
   3.06000000000000        1.00336380700382     
   3.07000000000000        1.00268083216359     
   3.08000000000000        1.00327141179953     
   3.09000000000000        1.00371414000035     
   3.10000000000000        1.00264259908353     
   3.11000000000000        1.00289527936490     
   3.12000000000000        1.00305651302925     
   3.13000000000000        1.00307206351544     
   3.14000000000000        1.00306980717399     
   3.15000000000000        1.00296198176897     
   3.16000000000000        1.00258774176853     
   3.17000000000000        1.00374926547943     
   3.18000000000000        1.00252836271374     
   3.19000000000000        1.00246772352563     
   3.20000000000000        1.00313716465795     
   3.21000000000000        1.00290529296664     
   3.22000000000000        1.00225878850191     
   3.23000000000000        1.00331111458817     
   3.24000000000000        1.00287170443294     
   3.25000000000000        1.00289217658237     
   3.26000000000000        1.00248702366672     
   3.27000000000000        1.00262443814337     
   3.28000000000000        1.00261616879283     
   3.29000000000000        1.00267661828908     
   3.30000000000000        1.00266057395762     
   3.31000000000000        1.00355594352790     
   3.32000000000000        1.00349038196662     
   3.33000000000000        1.00281505760117     
   3.34000000000000        1.00373441088438     
   3.35000000000000        1.00318764088930     
   3.36000000000000        1.00384901909203     
   3.37000000000000        1.00371115816729     
   3.38000000000000        1.00333670763564     
   3.39000000000000        1.00391908483977     
   3.40000000000000        1.00328541287558     
   3.41000000000000        1.00389543577052     
   3.42000000000000        1.00358099437775     
   3.43000000000000        1.00342701153294     
   3.44000000000000        1.00340428470413     
   3.45000000000000        1.00324078631464     
   3.46000000000000        1.00311969765243     
   3.47000000000000        1.00373879440036     
   3.48000000000000        1.00316419642694     
   3.49000000000000        1.00293505594010     
   3.50000000000000        1.00337653338221     
   3.51000000000000        1.00264627539334     
   3.52000000000000        1.00287060353659     
   3.53000000000000        1.00255185467255     
   3.54000000000000        1.00267549012253     
   3.55000000000000        1.00310713543353     
   3.56000000000000        1.00368522057001     
   3.57000000000000        1.00249292863925     
   3.58000000000000        1.00287448473038     
   3.59000000000000        1.00326574674734     
   3.60000000000000        1.00268028836905     
   3.61000000000000        1.00233154735866     
   3.62000000000000        1.00316857935924     
   3.63000000000000        1.00239809853367     
   3.64000000000000        1.00288502162663     
   3.65000000000000        1.00299662348857     
   3.66000000000000        1.00277865036878     
   3.67000000000000        1.00327296055449     
   3.68000000000000        1.00295926219782     
   3.69000000000000        1.00282350010932     
   3.70000000000000        1.00205983968620     
   3.71000000000000        1.00236211180072     
   3.72000000000000        1.00261362428711     
   3.73000000000000        1.00298331191006     
   3.74000000000000        1.00246441950639     
   3.75000000000000        1.00292353261064     
   3.76000000000000        1.00194231099216     
   3.77000000000000        1.00283112275916     
   3.78000000000000        1.00229239231549     
   3.79000000000000        1.00279466878658     
   3.80000000000000        1.00254885244535     
   3.81000000000000        1.00211700854113     
   3.82000000000000        1.00279895076121     
   3.83000000000000        1.00274663691414     
   3.84000000000000        1.00268330149086     
   3.85000000000000        1.00276770352334     
   3.86000000000000        1.00218902359201     
   3.87000000000000        1.00237570151557     
   3.88000000000000        1.00284065176462     
   3.89000000000000        1.00301385070509     
   3.90000000000000        1.00279769762378     
   3.91000000000000        1.00318483720736     
   3.92000000000000        1.00208990303429     
   3.93000000000000        1.00203797119378     
   3.94000000000000        1.00288819310350     
   3.95000000000000        1.00187161576600     
   3.96000000000000        1.00275382576179     
   3.97000000000000        1.00215398458718     
   3.98000000000000        1.00313645961968     
   3.99000000000000        1.00235110173147     
   4.00000000000000        1.00270815459129     
   4.01000000000000        1.00253480521221     
   4.02000000000000        1.00237574487216     
   4.03000000000000        1.00258419492888     
   4.04000000000000        1.00196011994132     
   4.05000000000000        1.00248930608560     
   4.06000000000000        1.00221683056496     
   4.07000000000000        1.00246347733699     
   4.08000000000000        1.00202592743702     
   4.09000000000000        1.00244717857929     
   4.10000000000000        1.00196213147863     
   4.11000000000000        1.00249804296655     
   4.12000000000000        1.00188596931376     
   4.13000000000000        1.00146095889491     
   4.14000000000000        1.00203609498328     
   4.15000000000000        1.00159711896523     
   4.16000000000000        1.00161074284828     
   4.17000000000000        1.00206612331065     
   4.18000000000000        1.00236391046834     
   4.19000000000000        1.00179902609801     
   4.20000000000000        1.00239141235754     
   4.21000000000000        1.00216643817306     
   4.22000000000000        1.00245552196260     
   4.23000000000000        1.00246731104448     
   4.24000000000000        1.00244339593292     
   4.25000000000000        1.00235338295648     
   4.26000000000000        1.00218082562067     
   4.27000000000000        1.00246277010735     
   4.28000000000000        1.00214997242023     
   4.29000000000000        1.00193506615734     
   4.30000000000000        1.00264159561008     
   4.31000000000000        1.00216286931132     
   4.32000000000000        1.00229439944973     
   4.33000000000000        1.00220417249640     
   4.34000000000000        1.00222979636005     
   4.35000000000000        1.00199220010799     
   4.36000000000000        1.00247568643456     
   4.37000000000000        1.00197983175103     
   4.38000000000000        1.00249362595927     
   4.39000000000000        1.00209875535186     
   4.40000000000000        1.00231981943146     
   4.41000000000000        1.00255888710613     
   4.42000000000000        1.00206360313412     
   4.43000000000000        1.00197885391528     
   4.44000000000000        1.00235365616564     
   4.45000000000000        1.00268155717236     
   4.46000000000000        1.00277337972821     
   4.47000000000000        1.00238187991185     
   4.48000000000000        1.00268610161648     
   4.49000000000000        1.00226015320468     
   4.50000000000000        1.00242468321244     
   4.51000000000000        1.00195504279082     
   4.52000000000000        1.00200157673592     
   4.53000000000000        1.00185663375688     
   4.54000000000000        1.00210225507788     
   4.55000000000000        1.00178010954106     
   4.56000000000000        1.00210460143036     
   4.57000000000000        1.00189530073189     
   4.58000000000000        1.00184651625001     
   4.59000000000000        1.00174406986602     
   4.60000000000000        1.00213315631572     
   4.61000000000000        1.00236576690654     
   4.62000000000000        1.00231015108392     
   4.63000000000000        1.00234372595995     
   4.64000000000000        1.00191319600926     
   4.65000000000000        1.00201703590827     
   4.66000000000000        1.00216138966146     
   4.67000000000000        1.00174770137166     
   4.68000000000000        1.00183900481975     
   4.69000000000000        1.00184199073960     
   4.70000000000000        1.00195169469635     
   4.71000000000000        1.00174062916191     
   4.72000000000000        1.00193439937489     
   4.73000000000000        1.00219393163599     
   4.74000000000000        1.00156741066765     
   4.75000000000000        1.00216365997283     
   4.76000000000000        1.00224494711854     
   4.77000000000000        1.00230452801724     
   4.78000000000000        1.00159528306532     
   4.79000000000000        1.00158599646843     
   4.80000000000000        1.00214439872657     
   4.81000000000000        1.00230162932301     
   4.82000000000000        1.00160181589639     
   4.83000000000000        1.00164592808727     
   4.84000000000000        1.00156258085272     
   4.85000000000000        1.00176478099481     
   4.86000000000000        1.00194045623776     
   4.87000000000000        1.00206609796893     
   4.88000000000000        1.00221144045237     
   4.89000000000000        1.00182842870812     
   4.90000000000000        1.00189801030985     
   4.91000000000000        1.00227129302337     
   4.92000000000000        1.00184704009771     
   4.93000000000000        1.00158510113084     
   4.94000000000000        1.00246637528722     
   4.95000000000000        1.00151644933318     
   4.96000000000000        1.00152885355546     
   4.97000000000000        1.00188182039445     
   4.98000000000000        1.00158005058080     
   4.99000000000000        1.00161174636442     
   5.00000000000000        1.00143809826314     
   5.01000000000000        1.00123792856892     
   5.02000000000000        1.00155572188331     
   5.03000000000000        1.00131807191156     
   5.04000000000000        1.00206202317038     
   5.05000000000000        1.00179979232486     
   5.06000000000000        1.00188574667115     
   5.07000000000000        1.00201990036265     
   5.08000000000000        1.00177355532860     
   5.09000000000000        1.00162631069731     
   5.10000000000000        1.00169524990784     
   5.11000000000000        1.00160914001515     
   5.12000000000000        1.00166489940937     
   5.13000000000000        1.00174075046417     
   5.14000000000000        1.00192476738577     
   5.15000000000000        1.00178609572739     
   5.16000000000000        1.00179951472914     
   5.17000000000000        1.00173868560980     
   5.18000000000000        1.00224468290170     
   5.19000000000000        1.00201388678062     
   5.20000000000000        1.00191046109759     
   5.21000000000000        1.00191474784243     
   5.22000000000000        1.00168846369514     
   5.23000000000000        1.00141142721890     
   5.24000000000000        1.00202411470438     
   5.25000000000000        1.00181118932638     
   5.26000000000000        1.00182427768221     
   5.27000000000000        1.00202587100371     
   5.28000000000000        1.00158005457174     
   5.29000000000000        1.00143016548877     
   5.30000000000000        1.00221288334412     
   5.31000000000000        1.00193421107363     
   5.32000000000000        1.00158879320903     
   5.33000000000000        1.00190854583374     
   5.34000000000000        1.00179619907984     
   5.35000000000000        1.00182323398556     
   5.36000000000000        1.00157853848604     
   5.37000000000000        1.00235784390705     
   5.38000000000000        1.00189419589190     
   5.39000000000000        1.00178267860993     
   5.40000000000000        1.00165982252005     
   5.41000000000000        1.00200553950348     
   5.42000000000000        1.00214526790411     
   5.43000000000000        1.00164276163216     
   5.44000000000000        1.00149734864769     
   5.45000000000000        1.00171914343698     
   5.46000000000000        1.00194076806788     
   5.47000000000000        1.00190273470442     
   5.48000000000000        1.00161223518760     
   5.49000000000000        1.00165604309094     
   5.50000000000000        1.00173145707893     
   5.51000000000000        1.00216931070020     
   5.52000000000000        1.00194488378618     
   5.53000000000000        1.00213364422947     
   5.54000000000000        1.00223806757516     
   5.55000000000000        1.00205506257503     
   5.56000000000000        1.00184112951250     
   5.57000000000000        1.00140179444825     
   5.58000000000000        1.00167613231339     
   5.59000000000000        1.00154186322984     
   5.60000000000000        1.00155041586836     
   5.61000000000000        1.00161871404136     
   5.62000000000000        1.00187451860131     
   5.63000000000000        1.00163734849166     
   5.64000000000000        1.00144071004094     
   5.65000000000000        1.00155649856047     
   5.66000000000000        1.00154632459159     
   5.67000000000000        1.00178642189466     
   5.68000000000000        1.00170850514713     
   5.69000000000000        1.00152686719693     
   5.70000000000000        1.00116414369579     
   5.71000000000000        1.00128801956008     
   5.72000000000000        1.00158451195594     
   5.73000000000000        1.00156108029282     
   5.74000000000000        1.00160243177252     
   5.75000000000000        1.00145867361718     
   5.76000000000000        1.00176712533968     
   5.77000000000000        1.00139321405929     
   5.78000000000000        1.00137394444649     
   5.79000000000000        1.00126975533120     
   5.80000000000000        1.00168257312463     
   5.81000000000000        1.00144365404660     
   5.82000000000000        1.00179531444181     
   5.83000000000000        1.00153882978622     
   5.84000000000000        1.00165825174451     
   5.85000000000000        1.00121180342217     
   5.86000000000000        1.00139225027947     
   5.87000000000000        1.00155923924672     
   5.88000000000000        1.00157906777538     
   5.89000000000000        1.00139181592250     
   5.90000000000000        1.00161959611576     
   5.91000000000000        1.00148373307018     
   5.92000000000000        1.00150211499235     
   5.93000000000000        1.00136015747780     
   5.94000000000000        1.00149226444173     
   5.95000000000000        1.00156850551622     
   5.96000000000000        1.00180757127815     
   5.97000000000000        1.00124213762033     
   5.98000000000000        1.00185855179714     
