  5.000000000000000E-002   82.1436026957386        9.21251457174796     
  0.100000000000000        80.0207701668965        10.7205298859388     
  0.150000000000000        79.5947608912513        12.2842319577225     
  0.200000000000000        79.6554984477981        12.4922244244116     
  0.250000000000000        82.0973103986575        11.7890374706037     
  0.300000000000000        90.5983452317719        10.5441637454242     
  0.350000000000000        81.3929217435832        13.5062728771494     
  0.400000000000000        85.3825119050467        12.1679837504733     
  0.450000000000000        82.5270133400921        12.3583144192855     
  0.500000000000000        83.2192557785880        14.3317882563485     
  0.550000000000000        80.2160776624746        14.3228784432276     
  0.600000000000000        80.9009199428385        14.3310240980962     
  0.650000000000000        77.4090520349676        13.5039445118109     
  0.700000000000000        78.2385752557018        12.5652922794452     
  0.750000000000000        80.8937553995417        13.5895132655388     
  0.800000000000000        84.0617181172381        14.6985578942274     
  0.850000000000000        85.4353995041858        14.4664598058583     
  0.900000000000000        90.9991291962465        14.6151449345643     
  0.950000000000000        80.6337917646727        14.0814445628950     
   1.00000000000000        78.9272178588675        13.9138489348257     
   1.05000000000000        78.7253731640429        14.0875946742914     
   1.10000000000000        78.2634659199431        13.3210216085889     
   1.15000000000000        86.6603070518102        14.2926234355367     
   1.20000000000000        80.8481651555107        13.0906988216226     
   1.25000000000000        87.7592025022024        14.5909840805454     
   1.30000000000000        84.1679123723273        14.3172524280700     
   1.35000000000000        88.2148875243654        14.1099162678885     
   1.40000000000000        83.4993374126433        14.9554197101137     
   1.45000000000000        70.7618686557691        14.0229777223103     
   1.50000000000000        77.2190412598760        11.5389393237482     
   1.55000000000000        75.7166342058174        13.2745047712583     
   1.60000000000000        82.9748438713157        14.2538958511949     
   1.65000000000000        83.4793466360575        13.4796468601195     
   1.70000000000000        75.9583545154272        13.0709886229447     
   1.75000000000000        83.7418950126025        13.8295935812993     
   1.80000000000000        85.8511357103162        12.2588711931728     
   1.85000000000000        79.1705262872030        13.0377627633525     
   1.90000000000000        83.0783889897843        13.3763514231776     
   1.95000000000000        80.4291025764431        13.4980813504888     
   2.00000000000000        84.1900646106606        14.8529187257203     
   2.05000000000000        78.5788861142790        12.5740288671060     
   2.10000000000000        80.2208694900326        14.2527790530830     
   2.15000000000000        84.4507010567802        13.6566209984660     
   2.20000000000000        76.6175017802090        13.1615776914800     
   2.25000000000000        79.9836045037806        13.1656956163959     
   2.30000000000000        74.2545042558475        14.0837663225544     
   2.35000000000000        79.2825272789656        13.8599526916525     
   2.40000000000000        80.8219855425003        12.9009031474682     
   2.45000000000000        75.5093780421484        12.8487430878078     
   2.50000000000000        82.7011066953544        14.3075326035469     
   2.55000000000000        77.3783960017275        12.6586694237804     
   2.60000000000000        82.4222711918690        14.0805224700147     
   2.65000000000000        90.4029187387393        13.8173643293589     
   2.70000000000000        81.0158277517853        14.5470722781302     
   2.75000000000000        80.5531960208114        14.1389016619587     
   2.80000000000000        81.9169377822118        13.4690317592352     
   2.85000000000000        81.9438377052877        16.2749731792097     
   2.90000000000000        90.6562496063268        13.8928503974377     
   2.95000000000000        79.2480298866738        12.4792289754393     
   3.00000000000000        79.5564554466382        12.9842677496178     
   3.05000000000000        81.3023523475646        13.4036336788697     
   3.10000000000000        75.9467636695067        12.6804239323989     
   3.15000000000000        84.4778105899642        12.7538073034039     
   3.20000000000000        86.0961104876725        12.4152412536444     
   3.25000000000000        83.0714493538099        12.4142893783702     
   3.30000000000000        80.4706924269217        14.4215940228848     
   3.35000000000000        79.6091197743093        15.4648944833797     
   3.40000000000000        89.9572854510786        13.5403389837029     
   3.45000000000000        80.1173008660854        12.7774845525932     
   3.50000000000000        78.8905887652038        12.4127059739264     
   3.55000000000000        78.4233751162269        12.4414377118384     
   3.60000000000000        87.1454985377325        11.6419678629196     
   3.65000000000000        74.1247088221066        13.9484362608885     
   3.70000000000000        81.8474046590359        12.8337269051374     
   3.75000000000000        83.6886440004928        12.6708491518849     
   3.80000000000000        77.6227003804387        11.6134681109262     
   3.85000000000000        81.9919343653034        12.2262681644338     
   3.90000000000000        80.9733021147998        12.5457460332756     
   3.95000000000000        81.6234377747951        13.8832929877306     
   4.00000000000000        85.8352480301969        13.5211066073051     
   4.05000000000000        81.3905136006631        13.4280819437240     
   4.10000000000000        80.0652811694676        13.3142604885813     
   4.15000000000000        73.2113045422609        12.7199912117550     
   4.20000000000000        82.4691558056551        11.9632587617778     
   4.25000000000000        87.1124990200914        13.4913097255321     
   4.30000000000000        82.6442148338329        12.4295474101658     
   4.35000000000000        82.7587201546853        14.7712362933827     
   4.40000000000000        76.5433102355110        15.0328921171295     
   4.45000000000000        82.4492068150943        14.8391775534848     
   4.50000000000000        83.8147996607725        14.4828006936318     
   4.55000000000000        81.6132514933763        12.3005452903307     
   4.60000000000000        79.3722185191887        13.6302227355979     
   4.65000000000000        83.3263189782514        13.8387161666622     
   4.70000000000000        85.8181199564301        13.3492386784091     
   4.75000000000000        84.9624887565325        12.8945458564452     
   4.80000000000000        86.9465735724924        15.5216648514765     
   4.85000000000000        79.5986117495217        14.4466928976311     
   4.90000000000000        77.8695931029423        13.4448399204569     
   4.95000000000000        79.4486621178695        13.9439731858205     
   5.00000000000000        77.5248961360104        12.7458967029764     
   5.05000000000000        90.8783469223434        14.7718194420355     
   5.10000000000000        79.7618383886083        13.5764054775231     
   5.15000000000000        75.5270992779302        13.7039340664917     
   5.20000000000000        82.0974081899156        13.0241937156115     
   5.25000000000000        80.6553465518739        13.9312336880026     
   5.30000000000000        82.4144566946367        12.9541925224193     
   5.35000000000000        78.5954509108415        14.6032214392728     
   5.40000000000000        78.2548371168126        14.4333308721406     
   5.45000000000000        80.6453138888206        14.1268945759849     
   5.50000000000000        81.0639868222372        14.1051926420093     
   5.55000000000000        92.5333694728303        14.6838808159094     
   5.60000000000000        80.8740471635458        14.0732666399414     
   5.65000000000000        85.9105089536623        13.5317595258086     
   5.70000000000000        90.5143724526409        15.2571047445734     
   5.75000000000000        81.6616611247867        12.7344869331619     
   5.80000000000000        81.3906214069913        13.1754537203986     
   5.85000000000000        85.8945502670301        12.7554194588151     
   5.90000000000000        77.7380599837836        13.6663069283755     
   5.95000000000000        79.3268367382550        13.5054397106693     
   6.00000000000000        84.8735710640182        14.7618947705341     
   6.05000000000000        88.8043338932023        15.5578914205054     
   6.10000000000000        83.2913762570547        14.5329676025257     
   6.15000000000000        79.6002192669858        15.0775535632912     
   6.20000000000000        78.8218232565224        15.6748581580036     
   6.25000000000000        79.0828565412148        14.6193661715347     
   6.30000000000000        84.4553811519561        15.9941793062754     
   6.35000000000000        84.3594297280024        14.5433619570516     
   6.40000000000000        75.6187818650919        13.5796448945200     
   6.45000000000000        79.5360957513070        14.6919560884119     
   6.50000000000000        80.6882004412015        13.2099093226977     
   6.55000000000000        83.2104841936064        12.6757129724091     
   6.60000000000000        84.6116846825986        13.5678685445765     
   6.65000000000000        88.6419344693666        13.4961485839700     
   6.70000000000000        76.2973532393206        12.2395028000051     
   6.75000000000000        75.1370986647533        12.2686406893874     
   6.80000000000000        80.4786869637191        12.8072254260606     
   6.85000000000000        85.4530456976569        13.9276889113679     
   6.90000000000000        79.9734286961757        14.8022934278465     
   6.95000000000000        85.0571036564531        13.9229758147618     
   7.00000000000000        86.5148990042979        12.8289061157060     
   7.05000000000000        83.6469659240617        12.2977903442018     
   7.10000000000000        82.7260985499241        11.3201037265608     
   7.15000000000000        76.1685085672945        13.4946763173958     
   7.20000000000000        76.4112025483242        14.0603867152257     
   7.25000000000000        80.0453838062294        12.1982251167893     
   7.30000000000000        84.7700230985825        14.0707156399705     
   7.35000000000000        84.1580918671756        14.6051507627221     
   7.40000000000000        87.8810219864741        13.7537785155631     
   7.45000000000000        79.4268212965159        13.7124100111647     
   7.50000000000000        86.7974689089481        14.2730811774894     
   7.55000000000000        88.2876783520009        12.4709801623890     
   7.60000000000000        85.5047535509867        13.6102052545794     
   7.65000000000000        79.3874820038339        11.5188357068383     
   7.70000000000000        79.7323378258998        14.2423186641212     
   7.75000000000000        80.1103091659023        14.1820915091770     
   7.80000000000000        77.8058714650646        12.1928872293563     
   7.85000000000000        79.0270608865790        13.4673956366245     
   7.90000000000000        82.8580118688317        12.7800849823508     
   7.95000000000000        86.0539282490309        12.4243402574840     
   8.00000000000000        82.4489457791610        13.1018333384826     
   8.05000000000000        85.2970232648751        13.6318904972603     
   8.10000000000000        84.4806615058988        13.4299728657322     
   8.15000000000000        81.7496476544559        14.1036594823218     
   8.20000000000000        88.6287537085389        13.4384884199068     
   8.25000000000000        86.3132175200797        14.7099477501346     
   8.30000000000000        79.4470333046239        13.5892303988966     
   8.35000000000000        77.4877875637425        14.5577435444535     
   8.40000000000000        76.5265847832860        13.2324635955830     
   8.45000000000000        85.8337109703095        12.8846832832955     
   8.50000000000000        78.6645078891061        12.4921863684869     
   8.55000000000000        80.4249901440064        13.4746152180483     
   8.60000000000000        86.0320900858223        11.7716068713268     
   8.65000000000000        77.2033051910543        15.4416525186667     
   8.70000000000000        84.0289096374078        12.6174078161922     
   8.75000000000000        83.3871806201783        13.2397748246208     
   8.80000000000000        80.4040548837550        12.2292364749358     
   8.85000000000000        76.2420545883354        12.6329741996065     
   8.90000000000000        81.0929012315561        12.3681611976018     
   8.95000000000000        81.6035586558312        11.3956177632184     
   9.00000000000000        80.2415787733395        12.0496009679559     
   9.05000000000000        81.2523123669491        13.1719329650504     
   9.10000000000000        80.6474914528269        13.3863102278159     
   9.15000000000000        87.1377705201246        12.7383947454992     
   9.20000000000000        85.0823303771930        14.5120314709894     
   9.25000000000000        82.5889896016680        14.2505476455960     
   9.30000000000000        83.8546032380399        15.6684200001788     
   9.35000000000000        80.1249778488384        14.0751407958001     
   9.40000000000000        80.2185111102923        14.5341163501602     
   9.45000000000000        83.4553296175080        14.7340046547251     
   9.50000000000000        82.8109276368458        13.8189335316133     
   9.55000000000000        80.6105607647298        13.1113224043355     
   9.60000000000000        79.3487814249280        13.1535031735520     
   9.65000000000000        80.9361420801805        13.4932563765928     
   9.70000000000000        80.9916708832687        12.5911132102114     
   9.75000000000000        79.8070724513609        11.8277594712317     
   9.80000000000000        78.8088620074382        14.3369363868477     
   9.85000000000000        80.3668234145253        11.4534651373899     
   9.90000000000000        83.9982148869742        12.4600893509040     
   9.95000000000000        77.8040951741271        12.7426448940998     
   10.0000000000000        86.3667185781853        13.5949242699274     
   10.0500000000000        81.5028097200487        14.0039305672814     
   10.1000000000000        77.4096302966367        11.9209180924548     
   10.1500000000000        81.6545955317387        12.4660847290439     
   10.2000000000000        82.3592033285946        12.8633112157555     
   10.2500000000000        84.6168387521469        14.0296280782481     
   10.3000000000000        83.8767133580691        13.5498163219676     
   10.3500000000000        81.0865188808373        14.5087554995216     
   10.4000000000000        80.6280094601592        13.4288864551723     
   10.4500000000000        80.2071072382478        14.6104538668781     
   10.5000000000000        80.9473082385619        11.9110532979335     
   10.5500000000000        79.6657602197167        14.1825046564732     
   10.6000000000000        74.4761707904124        13.2919048299071     
   10.6500000000000        74.5300675021193        13.4240842513309     
   10.7000000000000        82.2197253341077        14.2839788125249     
   10.7500000000000        79.5344748591069        14.0029352116652     
   10.8000000000000        86.1699724059950        13.0973878258651     
   10.8500000000000        87.1803999576128        11.7463763825696     
   10.9000000000000        80.0437090284147        12.6767857583368     
   10.9500000000000        82.4478589073234        11.5432453857931     
   11.0000000000000        82.4309472928341        12.2521671947139     
   11.0500000000000        80.8323233303769        14.4860291622639     
   11.1000000000000        78.5902558227034        14.0352526261656     
   11.1500000000000        83.9175221567386        14.1360808364119     
   11.2000000000000        84.4419004074041        13.8579929662866     
   11.2500000000000        80.5927178156130        14.0745837027424     
   11.3000000000000        81.6750612130377        14.4149705976332     
   11.3500000000000        76.4912787028564        13.7486411831412     
   11.4000000000000        87.1647703212263        13.0394905001620     
   11.4500000000000        77.2346177988072        13.8980631740611     
   11.5000000000000        77.8562911744975        13.4419660664238     
   11.5500000000000        90.2779069859893        12.4806843219340     
   11.6000000000000        75.8019478789449        10.9669461636157     
   11.6500000000000        83.2820347649226        13.5530053267752     
   11.7000000000000        83.8757134587419        13.7392020860442     
   11.7500000000000        82.0878719309216        12.7807078756571     
   11.8000000000000        80.8154169672981        15.3919991804079     
   11.8500000000000        78.2403763041816        13.6705192583538     
   11.9000000000000        85.8970677618296        14.8584991451535     
   11.9500000000000        85.6424780748748        12.6472363799502     
   12.0000000000000        82.1122394023735        13.2259599646856     
   12.0500000000000        83.7960193331100        14.5822997226822     
   12.1000000000000        81.9495791115773        14.2721444247223     
   12.1500000000000        78.8510255481978        13.2218394855882     
   12.2000000000000        74.7182546111393        13.6442095599321     
   12.2500000000000        82.4774319037191        14.5687287316100     
   12.3000000000000        79.7817992953858        15.3732414097476     
   12.3500000000000        84.8794842591751        14.2397410401316     
   12.4000000000000        82.3293210110228        14.0088761790999     
   12.4500000000000        79.3878811672669        12.7718384996091     
   12.5000000000000        79.6045436815450        16.4931883055855     
   12.5500000000000        86.4554763951383        14.4004393315213     
   12.6000000000000        86.4211551053087        12.8451511385558     
   12.6500000000000        81.5196738845318        12.9918725394374     
   12.7000000000000        78.0216067496459        15.0488203346329     
   12.7500000000000        77.4811513455871        12.5279102712138     
   12.8000000000000        79.7987621107272        13.0996541497191     
   12.8500000000000        79.8227181580852        14.0227145897669     
   12.9000000000000        81.2263293665094        12.9595084693680     
   12.9500000000000        80.9965119431602        13.8983995538567     
   13.0000000000000        80.6432101404518        12.7881734280401     
   13.0500000000000        82.2798118284771        13.7032131849558     
   13.1000000000000        78.9992347720638        13.3018005185436     
   13.1500000000000        81.5442268244598        13.3996546091249     
   13.2000000000000        79.8443979378589        12.1367406843248     
   13.2500000000000        91.3295660305773        12.8525111062364     
   13.3000000000000        80.5292677739136        13.3120485932231     
   13.3500000000000        82.6163418850604        12.8466278547783     
   13.4000000000000        82.0834691054753        13.7448724306504     
   13.4500000000000        81.7920754185180        13.9821592684348     
   13.5000000000000        87.3490182808707        12.7412692318475     
   13.5500000000000        78.8364358372784        12.8561647507663     
   13.6000000000000        81.6816339800879        13.6709839908630     
   13.6500000000000        83.9026543083516        14.1765247955533     
   13.7000000000000        77.8928059467805        13.8005718130469     
   13.7500000000000        84.1008289928568        13.9564927485079     
   13.8000000000000        81.0238340537424        12.5265584099352     
   13.8500000000000        85.6564200408794        12.9673606634804     
   13.9000000000000        78.3893824413328        12.5538857159677     
   13.9500000000000        81.2431461877420        13.8225816872981     
   14.0000000000000        84.0922543533252        14.1416922615316     
   14.0500000000000        82.5999376990520        12.9952385181354     
   14.1000000000000        82.6482667643958        12.1562860606590     
   14.1500000000000        76.5261659877751        13.3770668595322     
   14.2000000000000        83.9971690965722        14.1778504388261     
   14.2500000000000        89.2750917106225        13.8081562028986     
   14.3000000000000        80.8821780872573        12.1243304672645     
   14.3500000000000        82.9460191637275        11.4938323207599     
   14.4000000000000        80.1394769320934        14.2020083529947     
   14.4500000000000        82.4492986601036        13.7640507819014     
   14.5000000000000        86.7604178589735        14.7184088124349     
   14.5500000000000        79.8438239719270        13.3050133129023     
   14.6000000000000        82.9220192428883        12.8167118150612     
   14.6500000000000        87.4060518401211        13.5260681409095     
   14.7000000000000        82.4234490680431        12.3872060622002     
   14.7500000000000        84.4193343064404        13.6482196943585     
   14.8000000000000        82.9394476965314        12.1015430898485     
   14.8500000000000        83.3161424926839        12.8709003055016     
   14.9000000000000        82.1984127200608        12.9257593263953     
   14.9500000000000        78.4867751143384        13.1116867126396     
   15.0000000000000        84.7166540259782        13.3079014673598     
   15.0500000000000        83.9559036971422        14.3887282214937     
   15.1000000000000        80.8639481657871        12.8835949547124     
   15.1500000000000        81.8760119515681        13.0623572766168     
   15.2000000000000        80.4779788017828        12.7240499219575     
   15.2500000000000        76.4698336885441        12.5567221196511     
   15.3000000000000        82.2578986268017        14.1113138221199     
   15.3500000000000        81.1609447216263        14.4740873201391     
   15.4000000000000        80.2919864301156        13.4757675029150     
   15.4500000000000        76.5378652320135        13.0074692790206     
   15.5000000000000        78.8317157707344        13.3621685137180     
   15.5500000000000        81.7282784381761        12.4121160758755     
   15.6000000000000        75.8187586004225        13.0499364779138     
   15.6500000000000        84.3718685763240        14.5011108622717     
   15.7000000000000        78.2548438947391        14.9179768493501     
   15.7500000000000        80.4894731718199        14.1468019728970     
   15.8000000000000        84.9923367576675        13.8566963598014     
   15.8500000000000        80.3756242126310        13.8693373645828     
   15.9000000000000        84.3632126202618        13.4937691645874     
   15.9500000000000        83.3714120497046        13.1716976733264     
   16.0000000000000        78.7084095424615        12.7768322232780     
   16.0500000000000        81.4927643707698        13.7501713316836     
   16.1000000000000        87.5680254541233        13.7033057357035     
   16.1500000000000        84.0554976128554        13.5778971773927     
   16.2000000000000        75.5041692681422        12.6029386348931     
   16.2500000000000        86.8857425882976        14.2007499732207     
   16.3000000000000        76.1430654014242        14.1054164985981     
   16.3500000000000        85.9371201043931        12.5116111504395     
   16.4000000000000        77.1923164995268        12.7415867591629     
   16.4500000000000        85.8299495879766        12.8820878913136     
   16.5000000000000        88.8662128964981        14.1156834153126     
   16.5500000000000        79.0923657717068        12.8390963468057     
   16.6000000000000        77.9835799437379        11.9579860342781     
   16.6500000000000        82.9897000817080        13.7204859428708     
   16.7000000000000        80.7868471913645        12.7710176965986     
   16.7500000000000        78.7554465876436        13.5011738469318     
   16.8000000000000        86.6948445682227        12.8358337612909     
   16.8500000000000        77.4123106539961        13.3721838092059     
   16.9000000000000        89.4827200568783        14.6828307905963     
   16.9500000000000        84.7778326443477        14.8700847545888     
   17.0000000000000        85.6647267549156        14.6003690663837     
   17.0500000000000        85.7300624320060        14.3328313252540     
   17.1000000000000        83.1940920822586        13.4224496494438     
   17.1500000000000        82.5446503736313        12.1366587263183     
   17.2000000000000        83.4561858940881        11.6283868253072     
   17.2500000000000        78.8732377671491        12.6295147860228     
   17.3000000000000        84.1454412291961        13.2516545923408     
   17.3500000000000        91.4857396081944        13.0738211358735     
   17.4000000000000        76.2824571070361        15.0644845629125     
   17.4500000000000        74.2690937569393        15.1576702942282     
   17.5000000000000        80.1977838525740        14.2050001198942     
   17.5500000000000        80.7453287561378        13.3202142956287     
   17.6000000000000        79.4687289294810        13.5843973175825     
   17.6500000000000        77.9463096825482        15.5743320040093     
   17.7000000000000        86.5611405805863        14.8582561266001     
   17.7500000000000        78.1066935571549        15.6753584844505     
   17.8000000000000        80.6468726303036        14.0176847337748     
   17.8500000000000        86.7193061504504        13.8913221731222     
   17.9000000000000        82.8560526050891        14.8765908803989     
   17.9500000000000        82.5509870648931        13.4357936941442     
   18.0000000000000        81.5130826864684        14.5913209097131     
   18.0500000000000        87.2735409092215        14.9510662578455     
   18.1000000000000        86.2710582700974        13.9607678444719     
   18.1500000000000        83.6619337458874        13.5603109143214     
   18.2000000000000        78.9266589134136        14.1072585034268     
   18.2500000000000        88.2949834504439        13.6192099421697     
   18.3000000000000        80.8775693724935        13.0690718980433     
   18.3500000000000        77.6891823004172        13.8487598091826     
   18.4000000000000        79.7494190431538        12.6346867155909     
   18.4500000000000        79.9119839350420        14.1369175529462     
   18.5000000000000        86.0206224398217        15.7209109933152     
   18.5500000000000        80.1655489478675        13.2912462083895     
   18.6000000000000        78.8091190318787        14.9918339199708     
   18.6500000000000        85.3021871979393        14.3149842004650     
   18.7000000000000        81.0074664707318        13.3941327433846     
   18.7500000000000        79.3831401869531        13.1891135986492     
   18.8000000000000        79.3039921601049        12.6428940481101     
   18.8500000000000        80.7609115857048        12.2768445035508     
   18.9000000000000        82.4707883150074        13.2272287839644     
   18.9500000000000        84.8349198453529        12.6786805981675     
   19.0000000000000        81.5910916137132        13.6116943470970     
   19.0500000000000        77.7115244010485        13.7471182057938     
   19.1000000000000        79.7966970805526        13.5461589205973     
   19.1500000000000        88.7934400622296        14.4933472854318     
   19.2000000000000        79.2429920787499        12.7963562032319     
   19.2500000000000        86.7246896182101        13.7977174334606     
   19.3000000000000        85.8427773230604        12.3575868226788     
   19.3500000000000        83.6486256275016        14.0760457468780     
   19.4000000000000        83.5482116983024        13.1436458470532     
   19.4500000000000        86.6820625932278        15.1041278373007     
   19.5000000000000        77.5783256965760        13.9694453691609     
   19.5500000000000        86.2207949020845        11.9053025527059     
   19.6000000000000        83.9139649177531        13.1462539750143     
   19.6500000000000        78.7515868607743        13.6898482586284     
   19.7000000000000        85.0117442767188        11.8605561527408     
   19.7500000000000        84.5548025854166        13.6578183079374     
   19.8000000000000        76.7309537999444        11.4055652520119     
   19.8500000000000        84.4084034254841        11.3578183246126     
   19.9000000000000        78.6218144026267        13.3894786182982     
   19.9500000000000        78.7768166045700        13.3998300513041     
   20.0000000000000        78.7721821734170        13.8463704674383     
   20.0500000000000        82.0660227225423        13.5272968524711     
   20.1000000000000        81.1165675880933        13.9121383835611     
   20.1500000000000        81.6383035382455        11.8058995657062     
   20.2000000000000        82.6043328023801        15.0579806077318     
   20.2500000000000        81.5256760095340        12.0439290608376     
   20.3000000000000        78.8842198161082        14.0753447009963     
   20.3500000000000        84.5875590421600        14.3882901062618     
   20.4000000000000        80.0364030563857        13.4851060189309     
   20.4500000000000        79.5526264710943        13.6878404635372     
   20.5000000000000        82.1167820599377        13.4139121322311     
   20.5500000000000        81.8604739789047        13.9005692373258     
   20.6000000000000        81.5699195675689        14.2626486147431     
   20.6500000000000        85.3730297863921        14.6303029998944     
   20.7000000000000        83.8034163347993        14.4692446366955     
   20.7500000000000        86.0418512446597        14.6796872818433     
   20.8000000000000        78.7364615265385        14.3533080488459     
   20.8500000000000        83.2217786476628        13.4375375525549     
   20.9000000000000        82.4285145256273        14.0231959056030     
   20.9500000000000        82.1337906370533        12.4484778868420     
   21.0000000000000        80.3715054116612        13.1312983455786     
   21.0500000000000        85.1639185739383        14.3794224154934     
   21.1000000000000        81.3448176194584        13.8357463174622     
   21.1500000000000        80.0884714655401        13.5403281873642     
   21.2000000000000        85.3931597373086        13.3939475812124     
   21.2500000000000        74.2152624404973        12.7066183510531     
   21.3000000000000        83.7114751357399        12.5563894820748     
   21.3500000000000        81.7441559745059        13.6312922256796     
   21.4000000000000        85.0498237343586        14.0698329360407     
   21.4500000000000        87.5776939041737        12.6812674585120     
   21.5000000000000        77.9140810999710        12.7288623391389     
   21.5500000000000        78.8747635969293        14.3566440759369     
   21.6000000000000        89.5723918907342        12.5618383939442     
   21.6500000000000        85.9118641845452        14.3045076884362     
   21.7000000000000        80.2625710904421        15.6492758832859     
   21.7500000000000        83.2866711423543        13.9330961233230     
   21.8000000000000        85.6760139163129        13.2278181697465     
   21.8500000000000        78.8245921637134        13.3576611152391     
   21.9000000000000        85.9913106617680        13.9411139153369     
   21.9500000000000        83.4800989722203        11.9270529083473     
   22.0000000000000        83.4126242049948        13.4224670173978     
   22.0500000000000        84.5328456595592        15.9250077641858     
   22.1000000000000        80.3765509593390        12.5854531123927     
   22.1500000000000        82.0099943689360        13.4393388289927     
   22.2000000000000        82.1579850770249        12.5481311113303     
   22.2500000000000        84.4345038121930        13.9543381648861     
   22.3000000000000        85.3460264953527        13.1356872839227     
   22.3500000000000        80.3203595105705        14.1019839681322     
   22.4000000000000        76.7754908732608        13.9058602971166     
   22.4500000000000        84.8931265191583        13.2121346930069     
   22.5000000000000        87.2496482205530        14.9767916789633     
   22.5500000000000        78.7778048307211        15.3912925472696     
   22.6000000000000        88.3073544191706        13.5345597806719     
   22.6500000000000        83.3435693753049        13.6548851710764     
   22.7000000000000        79.5774262165863        13.3432976497038     
   22.7500000000000        80.4822924517154        14.9956584552436     
   22.8000000000000        80.8805253515826        13.2853133613260     
   22.8500000000000        79.6723846836813        13.8216228999003     
   22.9000000000000        82.2525995587930        14.5726077498437     
   22.9500000000000        90.2093899837617        14.5105953578586     
   23.0000000000000        88.1394307497495        13.5993250841458     
   23.0500000000000        83.4576583936332        13.3927131178230     
   23.1000000000000        85.8957793113675        12.3495618016152     
   23.1500000000000        82.5916664116969        13.2249323438946     
   23.2000000000000        73.8895039242976        12.8321884271784     
   23.2500000000000        84.1466531590239        12.9003402017028     
   23.3000000000000        79.9320857125900        14.3349940538428     
   23.3500000000000        81.0597139363706        13.8833996992703     
   23.4000000000000        85.5839705743774        12.6068132629801     
   23.4500000000000        86.1481159316644        14.5603591896819     
   23.5000000000000        76.6725676344913        14.3885688760561     
   23.5500000000000        80.7619091468010        13.0749121334093     
   23.6000000000000        80.9878025617197        13.3435511745474     
   23.6500000000000        83.4929576623769        14.4082750674567     
   23.7000000000000        78.1460745739331        13.0400081278675     
   23.7500000000000        80.3231144650868        12.1751273239783     
   23.8000000000000        84.5784113123131        13.4635362581369     
   23.8500000000000        80.4621545609379        12.9321997337258     
   23.9000000000000        81.3043576321871        13.5695374813024     
   23.9500000000000        81.6233323793131        11.7053139276159     
   24.0000000000000        83.4838777076866        14.7205773948329     
   24.0500000000000        82.8538924973293        14.5456223652116     
   24.1000000000000        83.0570189828446        13.8101479347107     
   24.1500000000000        81.7309440577199        11.7491251688164     
   24.2000000000000        84.0877868492116        14.2728351414662     
   24.2500000000000        77.6463147345722        13.5043716285187     
   24.3000000000000        82.2990550870293        13.1575073603988     
   24.3500000000000        82.3246098323503        14.4650244603418     
   24.4000000000000        86.4834203706595        12.7622034311561     
   24.4500000000000        84.7050297796835        13.6113053546028     
   24.5000000000000        83.1639414329198        13.6627479374183     
   24.5500000000000        85.6494448200410        12.3535188103275     
   24.6000000000000        80.7184834933243        14.1782814163589     
   24.6500000000000        86.3334726508605        12.8718480737156     
   24.7000000000000        80.2157636791913        13.7520748260708     
   24.7500000000000        81.9802095778184        13.6365412600714     
   24.8000000000000        82.1978340245269        13.7264804112867     
   24.8500000000000        86.7928298288058        14.0818093905957     
   24.9000000000000        75.9696337095243        13.2192927090304     
   24.9500000000000        81.8933314185487        14.1724083635031     
   25.0000000000000        79.9735443769116        13.5264421113992     
   25.0500000000000        83.8531053441516        14.0299431276047     
   25.1000000000000        82.6828597952277        13.5169575795496     
   25.1500000000000        78.4715276800805        15.7253589162281     
   25.2000000000000        84.4390055225033        14.5678199099807     
   25.2500000000000        81.1183624030454        13.1696870967150     
   25.3000000000000        79.9686698498457        14.6951724102152     
   25.3500000000000        83.2834471651632        12.6798978186959     
   25.4000000000000        80.5703009300911        14.7434732467771     
   25.4500000000000        82.2516215502463        13.5841090952301     
   25.5000000000000        84.7108203575730        14.3428300340120     
   25.5500000000000        79.0533708798509        13.3143039065824     
   25.6000000000000        88.5138519713799        14.1275354532555     
   25.6500000000000        81.0940358725179        12.6502262986295     
   25.7000000000000        83.0850555510872        13.7495893518507     
   25.7500000000000        86.6128350787933        10.7478109333033     
   25.8000000000000        82.4585019605362        12.9990998762444     
   25.8500000000000        84.6690934356676        13.7642593977118     
   25.9000000000000        85.9829097370233        14.1911950670327     
   25.9500000000000        78.3488181953249        13.8174847259638     
   26.0000000000000        85.4537633907054        13.1107564253484     
   26.0500000000000        80.1292550001800        14.1549929004793     
   26.1000000000000        84.0261763288856        14.9094576172918     
   26.1500000000000        85.4194557006925        14.2749341489870     
   26.2000000000000        85.0540584235896        13.8037139413374     
   26.2500000000000        80.9760321330724        12.5832394301712     
   26.3000000000000        85.6243034585013        13.0967298171308     
   26.3500000000000        81.1117398926554        12.4326161977141     
   26.4000000000000        81.7971626224849        13.5028259486338     
   26.4500000000000        86.1481174634237        12.7647368917700     
   26.5000000000000        83.5074574342985        14.2840530201014     
   26.5500000000000        84.6204707462300        14.0314076225492     
   26.6000000000000        82.1300513616472        13.7824069720704     
   26.6500000000000        86.5996131914250        12.4270345876629     
   26.7000000000000        85.5340909576209        12.0358946056124     
   26.7500000000000        81.9229458187517        14.6564776927008     
   26.8000000000000        84.2915810955299        14.0004819630669     
   26.8500000000000        84.8983824170293        14.4737633333951     
   26.9000000000000        85.1181306237489        14.8954129639673     
   26.9500000000000        81.5585750011479        12.8464435221754     
   27.0000000000000        79.7916342123186        12.7456120742402     
   27.0500000000000        87.6814218694397        12.7879614143683     
   27.1000000000000        80.6400095103360        13.7331693865121     
   27.1500000000000        85.9310860409579        13.0725848921751     
   27.2000000000000        81.1597177630780        11.4060819275381     
   27.2500000000000        83.8953758638056        13.2270963503997     
   27.3000000000000        76.8479503172343        13.6004548292302     
   27.3500000000000        80.6457501571399        14.6728703089350     
   27.4000000000000        72.6087023514179        13.1789652500897     
   27.4500000000000        85.6683287839102        14.3504845331579     
   27.5000000000000        78.9834666596341        13.4558097374990     
   27.5500000000000        86.0293358774934        13.5782478550057     
   27.6000000000000        83.6575272052454        13.3016751241493     
   27.6500000000000        84.7180434094248        13.5633999178784     
   27.7000000000000        85.5017963981545        12.6812956592227     
   27.7500000000000        81.0041998504432        12.3441473904975     
   27.8000000000000        78.0785264656989        13.2508437273337     
   27.8500000000000        79.6576115628518        14.3158484078302     
   27.9000000000000        77.4568147070320        14.1893764360311     
   27.9500000000000        88.6617177562964        12.2363072484299     
   28.0000000000000        83.7965441800149        12.9233966120033     
   28.0500000000000        81.4200211458054        12.6799936280107     
   28.1000000000000        87.8799704490754        14.1919540398221     
   28.1500000000000        82.0363326179863        14.0047267938660     
   28.2000000000000        87.1096131833229        13.6583899137848     
   28.2500000000000        82.6322681493468        13.5257076483476     
   28.3000000000000        84.1907301130526        14.9713137443778     
   28.3500000000000        85.4025123223032        14.8916380041642     
   28.4000000000000        82.3838342280323        13.8029886923550     
   28.4500000000000        87.7776816975083        12.9956292858003     
   28.5000000000000        82.5122748220198        12.4166603000317     
   28.5500000000000        83.6747298280540        14.2432777980946     
   28.6000000000000        78.0407004033882        13.8249699989841     
   28.6500000000000        77.9607116631986        13.3030338014821     
   28.7000000000000        78.2995702797722        13.1956279906169     
   28.7500000000000        86.2448783277515        13.2857686619800     
   28.8000000000000        84.2399015813215        15.3057876606975     
   28.8500000000000        86.2822060771173        14.1619414482004     
   28.9000000000000        82.4364422774025        13.1958019925447     
   28.9500000000000        74.8898216430969        13.7802254133590     
   29.0000000000000        85.6878105987133        11.5105809735331     
   29.0500000000000        80.2163067912624        15.1782740383646     
   29.1000000000000        77.3926954303198        14.7378101983302     
   29.1500000000000        89.9468657936909        14.1718158575532     
   29.2000000000000        81.2254863258224        12.7923112758196     
   29.2500000000000        86.3073412608965        14.0791351961128     
   29.3000000000000        85.3407261409022        13.3826910956035     
   29.3500000000000        83.4323590949569        13.7030426275658     
   29.4000000000000        81.6923401934008        14.2186323385558     
   29.4500000000000        80.7586740554632        14.4229018152609     
   29.5000000000000        81.0937280764155        12.1729111775478     
   29.5500000000000        84.9419165799933        14.7779452886492     
   29.6000000000000        77.3549136795512        11.9461182725283     
   29.6500000000000        81.5831110196158        12.7496786285587     
   29.7000000000000        78.3500084265441        13.3709334391758     
   29.7500000000000        83.5181330658538        12.5199980041121     
   29.8000000000000        85.7570660872743        13.3610845222933     
   29.8500000000000        82.0571281866466        13.9608357955383     
   29.9000000000000        86.0630445803649        13.6821748554041     
   29.9500000000000        83.1006655677332        12.2403340711868     
   30.0000000000000        77.2101542555221        13.5644607711203     
   30.0500000000000        84.9280796718018        12.0973664533104     
   30.1000000000000        88.6800641992650        15.1994456229231     
   30.1500000000000        83.4076410404941        12.4500012454127     
   30.2000000000000        78.6655618580772        13.1360401807092     
   30.2500000000000        81.7607694897722        11.1121207839816     
   30.3000000000000        80.1185827584836        13.1455345515830     
   30.3500000000000        85.1017441010850        13.7236810449757     
   30.4000000000000        88.5069695457473        13.6874417482488     
   30.4500000000000        85.9007954839906        13.3965754699721     
   30.5000000000000        77.4748191403875        13.6651128009454     
   30.5500000000000        77.3548321892094        14.3361837377705     
   30.6000000000000        77.3992466726417        14.4310999977442     
   30.6500000000000        86.9345231353859        13.5676840743769     
   30.7000000000000        80.9552684474567        14.2442403023311     
   30.7500000000000        86.3495230282085        13.3097002553763     
   30.8000000000000        85.2527400002837        14.5226807507221     
   30.8500000000000        85.5849245416113        11.8923970934235     
   30.9000000000000        80.0597633491582        14.0439577619847     
   30.9500000000000        87.3098345630204        13.5461166538855     
   31.0000000000000        80.2364049654543        13.4669932224620     
   31.0500000000000        83.6984702587002        14.5542303778857     
   31.1000000000000        80.4862457323326        13.1105669343768     
   31.1500000000000        82.4395630252102        13.3835476109118     
   31.2000000000000        82.5792046522582        12.7822903530012     
   31.2500000000000        80.7323266002804        12.7582643082948     
   31.3000000000000        81.1612080572514        15.3296809186686     
   31.3500000000000        78.1363264279539        13.1996812017414     
   31.4000000000000        79.5241076222292        13.5311602927172     
   31.4500000000000        80.1364778138595        11.7502864551137     
   31.5000000000000        79.0117167004157        15.9985925709029     
   31.5500000000000        85.9845709527855        13.1370077323032     
   31.6000000000000        83.5263416313867        14.2402422624455     
   31.6500000000000        87.2890969504306        14.8322415530049     
   31.7000000000000        81.9878151192536        13.4599128032717     
   31.7500000000000        88.9756800176395        12.9737751650097     
   31.8000000000000        75.6240222025182        12.4264216709119     
   31.8500000000000        82.2549793721181        12.9558231073557     
   31.9000000000000        84.8599198710513        12.8229148305298     
   31.9500000000000        79.6236730648875        13.6175392374560     
   32.0000000000000        83.8838556214356        13.2573392872789     
   32.0500000000000        83.2110153792043        13.0415603189978     
   32.1000000000000        87.6316011271708        13.2757993290677     
   32.1500000000000        80.6390658989020        13.2666531757029     
   32.2000000000000        85.8028737165654        13.0546341209714     
   32.2500000000000        81.4652249546672        12.9132256043848     
   32.3000000000000        82.4711237037514        13.1006519065273     
   32.3500000000000        85.1220455689599        12.3380112019964     
   32.4000000000000        81.6210270658632        13.9476605382691     
   32.4500000000000        87.2864378704061        13.3335263388071     
   32.5000000000000        83.7252565712202        14.5343566713897     
   32.5500000000000        81.0357604550282        13.1831195673764     
   32.6000000000000        79.2971727868667        13.1037405814587     
   32.6500000000000        85.5786083473915        11.7227401587111     
   32.7000000000000        84.6266570706317        14.1271156323015     
   32.7500000000000        80.7412328522133        11.3141781129047     
   32.8000000000000        80.6508536935810        12.8623572422166     
   32.8500000000000        86.1151925741960        13.0433822411991     
   32.9000000000000        79.2554143654753        12.6767350077043     
   32.9500000000000        82.1173995021375        13.8966274156149     
   33.0000000000000        79.1349760682116        14.7383621003669     
   33.0500000000000        82.1677901605183        13.3435713533992     
   33.1000000000000        84.3520248895738        13.0465413390121     
   33.1500000000000        82.5211886039571        13.4264267204564     
   33.2000000000000        85.1464641636779        14.2293357762531     
   33.2500000000000        85.9737333466655        15.5511506789758     
   33.3000000000000        80.9688100901889        13.2315851340490     
   33.3500000000000        84.6366587048515        13.9882524586684     
   33.4000000000000        91.5628095549324        12.5374531342506     
   33.4500000000000        84.6315939821446        13.5154816800810     
   33.5000000000000        84.7953990623415        12.5567199979639     
   33.5500000000000        77.4878270674918        13.1790522626338     
   33.6000000000000        81.8861889279310        13.1813928348651     
   33.6500000000000        84.3960703343506        12.5624490903096     
   33.7000000000000        85.5080511807415        12.5739989541560     
   33.7500000000000        71.8537165072939        14.1996313971878     
   33.8000000000000        81.3140006173726        13.4613768689452     
   33.8500000000000        79.4036196115976        12.5371575853374     
   33.9000000000000        82.8154352487753        13.9515185484706     
   33.9500000000000        77.3389600063524        11.9057229415883     
   34.0000000000000        83.3837333432933        13.7241505084107     
   34.0500000000000        81.6241938907780        13.6334742873379     
   34.1000000000000        77.7965924973089        13.2678684322448     
   34.1500000000000        80.2388257604081        13.0563703408543     
   34.2000000000000        80.5887284835822        12.6018351393155     
   34.2500000000000        85.5155346794316        15.0700848518857     
   34.3000000000000        80.5631611115745        14.3484876166324     
   34.3500000000000        88.1248718361576        15.5140263249271     
   34.4000000000000        84.2957008695296        14.2463028430280     
   34.4500000000000        81.5444522206964        13.8075092532682     
   34.5000000000000        90.1377895674713        12.9591030058257     
   34.5500000000000        83.7094308747901        14.2992458579885     
   34.6000000000000        83.1135996501497        13.5184697470099     
   34.6500000000000        79.4546166364914        14.2935627172348     
   34.7000000000000        87.3154733818328        13.6568396583958     
   34.7500000000000        79.3612030895346        12.6379797686395     
   34.8000000000000        84.0303661196476        13.4123453758625     
   34.8500000000000        79.3655569774817        14.1132120201831     
   34.9000000000000        80.5701411138896        13.8708963911167     
   34.9500000000000        88.0613560906608        14.0499043201040     
   35.0000000000000        78.3718019294813        14.3432600781289     
   35.0500000000000        85.7375436226768        12.4784871450784     
   35.1000000000000        78.9151350397896        13.6044395996629     
   35.1500000000000        79.8083695175240        14.2133739397768     
   35.2000000000000        77.2157866720197        13.5247263703669     
   35.2500000000000        80.4054775436719        14.6727478464405     
   35.3000000000000        82.8792872641505        12.9981096876223     
   35.3500000000000        86.5278088591050        14.5839475012405     
   35.4000000000000        83.8171571199307        13.3579287387393     
   35.4500000000000        78.4789104277160        14.9251095636531     
   35.5000000000000        78.7422244671386        13.0093874324545     
   35.5500000000000        82.4480047251313        13.3566103625262     
   35.6000000000000        79.3717973609656        13.3590489655033     
   35.6500000000000        83.2583202117314        12.5650862019784     
   35.7000000000000        82.9828753035080        12.3955312754344     
   35.7500000000000        83.5632360174713        13.0065552918899     
   35.8000000000000        76.8740156667867        13.7194356196110     
   35.8500000000000        80.7227535168304        13.7157816707685     
   35.9000000000000        84.1872548293303        15.7728270649703     
   35.9500000000000        83.7178996375084        13.2805357120833     
   36.0000000000000        79.9356511194313        15.0271512331678     
   36.0500000000000        86.2638381946896        13.2028194083472     
   36.1000000000000        85.1651949984776        14.4837694418152     
   36.1500000000000        86.9674255485588        14.4535422889874     
   36.2000000000000        88.9444821242279        14.5836340049327     
   36.2500000000000        85.5568857922072        13.7467871388515     
   36.3000000000000        78.1942524687720        14.1639760065805     
   36.3500000000000        79.5952719243055        13.5587641816551     
   36.4000000000000        84.4534172353213        14.0597220578297     
   36.4500000000000        80.0009355158540        14.5994929002251     
   36.5000000000000        81.3837941127478        13.5308539907972     
   36.5500000000000        75.6525196606909        12.2558871559076     
   36.6000000000000        80.1898088624424        13.0310358220809     
   36.6500000000000        81.4559180973580        12.3949221172116     
   36.7000000000000        80.3782120054442        14.2833537991845     
   36.7500000000000        77.7703914252745        13.0328022129130     
   36.8000000000000        82.0582599089107        13.2249631175355     
   36.8500000000000        79.2632805867433        14.3907554855303     
   36.9000000000000        81.9891511390014        13.1834948568810     
   36.9500000000000        83.6516752129823        13.1270407955083     
   37.0000000000000        86.4301117800492        13.3331130430456     
   37.0500000000000        86.3902854320050        13.8097101923725     
   37.1000000000000        80.6219643169400        13.1411762401435     
   37.1500000000000        80.5911442471390        13.6183824033846     
   37.2000000000000        77.0891408128305        14.7923915763451     
   37.2500000000000        79.3399658222074        13.0207546031757     
   37.3000000000000        83.9233705739900        14.2625472338397     
   37.3500000000000        81.9999609904523        13.9988481505926     
   37.4000000000000        75.7247288667652        15.1917744498100     
   37.4500000000000        86.3517672034931        15.0082647784548     
   37.5000000000000        83.9301288433085        13.4698151657770     
   37.5500000000000        80.8438308630122        12.4270214619531     
   37.6000000000000        80.7136047548501        13.9345890912618     
   37.6500000000000        76.4081735909484        13.9379329224067     
   37.7000000000000        78.1568760866749        13.2949626790805     
   37.7500000000000        79.8228635979350        13.0668486298523     
   37.8000000000000        86.7402873315165        14.6204368501716     
   37.8500000000000        82.3599875784157        12.3395773765840     
   37.9000000000000        80.6677149072744        14.4707742004651     
   37.9500000000000        88.0296897807912        13.2777592723078     
   38.0000000000000        91.7404968925495        14.7698589785160     
   38.0500000000000        85.0515046109496        14.1793740613642     
   38.1000000000000        82.9143500273526        12.7325987419495     
   38.1500000000000        82.8327319960813        13.6262628901946     
   38.2000000000000        78.7567434124496        13.0331181587883     
   38.2500000000000        77.9263292043155        14.3656054279676     
   38.3000000000000        80.8110045909677        13.0510235011773     
   38.3500000000000        83.6321561987865        13.4440772834831     
   38.4000000000000        78.7146386054949        12.3510471231305     
   38.4500000000000        81.5961428922822        12.8505964990930     
   38.5000000000000        83.6347764990323        13.8643451469225     
   38.5500000000000        78.0262849434028        12.4781261210698     
   38.6000000000000        85.3504148236778        13.0920573244064     
   38.6500000000000        84.6468114169274        12.8652272519357     
   38.7000000000000        80.3415729389972        12.9215456727915     
   38.7500000000000        82.9828504862465        12.7951053875408     
   38.8000000000000        77.0340472731899        13.4100978742676     
   38.8500000000000        83.0221422451334        14.2497562577139     
   38.9000000000000        81.0070610044185        14.4753658135290     
   38.9500000000000        78.9936937782749        13.3801927630170     
   39.0000000000000        86.2656061401357        14.5987945222163     
   39.0500000000000        78.1155864490093        15.5602654473646     
   39.1000000000000        78.0273405604004        13.4845708583054     
   39.1500000000000        77.3636765453018        12.7889972579112     
   39.2000000000000        83.9752143607919        13.7558103873059     
   39.2500000000000        83.1826171419118        11.5642784913634     
   39.3000000000000        78.7859204089468        12.4313578455116     
   39.3500000000000        78.7891193187527        13.9504026361527     
   39.4000000000000        81.5740825543904        14.7389323618845     
   39.4500000000000        84.6651313017769        13.2400123546009     
   39.5000000000000        87.1647292541330        13.9012515567514     
   39.5500000000000        79.2010435960316        14.6627978657147     
   39.6000000000000        76.0795324664895        14.3313794978887     
   39.6500000000000        88.9702832550587        12.3631130552189     
   39.7000000000000        83.5207414091784        12.6967487212476     
   39.7500000000000        86.1823743203363        13.2757625805353     
   39.8000000000000        78.6003143415143        14.6968943936263     
   39.8500000000000        83.8934706097078        13.9884804355664     
   39.9000000000000        80.3953527732467        12.8074434505342     
   39.9500000000000        91.2938220209994        14.9577664736245     
   40.0000000000000        74.7849816489581        13.2524819227747     
   40.0500000000000        81.4800203180325        12.8473081951136     
   40.1000000000000        76.3182819880740        13.5028295328772     
   40.1500000000000        82.1847617983561        14.6268205186423     
   40.2000000000000        84.8045693257782        14.3705590589804     
   40.2500000000000        82.9108362329367        12.7470288686101     
   40.3000000000000        88.2800377023212        13.5482869899290     
   40.3500000000000        80.8952352649315        13.5984996702882     
   40.4000000000000        80.3409020728274        14.6059013115880     
   40.4500000000000        87.0350703039530        13.7126479512248     
   40.5000000000000        92.3506049223088        13.4689401153431     
   40.5500000000000        85.1866425882578        14.9981326081423     
   40.6000000000000        84.1443500539016        14.0035829198149     
   40.6500000000000        87.5851714736599        16.6033777764063     
   40.7000000000000        80.0646331782132        13.5575404633150     
   40.7500000000000        81.3278006331738        14.5112759580763     
   40.8000000000000        87.6930332287717        13.1008056675804     
   40.8500000000000        79.2895130332204        13.7512512364580     
   40.9000000000000        82.8172000792034        13.8518717197514     
   40.9500000000000        81.6378394973381        13.1829531234307     
   41.0000000000000        84.3593869231831        13.3280216906596     
   41.0500000000000        83.0572164944149        13.4165412763774     
   41.1000000000000        82.5254087807634        13.7117113871764     
   41.1500000000000        87.8349738889867        13.5572397999065     
   41.2000000000000        81.1364391251527        12.9989916603779     
   41.2500000000000        84.5847835503444        13.1288736677288     
   41.3000000000000        83.4580636952866        12.5320629982031     
   41.3500000000000        85.4193548614787        14.1105715420725     
   41.4000000000000        85.3489192135579        12.3914141632505     
   41.4500000000000        83.2001994464681        13.4048319408186     
   41.5000000000000        82.2891762341636        13.5493438224585     
   41.5500000000000        93.3469322772860        14.0581699840150     
   41.6000000000000        83.9278888899458        13.3129276693381     
   41.6500000000000        81.0939246810404        14.5714987472201     
   41.7000000000000        79.3374473572382        12.7170993606544     
   41.7500000000000        85.0353097546916        15.9121557200207     
   41.8000000000000        86.9241304554853        14.7515626168535     
   41.8500000000000        84.6642572057900        13.9566618843570     
   41.9000000000000        84.9224247280061        14.2444535892756     
   41.9500000000000        83.4008465134291        12.6565501566312     
   42.0000000000000        86.2779014829422        14.2670602228469     
   42.0500000000000        78.3708226024386        13.0812109068083     
   42.1000000000000        75.5131713442479        12.9506717335065     
   42.1500000000000        79.4551494898461        12.9722932456885     
   42.2000000000000        81.8249676665026        13.7138643483558     
   42.2500000000000        83.0482765184254        13.5628504619502     
   42.3000000000000        90.0656457683395        14.1769954811517     
   42.3500000000000        85.2770457402346        14.3387393255022     
   42.4000000000000        83.6072682370010        13.4263744153992     
   42.4500000000000        93.1648081077849        14.1349441424908     
   42.5000000000000        78.8842261491030        14.5563624508330     
   42.5500000000000        85.8207958803224        12.7095791011110     
   42.6000000000000        83.2419704806187        14.0830389437034     
   42.6500000000000        82.5263595578769        14.2998858753877     
   42.7000000000000        80.6952403112639        15.4324429809060     
   42.7500000000000        80.5868799724880        13.9163845592187     
   42.8000000000000        85.1474631675925        14.2732316444935     
   42.8500000000000        81.4103347883973        12.2754780132405     
   42.9000000000000        76.3805013827100        12.8441303246328     
   42.9500000000000        83.2375843319034        12.5711237384427     
   43.0000000000000        78.4090467963132        12.7252779881125     
   43.0500000000000        80.9609010665723        13.0459155248780     
   43.1000000000000        85.3603702016702        11.9957696078093     
   43.1500000000000        75.9600059103430        12.2295098695781     
   43.2000000000000        84.9564275101743        12.2806128818399     
   43.2500000000000        84.6705353316665        14.3376593039234     
   43.3000000000000        76.8784501101431        13.4678473611259     
   43.3500000000000        81.2446218182255        13.0629259884638     
   43.4000000000000        84.1061700474014        13.1766820855565     
   43.4500000000000        84.9751511470454        13.3801929668812     
   43.5000000000000        81.3432151050657        14.2619856889782     
   43.5500000000000        84.0730706810886        14.4633743553814     
   43.6000000000000        83.0191860379919        12.2037354416755     
   43.6500000000000        79.5575942290548        13.7810482226744     
   43.7000000000000        79.7915281741568        12.5847995912719     
   43.7500000000000        82.5219107099945        11.8584021234048     
   43.8000000000000        84.5934412706083        14.4744183376429     
   43.8500000000000        77.8369656584720        12.6699852112649     
   43.9000000000000        75.2115629813010        13.3082654771555     
   43.9500000000000        81.6072772427582        13.4365052773529     
   44.0000000000000        87.6462313584782        13.9164136655780     
   44.0500000000000        81.6170220704392        13.8466980333224     
   44.1000000000000        84.5222521272371        14.3689383767795     
   44.1500000000000        81.9337920978607        16.9069001258515     
   44.2000000000000        83.4765760119194        13.4411735728243     
   44.2500000000000        81.5941324039099        14.2726113466098     
   44.3000000000000        82.0882229132418        12.9365864714950     
   44.3500000000000        81.6994509612446        13.0847178589300     
   44.4000000000000        86.0199137816401        15.1757787437896     
   44.4500000000000        89.5486192890423        14.3602765311527     
   44.5000000000000        75.2330427444429        14.1864902921645     
   44.5500000000000        90.0160370383080        14.4833093898831     
   44.6000000000000        79.8272806162601        12.9307585787865     
   44.6500000000000        81.9552340889890        12.8048969703065     
   44.7000000000000        78.0757168075092        12.8180340359733     
   44.7500000000000        88.6457525253789        13.8377911750648     
   44.8000000000000        87.1440125784859        13.9001147562335     
   44.8500000000000        75.1709904223441        14.7151853332562     
   44.9000000000000        80.4580621265755        13.5032833381404     
   44.9500000000000        84.5354115423159        15.1510691718200     
   45.0000000000000        75.7533063316113        13.2994757774067     
   45.0500000000000        82.2572419437084        12.7055217059785     
   45.1000000000000        82.4977995477809        12.9489349370213     
   45.1500000000000        79.5869977689263        13.1069231539454     
   45.2000000000000        84.3340302560312        12.9658147787983     
   45.2500000000000        83.7330336947764        14.2728543234446     
   45.3000000000000        82.3909815476159        12.9063981139597     
   45.3500000000000        85.7598224372057        14.3203682440517     
   45.4000000000000        76.2708961909155        12.8624911125926     
   45.4500000000000        76.0338299530359        13.7892629777097     
   45.5000000000000        78.3860682023718        13.5104707426776     
   45.5500000000000        82.7171188194681        13.6100489627946     
   45.6000000000000        76.8755203009215        13.4466315181701     
   45.6500000000000        79.2895169022471        14.1461458734371     
   45.7000000000000        85.5638753031570        14.0400475299906     
   45.7500000000000        77.0512879849938        13.8908757090676     
   45.8000000000000        82.7618228334135        13.9609441323486     
   45.8500000000000        79.9187752362782        14.3782399905652     
   45.9000000000000        79.7988617064562        13.2854008949698     
   45.9500000000000        84.4008727159528        14.8128326526265     
   46.0000000000000        87.0610129593844        15.3384423482004     
   46.0500000000000        83.1444092451115        13.7879559119341     
   46.1000000000000        81.7056066881335        14.3852440808134     
   46.1500000000000        79.6379103965599        12.8144374988097     
   46.2000000000000        75.2042276191945        12.5569639896961     
   46.2500000000000        84.0781388722261        13.0767230338099     
   46.3000000000000        82.9806934822727        14.2199575015906     
   46.3500000000000        85.9776163728031        14.8287866985393     
   46.4000000000000        84.6363021382509        13.6890304274563     
   46.4500000000000        81.4072810289726        13.9223485388930     
   46.5000000000000        80.9367624769468        14.1839693894404     
   46.5500000000000        82.1184094143887        13.5159431955433     
   46.6000000000000        79.6405659781057        13.3258396021000     
   46.6500000000000        81.1441546673159        13.6413127298044     
   46.7000000000000        76.5452405109033        11.9753255095035     
   46.7500000000000        83.7107851649123        12.6355280858229     
   46.8000000000000        85.0031864145617        14.2312069677404     
   46.8500000000000        77.0786949292978        10.2289660201385     
   46.9000000000000        83.2323514056453        13.6733802814166     
   46.9500000000000        84.5523317982604        12.9709027395882     
   47.0000000000000        85.1980000677724        13.4355910437241     
   47.0500000000000        74.6105995327096        12.6563072487301     
   47.1000000000000        83.2256473208672        13.6276573384840     
   47.1500000000000        87.9739004017900        12.6698395597884     
   47.2000000000000        74.3800194452034        13.1710463779035     
   47.2500000000000        83.4199846035136        15.0179931110298     
   47.3000000000000        83.1876144572217        14.6378248472815     
   47.3500000000000        76.4286701260012        13.5313898457021     
   47.4000000000000        88.6283427848585        13.4112480890755     
   47.4500000000000        80.9327042515554        13.4709767429347     
   47.5000000000000        79.5530518652318        14.3448526705786     
   47.5500000000000        82.0943162531566        13.4063809654226     
   47.6000000000000        83.0626854716493        13.4671534846355     
   47.6500000000000        81.9101806685161        12.4891186384905     
   47.7000000000000        76.9439925505170        13.2630801951526     
   47.7500000000000        84.4651433500172        14.2326176225358     
   47.8000000000000        75.6690863329648        13.7439728793983     
   47.8500000000000        85.5389561485334        13.9152024296698     
   47.9000000000000        89.7515518269379        13.0725720845346     
   47.9500000000000        80.7176066982555        13.4956976842927     
   48.0000000000000        80.8608837990485        15.0242865928153     
   48.0500000000000        80.9673758836505        14.6824538687969     
   48.1000000000000        82.1892027379640        12.0323971313487     
   48.1500000000000        83.7232902715319        13.6468526293630     
   48.2000000000000        81.3731288672183        14.0033043823983     
   48.2500000000000        80.7421200029356        14.1461238687305     
   48.3000000000000        84.2022012572561        14.3037407830314     
   48.3500000000000        83.5773165423255        13.7912235507180     
   48.4000000000000        78.3493425870720        14.8314445004857     
   48.4500000000000        82.3070981345928        12.5719730997535     
   48.5000000000000        85.7894494676368        14.1048255765965     
   48.5500000000000        82.7550322791632        11.1559026711551     
   48.6000000000000        80.4924059302197        12.6001045693239     
   48.6500000000000        86.5934549234080        14.4893350456604     
   48.7000000000000        85.6632364638914        12.5109804598015     
   48.7500000000000        79.6814470078487        11.5921005526537     
   48.8000000000000        79.9355196988593        11.8210106551619     
   48.8500000000000        74.9765096489518        12.1852940482015     
   48.9000000000000        76.7493649795429        12.3348922444043     
   48.9500000000000        82.9769846588558        12.8097048489074     
   49.0000000000000        79.8189116452851        13.3937823677654     
   49.0500000000000        78.6500071228998        13.2722388118713     
   49.1000000000000        83.8106361929661        14.2415236668406     
   49.1500000000000        73.0664497375700        13.2420052404931     
   49.2000000000000        91.0780983955086        12.8436994909277     
   49.2500000000000        83.5694157807680        13.5536425207177     
   49.3000000000000        81.1549749294339        11.4898247001320     
   49.3500000000000        84.2210738246719        13.3225947647130     
   49.4000000000000        83.7614094288497        13.9089701688609     
   49.4500000000000        81.3612970178561        14.0168300127726     
   49.5000000000000        84.5078355286808        14.0287021608930     
   49.5500000000000        81.2370443449949        12.9767771348951     
   49.6000000000000        82.4810594412356        13.8492888962149     
   49.6500000000000        84.0056596094606        14.6997212645024     
   49.7000000000000        81.8779969680340        14.5319083880432     
   49.7500000000000        80.2265649699333        13.4271656815462     
   49.8000000000000        85.8760109390136        13.6038065570712     
   49.8500000000000        84.9078610634484        13.5796101790478     
   49.9000000000000        82.6664745948675        15.1908312347938     
   49.9500000000000        85.9994154400017        16.0017368848273     
   50.0000000000000        78.0777482256297        13.2149294121957     
