  0.123888401863174        3.73252316289166       0.418607449625655     
  0.247776803726349        3.63606377561361       0.487130157487172     
  0.371665205589523        3.61670634013757       0.558183215926952     
  0.495553607452697        3.61946619396950       0.567634185620840     
  0.619442009315871        3.73041968720460       0.535682073626762     
  0.743330411179046        4.11669820898648       0.479116256428332     
  0.867218813042220        3.69841297110668       0.613711533264790     
  0.991107214905394        3.87969595845342       0.552901013637755     
   1.11499561676857        3.74994495916045       0.561549448897913     
   1.23888401863174        3.78139976332326       0.651222126580221     
   1.36277242049492        3.64493835290518       0.650817273581819     
   1.48666082235809        3.67605690128264       0.651187403993393     
   1.61054922422127        3.51738991541689       0.613605734672174     
   1.73443762608444        3.55508262104384       0.570954315885711     
   1.85832602794761        3.67573135159977       0.617493893272817     
   1.98221442981079        3.81968040952918       0.667887772155799     
   2.10610283167396        3.88209911807070       0.657341467118395     
   2.22999123353714        4.13490943154825       0.664097570681667     
   2.35387963540031        3.66391886399496       0.639846759493384     
   2.47776803726349        3.58637385228908       0.632231381749543     
   2.60165643912666        3.57720223120095       0.640126214405128     
   2.72554484098983        3.55621362793629       0.605293900872670     
   2.84943324285301        3.93775769212720       0.649442516287352     
   2.97332164471618        3.67365977650125       0.594828263755711     
   3.09721004657936        3.98769040249758       0.662999725635904     
   3.22109844844253        3.82450577028618       0.650561633079074     
   3.34498685030571        4.00839627421964       0.641140485296584     
   3.46887525216888        3.79412639269310       0.679559316207858     
   3.59276365403205        3.21534854984949       0.637190084724059     
   3.71665205589523        3.50875601580750       0.524317863931793     
   3.84054045775840        3.44048814167813       0.603180222301206     
   3.96442885962158        3.77029393066871       0.647682773582447     
   4.08831726148475        3.79321803179582       0.612501673676969     
   4.21220566334793        3.45147167082649       0.593932652037983     
   4.33609406521110        3.80514796747764       0.628402902740660     
   4.45998246707427        3.90098975554106       0.557030848146581     
   4.58387086893745        3.59742954396422       0.592422902203973     
   4.70775927080062        3.77499891730681       0.607808032317765     
   4.83164767266380        3.65461799197100       0.613339318484860     
   4.95553607452697        3.82551234584381       0.674901773978004     
   5.07942447639014        3.57054600614672       0.571351297692427     
   5.20331287825332        3.64515608875759       0.647632027393038     
   5.32720128011649        3.83735540531903       0.620543201549298     
   5.45108968197967        3.48142266339092       0.598048928723158     
   5.57497808384284        3.63437500504728       0.598236043113413     
   5.69886648570602        3.37405041888145       0.639952257930550     
   5.82275488756919        3.60251875702892       0.629782390355997     
   5.94664328943237        3.67247020106567       0.586204138117808     
   6.07053169129554        3.43107062885718       0.583834037166897     
   6.19442009315871        3.75785558713021       0.650119973972569     
   6.31830849502189        3.51599693592250       0.575197279947158     
   6.44219689688506        3.74518558068733       0.639804860514999     
   6.56608529874824        4.10781822456958       0.627847217761737     
   6.68997370061141        3.68127819721337       0.661004417245958     
   6.81386210247458        3.66025667398965       0.642457552617740     
   6.93775050433776        3.72222373588592       0.612019334107888     
   7.06163890620093        3.72344604149057       0.739518506290107     
   7.18552730806411        4.11932932586188       0.631277229209171     
   7.30941570992728        3.60095123002057       0.567043685414986     
   7.43330411179046        3.61496577903979       0.589992142274882     
   7.55719251365363        3.69429758832099       0.609047710734162     
   7.68108091551681        3.45094499437871       0.576185783064273     
   7.80496931737998        3.83858723539739       0.579520250059370     
   7.92885771924315        3.91212116444935       0.564136147324350     
   8.05274612110633        3.77468358718777       0.564092895063763     
   8.17663452296950        3.65650779318689       0.655302810805864     
   8.30052292483268        3.61735879342484       0.702709340430292     
   8.42441132669585        4.08756909361156       0.615259463080475     
   8.54829972855902        3.64045003405405       0.580596120585281     
   8.67218813042220        3.58470946290209       0.564020946749244     
   8.79607653228537        3.56347974190623       0.565326488188224     
   8.91996493414855        3.95980430805603       0.528999377723204     
   9.04385333601172        3.36815264416770       0.633802995258514     
   9.16774173787490        3.71906422030193       0.583151716842540     
   9.29163013973807        3.80272829473839       0.575750714612498     
   9.41551854160124        3.52709788258676       0.527704377492377     
   9.53940694346442        3.72563150562502       0.555549399123707     
   9.66329534532759        3.67934587479439       0.570066154006011     
   9.78718374719077        3.70888738904891       0.630842950069490     
   9.91107214905394        3.90026783524412       0.614385563129338     
   10.0349605509171        3.69830354750053       0.610158615440873     
   10.1588489527803        3.63808631105944       0.604986682340645     
   10.2827373546435        3.32664846709580       0.577983680670937     
   10.4066257565066        3.74731597065316       0.543598514876422     
   10.5305141583698        3.95830484297393       0.613031622618454     
   10.6544025602330        3.75527047783453       0.564786204770522     
   10.7782909620962        3.76047348510874       0.671190205935015     
   10.9021793639593        3.47805147379139       0.683079584910248     
   11.0260677658225        3.74640950847107       0.674277388852798     
   11.1499561676857        3.80846068178584       0.658083980717934     
   11.2738445695489        3.70842453460753       0.558924477447337     
   11.3977329714120        3.60659423729342       0.619343690882833     
   11.5216213732752        3.78626460805277       0.628817423896966     
   11.6455097751384        3.89948955270023       0.606576056308232     
   11.7693981770016        3.86061052660808       0.585915269171015     
   11.8932865788647        3.95076535656048       0.705288929186242     
   12.0171749807279        3.61688131928652       0.656443278575462     
   12.1410633825911        3.53831644100459       0.610920081145640     
   12.2649517844543        3.61006775797387       0.633600197590497     
   12.3888401863174        3.52265375552418       0.579160800286543     
   12.5127285881806        4.12942120580436       0.671216703626649     
   12.6366169900438        3.62429817453997       0.616898288493173     
   12.7605053919069        3.43187586408987       0.622693060047315     
   12.8843937937701        3.73042413074158       0.591806338243673     
   13.0082821956333        3.66489829197060       0.633021327549152     
   13.1321705974965        3.74483049774760       0.588625554026208     
   13.2560589993596        3.57129869393773       0.663555778979116     
   13.3799474012228        3.55582154375085       0.655836121499197     
   13.5038358030860        3.66444241779412       0.641911962638178     
   13.6277242049492        3.68346649721563       0.640925848460261     
   13.7516126068123        4.20462377547593       0.667220860394107     
   13.8755010086755        3.67483582906436       0.639475162852299     
   13.9993894105387        3.90368761634546       0.614869621093217     
   14.1232778124019        4.11288256987555       0.693267582488671     
   14.2471662142650        3.71062421984918       0.578642351755944     
   14.3710546161282        3.69830844611228       0.598679441601194     
   14.4949430179914        3.90296246958358       0.579593504789098     
   14.6188314198546        3.53233970760314       0.620983320518455     
   14.7427198217177        3.60453213454957       0.613673675013103     
   14.8666082235809        3.85657019557792       0.670765736478300     
   14.9904966254441        4.03518012777322       0.706935028256343     
   15.1143850273073        3.78467684574431       0.660363514891167     
   15.2382734291704        3.61695436327257       0.685108956362388     
   15.3621618310336        3.58158482695312       0.712249879841527     
   15.4860502328968        3.59344591837626       0.664289379468365     
   15.6099386347600        3.83756806416373       0.726759513497847     
   15.7338270366231        3.83320812741070       0.660835823966470     
   15.8577154384863        3.43604182916791       0.617045484362093     
   15.9816038403495        3.61404065484364       0.667587792701347     
   16.1054922422127        3.66639113984775       0.600245069714059     
   16.2293806440758        3.78100119127328       0.575971721753298     
   16.3532690459390        3.84467034029260       0.616510378797011     
   16.4771574478022        4.02780086035355       0.613251495507015     
   16.6010458496654        3.46687543384149       0.556150767729431     
   16.7249342515285        3.41415462622773       0.557474764285074     
   16.8488226533917        3.65687105694443       0.581947516134766     
   16.9727110552549        3.88290094345583       0.632860256443646     
   17.0965994571180        3.63391262652553       0.672601411067915     
   17.2204878589812        3.86490973304557       0.632646098046963     
   17.3443762608444        3.93115049585629       0.582932664991567     
   17.4682646627076        3.80083448462344       0.558799295450183     
   17.5921530645707        3.75899119201000       0.514374193231196     
   17.7160414664339        3.46102086078930       0.613184597186146     
   17.8399298682971        3.47204863259330       0.638889911953139     
   17.9638182701603        3.63718219477126       0.554275151081788     
   18.0877066720234        3.85186507957649       0.639359247964621     
   18.2115950738866        3.82405953635259       0.663643445507332     
   18.3354834757498        3.99322575804339       0.624957941968673     
   18.4593718776130        3.60907533289238       0.623078198497311     
   18.5832602794761        3.94399018975369       0.648554535623942     
   18.7071486813393        4.01170381663657       0.566668867598795     
   18.8310370832025        3.88525049660328       0.618434116562832     
   18.9549254850657        3.60728779477221       0.523404375683026     
   19.0788138869288        3.62295769847106       0.647156717779004     
   19.2027022887920        3.64013233818943       0.644420056085496     
   19.3265906906552        3.53542099350107       0.554032602814722     
   19.4504790925184        3.59091061962526       0.611944990332580     
   19.5743674943815        3.76498520130784       0.580714281513037     
   19.6982558962447        3.91020444570772       0.564549596959816     
   19.8221442981079        3.74639764725930       0.595334205067313     
   19.9460326999711        3.87581144013266       0.619419472305011     
   20.0699211018342        3.83871677816654       0.610244537046004     
   20.1938095036974        3.71462223977082       0.640856183217222     
   20.3176979055606        4.02720193976230       0.610631475312147     
   20.4415863074238        3.92198629089490       0.668405315818365     
   20.5654747092869        3.60999374632881       0.617481040095461     
   20.6893631111501        3.52096757910889       0.661489308916423     
   20.8132515130133        3.47729148596773       0.601269913319696     
   20.9371399148765        3.90019799277989       0.585467123709664     
   21.0610283167396        3.57443657397309       0.567632456397678     
   21.1849167186028        3.65443112715351       0.612273040892895     
   21.3088051204660        3.90921214140968       0.534890044626220     
   21.4326935223291        3.50804098457632       0.701653248795694     
   21.5565819241923        3.81818962501417       0.573322393759957     
   21.6804703260555        3.78903010020028       0.601602128255942     
   21.8043587279187        3.65347984986294       0.555684276184608     
   21.9282471297818        3.46436271843937       0.574029714655921     
   22.0521355316450        3.68478033906068       0.561996876657827     
   22.1760239335082        3.70798410176231       0.517805475542880     
   22.2999123353714        3.64609709788177       0.547521818382946     
   22.4238007372345        3.69202382164180       0.598519461998926     
   22.5476891390977        3.66454136412500       0.608260550441728     
   22.6715775409609        3.95945315466394       0.578819918840737     
   22.7954659428241        3.86605601000927       0.659412198010286     
   22.9193543446872        3.75276109851019       0.647530634468235     
   23.0432427465504        3.81026931653329       0.711957336388123     
   23.1671311484136        3.64079886847337       0.639560322620363     
   23.2910195502768        3.64504892634057       0.660415712834928     
   23.4149079521399        3.79212672248995       0.669498437506053     
   23.5387963540031        3.76284574089064       0.627918520742978     
   23.6626847558663        3.66286327058856       0.595765378730602     
   23.7865731577295        3.60552927916730       0.597682030703031     
   23.9104615595926        3.67765735998132       0.613120076496000     
   24.0343499614558        3.68018053326485       0.572127593158795     
   24.1582383633190        3.62635356511739       0.537441562613298     
   24.2821267651822        3.58099588075598       0.651456052481972     
   24.4060151670453        3.65178808913262       0.520434002377860     
   24.5299035689085        3.81679488624922       0.566174000015728     
   24.6537919707717        3.53534028061716       0.579013041342999     
   24.7776803726349        3.92441732547416       0.617739763901230     
   24.9015687744980        3.70340617086929       0.636324601046699     
   25.0254571763612        3.51741619104887       0.541674597203054     
   25.1493455782244        3.71030316636668       0.566446424003028     
   25.2732339800876        3.74231984004801       0.584495998332715     
   25.3971223819507        3.84490453605880       0.637492270247514     
   25.5210107838139        3.81127397827730       0.615690103853888     
   25.6448991856771        3.68449033142637       0.659263341142764     
   25.7687875875402        3.66365612186017       0.610195171636574     
   25.8926759894034        3.64453074579874       0.663884413257076     
   26.0165643912666        3.67816473905201       0.541226350804800     
   26.1404527931298        3.61993247862371       0.644438829085486     
   26.2643411949929        3.38412272454555       0.603970863566149     
   26.3882295968561        3.38657173722880       0.609976964296226     
   26.5121179987193        3.73598209945652       0.649049713262318     
   26.6360064005825        3.61396700312296       0.636279373082855     
   26.7598948024456        3.91547737615601       0.595132205419483     
   26.8837832043088        3.96139019367397       0.533743596447579     
   27.0076716061720        3.63710609454213       0.576020468073064     
   27.1315600080352        3.74634826088987       0.524513527085053     
   27.2554484098983        3.74557981403909       0.556726225160604     
   27.3793368117615        3.67293993980900       0.658230679104108     
   27.5032252136247        3.57106263432782       0.637747844080337     
   27.6271136154879        3.81312828928005       0.642329377125719     
   27.7510020173510        3.83695551261204       0.629693342395098     
   27.8748904192142        3.66205250482364       0.639535008868913     
   27.9987788210774        3.71123310645922       0.655001848985857     
   28.1226672229406        3.47568721297909       0.624724506720753     
   28.2465556248037        3.96067999862620       0.592501408836860     
   28.3704440266669        3.50946379816000       0.631514092566164     
   28.4943324285301        3.53771201467799       0.610789496092231     
   28.6182208303933        4.10213781553637       0.567109814904361     
   28.7421092322564        3.44436470967138       0.498327066728534     
   28.8659976341196        3.78425237768332       0.615835009043339     
   28.9898860359828        3.81122854385177       0.624295603587763     
   29.1137744378460        3.72999081266915       0.580742585161984     
   29.2376628397091        3.67217173157706       0.699397050758556     
   29.3615512415723        3.55516445888571       0.621174724580337     
   29.4854396434355        3.90307686202977       0.675155342656629     
   29.6093280452987        3.89150856124424       0.574677773868557     
   29.7332164471618        3.73109804620445       0.600974394835350     
   29.8571048490250        3.80760732247718       0.662605117098955     
   29.9809932508882        3.72370692525096       0.648511970514957     
   30.1048816527513        3.58291174988456       0.600787164385640     
   30.2287700546145        3.39512277127556       0.619979238193757     
   30.3526584564777        3.74769202827309       0.661988464835628     
   30.4765468583409        3.62520517818303       0.698544716417519     
   30.6004352602040        3.85683888525266       0.647039593122538     
   30.7243236620672        3.74096201741986       0.636549324702121     
   30.8482120639304        3.60730593235944       0.580339569583736     
   30.9721004657936        3.61715086034572       0.749433983417501     
   31.0959888676567        3.92845039191869       0.654341562784994     
   31.2198772695199        3.92689086683012       0.583670822584837     
   31.3437656713831        3.70417246163924       0.590337696319498     
   31.4676540732463        3.54522378909716       0.683803347185383     
   31.5915424751094        3.52066603599213       0.569255714813685     
   31.7154308769726        3.62597595154933       0.595235184909088     
   31.8393192788358        3.62706449038523       0.637178128244417     
   31.9632076806990        3.69084318008482       0.588867105339613     
   32.0870960825621        3.68040050618525       0.631529377327695     
   32.2109844844253        3.66434682557199       0.581081812396716     
   32.3348728862885        3.73871236967417       0.622660303911208     
   32.4587612881517        3.58964622880781       0.604420513762102     
   32.5826496900148        3.70528812267663       0.608866905784028     
   32.7065380918780        3.62804959789837       0.551481359955033     
   32.8304264937412        4.14992415086340       0.584005252156276     
   32.9543148956044        3.65916939837886       0.604886176027465     
   33.0782032974675        3.75400395891526       0.583737923093271     
   33.2020916993307        3.72979075268369       0.624553258376322     
   33.3259801011939        3.71655011494204       0.635335334998408     
   33.4498685030571        3.96905204166448       0.578950532625920     
   33.5737569049202        3.58224880801009       0.584171270110068     
   33.6976453067834        3.71153176642121       0.621195841560823     
   33.8215337086466        3.81245270911719       0.644167110185144     
   33.9454221105098        3.53937120941576       0.627084182613038     
   34.0693105123729        3.82145756860642       0.634169073999448     
   34.1931989142361        3.68164199556800       0.569194287589046     
   34.3170873160993        3.89214207023752       0.589223901187887     
   34.4409757179624        3.56193514875172       0.570436013047858     
   34.5648641198256        3.69160731962481       0.628084289289137     
   34.6887525216888        3.82106794556074       0.642584354671734     
   34.8126409235520        3.75325856910722       0.590490643025553     
   34.9365293254151        3.75545459350738       0.552369482310286     
   35.0604177272783        3.47727245631851       0.607840541030282     
   35.1843061291415        3.81674736657914       0.644227346089820     
   35.3081945310047        4.05657089223898       0.627428809703511     
   35.4320829328678        3.67520529010689       0.550917452102030     
   35.5559713347310        3.76898416478061       0.522268246823009     
   35.6798597365942        3.64145769231739       0.645325057551727     
   35.8037481384574        3.74641368181645       0.625424703478817     
   35.9276365403205        3.94230662709390       0.668789778028230     
   36.0515249421837        3.62802351746039       0.604566499924967     
   36.1754133440469        3.76789363237760       0.582378568164565     
   36.2993017459101        3.97164358956326       0.614611010254788     
   36.4231901477732        3.74523910220281       0.562862256260316     
   36.5470785496364        3.83593013155035       0.620161454691957     
   36.6709669514996        3.76868556388269       0.549882016459628     
   36.7948553533628        3.78580219872506       0.584840838981687     
   36.9187437552259        3.73501367558684       0.587333578032075     
   37.0426321570891        3.56636057442042       0.595781932535629     
   37.1665205589523        3.84944004228643       0.604697734775364     
   37.2904089608155        3.81487230809445       0.653809421656454     
   37.4142973626786        3.67437694070520       0.585417671147179     
   37.5381857645418        3.72036410706730       0.593540452292193     
   37.6620741664050        3.65683887877421       0.578168104403828     
   37.7859625682682        3.47471277297375       0.570564896394828     
   37.9098509701313        3.73771665570324       0.641203988763308     
   38.0337393719945        3.68787216720598       0.657688053739799     
   38.1576277738577        3.64838757139802       0.612325399564956     
   38.2815161757209        3.47780405827746       0.591046396569418     
   38.4054045775840        3.58203433290640       0.607163575094833     
   38.5292929794472        3.71365124395228       0.563994142371706     
   38.6531813813104        3.44512857204460       0.592976063619926     
   38.7770697831735        3.83377333623959       0.658915976470765     
   38.9009581850367        3.55582185173305       0.677857950057619     
   39.0248465868999        3.65736117145432       0.642816534846468     
   39.1487349887631        3.86196678993165       0.629634425893018     
   39.2726233906262        3.65218798859774       0.630208820509277     
   39.3965117924894        3.83338001825207       0.613143377069686     
   39.5204001943526        3.78831359212653       0.598508770578279     
   39.6442885962158        3.57643142119991       0.580566479393527     
   39.7681769980789        3.70294972024341       0.624794035140370     
   39.8920653999421        3.97900350860991       0.622664509324631     
   40.0159538018053        3.81939775603054       0.616966069843547     
   40.1398422036685        3.43083394737511       0.572664928630907     
   40.2637306055316        3.94800125746966       0.645267878033175     
   40.3876190073948        3.45986474877531       0.640936020279800     
   40.5115074092580        3.90489680042352       0.568515099064819     
   40.6353958111212        3.50754166942200       0.578964960749602     
   40.7592842129843        3.90002707932807       0.585349191693401     
   40.8831726148475        4.03799184780398       0.641402538708388     
   41.0070610167107        3.59387800830058       0.583395698902505     
   41.1309494185739        3.54349588906351       0.543358927411564     
   41.2548378204370        3.77096898201273       0.623445160758108     
   41.3787262223002        3.67087354952841       0.580302273115746     
   41.5026146241634        3.57856873749594       0.613479838430733     
   41.6265030260266        3.93932704233547       0.583247450279298     
   41.7503914278897        3.51753798380693       0.607618660106506     
   41.8742798297529        4.06600531666449       0.667173148293907     
   41.9981682316161        3.85221993752652       0.675681781163761     
   42.1220566334793        3.89251951901661       0.663426170007408     
   42.2459450353424        3.89548830684792       0.651269522588217     
   42.3698334372056        3.78025635012575       0.609902689621077     
   42.4937218390688        3.75074636832743       0.551477635865177     
   42.6176102409319        3.79216563084147       0.528382268955132     
   42.7414986427951        3.58392105090149       0.573872522362088     
   42.8653870446583        3.82348470401344       0.602141933021373     
   42.9892754465215        4.15702052205675       0.594061358592956     
   43.1131638483847        3.46619856848661       0.684515114054181     
   43.2370522502478        3.37471335122157       0.688749380499434     
   43.3609406521110        3.64410710047711       0.645461000447873     
   43.4848290539742        3.66898699335014       0.605257217379070     
   43.6087174558373        3.61097957382669       0.617261429713631     
   43.7326058577005        3.54180236566531       0.707682071930181     
   43.8564942595637        3.93325166684126       0.675144300136581     
   43.9803826614269        3.54909004854356       0.712272614174947     
   44.1042710632900        3.66451324544836       0.636949576617994     
   44.2281594651532        3.94043855217031       0.631207788224499     
   44.3520478670164        3.76489617432264       0.675977413014445     
   44.4759362688796        3.75103430124168       0.610509029668219     
   44.5998246707427        3.70387296419044       0.663015030816453     
   44.7237130726059        3.96562242537412       0.679361499690240     
   44.8476014744691        3.92007061673495       0.634363330084959     
   44.9714898763323        3.80151460747938       0.616166967635851     
   45.0953782781954        3.58634845436660       0.641019719137208     
   45.2192666800586        4.01203575300472       0.618843280562247     
   45.3431550819218        3.67499587471673       0.593845557975190     
   45.4670434837850        3.53011875454866       0.629273796969448     
   45.5909318856481        3.62373385190186       0.574107529669733     
   45.7148202875113        3.63112063802437       0.642367396688323     
   45.8387086893745        3.90869106304306       0.714342474625249     
   45.9625970912377        3.64264237864215       0.603940936463010     
   46.0864854931008        3.58100755968954       0.681213941489551     
   46.2103738949640        3.87604608408716       0.650458567084931     
   46.3342622968272        3.68089826896358       0.608615997726655     
   46.4581506986904        3.60709050695496       0.599300132809021     
   46.5820391005535        3.60349409976301       0.574480462652074     
   46.7059275024167        3.66969506154284       0.557847537396846     
   46.8298159042799        3.74739015024562       0.601032048714558     
   46.9537043061430        3.85481392285299       0.576106567700132     
   47.0775927080062        3.70741761183552       0.618501779437738     
   47.2014811098694        3.53113395725924       0.624655304153065     
   47.3253695117326        3.62588211864323       0.615523915193021     
   47.4492579135958        4.03468512298765       0.658563207302736     
   47.5731463154589        3.60072231706632       0.581453629518654     
   47.6970347173221        3.94068317156185       0.626954482459016     
   47.8209231191853        3.90060995878254       0.561516387635701     
   47.9448115210484        3.80090989988804       0.639601442692389     
   48.0686999229116        3.79634719135916       0.597234123644250     
   48.1925883247748        3.93874624217368       0.686316464799109     
   48.3164767266380        3.52508154132672       0.634757628129300     
   48.4403651285011        3.91778669955582       0.540965042692403     
   48.5642535303643        3.81296665189778       0.597352634370677     
   48.6881419322275        3.57839335536672       0.622053015023815     
   48.8120303340907        3.86284864818982       0.538931811024389     
   48.9359187359538        3.84208567467874       0.620597606094369     
   49.0598071378170        3.48657780971567       0.518257479486169     
   49.1836955396802        3.83543344325057       0.516087906852070     
   49.3075839415434        3.57249662464095       0.608404518936851     
   49.4314723434065        3.57953976969506       0.608874877701205     
   49.5553607452697        3.57932918577789       0.629165227669930     
   49.6792491471329        3.72899800648960       0.614666841679435     
   49.8031375489961        3.68585571463537       0.632153656010635     
   49.9270259508592        3.70956287447434       0.536448270366124     
   50.0509143527224        3.75345827820735       0.684219580834726     
   50.1748027545856        3.70444519219721       0.547264092595400     
   50.2986911564488        3.58442006422414       0.639569587868573     
   50.4225795583119        3.84357409531671       0.653789514138428     
   50.5464679601751        3.63677411847911       0.612749732394199     
   50.6703563620383        3.61479179422006       0.621961782822667     
   50.7942447639015        3.73130446002151       0.609514753376450     
   50.9181331657646        3.71965807712745       0.631627965574847     
   51.0420215676278        3.70645557523076       0.648080490405310     
   51.1659099694910        3.87926510046387       0.664786338012201     
   51.2897983713541        3.80794343483695       0.657468007046806     
   51.4136867732173        3.90965567870609       0.667030310399679     
   51.5375751750805        3.57770607530438       0.652199964431510     
   51.6614635769437        3.78151439997115       0.610588268850542     
   51.7853519788069        3.74546927152998       0.637199998754696     
   51.9092403806700        3.73207731275706       0.565646386700216     
   52.0331287825332        3.65200083440047       0.596673065524746     
   52.1570171843964        3.86976329608118       0.653386575137604     
   52.2809055862595        3.69622716781057       0.628682476919165     
   52.4047939881227        3.63914005492268       0.615258972505644     
   52.5286823899859        3.88017978530357       0.608607584142712     
   52.6525707918491        3.37226731003376       0.577376031253502     
   52.7764591937122        3.80376571869289       0.570549781675995     
   52.9003475955754        3.71437270332557       0.619392287442657     
   53.0242359974386        3.86457894066552       0.639319138780753     
   53.1481243993018        3.97944283331175       0.576224112047329     
   53.2720128011649        3.54033793110158       0.578386775828133     
   53.3959012030281        3.58399038308087       0.652351550166498     
   53.5197896048913        4.07007991512307       0.570797374782430     
   53.6436780067545        3.90374919668155       0.649982524854851     
   53.7675664086176        3.64705096777860       0.711087446860627     
   53.8914548104808        3.78446305003744       0.633105954747675     
   54.0153432123440        3.89303239634334       0.601058829815113     
   54.1392316142072        3.58171064332697       0.606958763415348     
   54.2631200160703        3.90735916516007       0.633470275198995     
   54.3870084179335        3.79325221719872       0.541953357102393     
   54.5108968197967        3.79018623125076       0.609903478803538     
   54.6347852216599        3.84108797392471       0.723616427796839     
   54.7586736235230        3.65223009904140       0.571870403974011     
   54.8825620253862        3.72645213413008       0.610670117050599     
   55.0064504272494        3.73317668391493       0.570174529567738     
   55.1303388291126        3.83661941872224       0.634071171874260     
   55.2542272309757        3.87803809792233       0.596872494494165     
   55.3781156328389        3.64967681580081       0.640780049527958     
   55.5020040347021        3.48860152979010       0.631868386040681     
   55.6258924365652        3.85745877590403       0.600346188315542     
   55.7497808384284        3.96453676549371       0.680530437100415     
   55.8736692402916        3.57958467370313       0.699364942055385     
   55.9975576421548        4.01259787745269       0.614996861873951     
   56.1214460440180        3.78704844884448       0.620464327288543     
   56.2453344458811        3.61591866985547       0.606306101904890     
   56.3692228477443        3.65703488671349       0.681387724547814     
   56.4931112496075        3.67513019145056       0.603671353825294     
   56.6169996514706        3.62023348764180       0.628040722948569     
   56.7408880533338        3.73747587135200       0.662164723545148     
   56.8647764551970        4.09902447147215       0.659346942465735     
   56.9886648570602        4.00496759383787       0.617939732498503     
   57.1125532589233        3.79223253974830       0.608551491360762     
   57.2364416607865        3.90301831612923       0.561151738703594     
   57.3603300626497        3.75288273008110       0.600927700774228     
   57.4842184645129        3.35746516881616       0.583081809942561     
   57.6081068663760        3.82353977289289       0.586178558425172     
   57.7319952682392        3.63203404269438       0.651367794812565     
   57.8558836701024        3.68327234155475       0.630847798935144     
   57.9797720719656        3.88885003892914       0.572840987856552     
   58.1036604738287        3.91448423981890       0.661608161219955     
   58.2275488756919        3.48392480074365       0.653802181159112     
   58.3514372775551        3.66974038972149       0.594110932429987     
   58.4753256794183        3.68000476060198       0.606317621820260     
   58.5992140812814        3.79383650322075       0.654697610790163     
   58.7231024831446        3.55087948256495       0.592524929322173     
   58.8469908850078        3.64980199817908       0.553225610474248     
   58.9708792868710        3.84315843162020       0.611769624033481     
   59.0947676887341        3.65611984109446       0.587626223700765     
   59.2186560905973        3.69438870644895       0.616586213612899     
   59.3425444924605        3.70888259998361       0.531877759556940     
   59.4664328943236        3.79342391915957       0.668888316243814     
   59.5903212961868        3.76479802118614       0.660938534652849     
   59.7142096980500        3.77402788556148       0.627519312005320     
   59.8380980999132        3.71377236703873       0.533868498545850     
   59.9619865017763        3.82086494664133       0.648543355993082     
   60.0858749036395        3.52817089522423       0.613625142428262     
   60.2097633055027        3.73958676409952       0.597863976949161     
   60.3336517073659        3.74074794617217       0.657276246453469     
   60.4575401092291        3.92972013822240       0.579901761708302     
   60.5814285110922        3.84891184815904       0.618484104007796     
   60.7053169129554        3.77888633477044       0.620821603528352     
   60.8292053148186        3.89182512317784       0.561331541222471     
   60.9530937166817        3.66776717145316       0.644246929277934     
   61.0769821185449        3.92290666378245       0.584883904621565     
   61.2008705204081        3.64492408581877       0.624880528021830     
   61.3247589222713        3.72509874300649       0.619630798316385     
   61.4486473241344        3.73498738024048       0.623717543408458     
   61.5725357259976        3.94377939459111       0.639863336899277     
   61.6964241278608        3.45198418612707       0.600671441405631     
   61.8203125297240        3.72115108632743       0.643980063629216     
   61.9442009315871        3.63391788294249       0.614628003099867     
   62.0680893334503        3.81020125373290       0.637506585775232     
   62.1919777353135        3.75702646623535       0.614197035457155     
   62.3158661371767        3.56566774625518       0.714544583794490     
   62.4397545390398        3.83682397193703       0.661947168889611     
   62.5636429409030        3.68593726923198       0.598417411987632     
   62.6875313427662        3.63369638930714       0.667733939147768     
   62.8114197446294        3.78431655573785       0.576161876983725     
   62.9353081464925        3.66103390396241       0.669928680860304     
   63.0591965483557        3.73743143162164       0.617248333178159     
   63.1830849502189        3.84917496622776       0.651723853915472     
   63.3069733520821        3.59210611940954       0.604988655211195     
   63.4308617539452        4.02198091972753       0.641941083460475     
   63.5547501558084        3.68483189601134       0.574813632783426     
   63.6786385576716        3.77530183918585       0.624767590558745     
   63.8025269595347        3.93560061314529       0.488369780998368     
   63.9264153613979        3.74683187058481       0.590666099276669     
   64.0503037632611        3.84727893662330       0.625434182772627     
   64.1741921651243        3.90697743554060       0.644833712650898     
   64.2980805669874        3.56009194997737       0.627852688463068     
   64.4219689688506        3.88293355471026       0.595739661211407     
   64.5458573707138        3.64099321795318       0.643188722404878     
   64.6697457725770        3.81806542620823       0.677470844672124     
   64.7936341744401        3.88137464758377       0.648638732795822     
   64.9175225763033        3.86477136070949       0.627226957780432     
   65.0414109781665        3.67946992409468       0.571769816467550     
   65.1652993800297        3.89068272485084       0.595102306160607     
   65.2891877818928        3.68563634898237       0.564925647407930     
   65.4130761837560        3.71678127240309       0.613554908279970     
   65.5369645856192        3.91448430942051       0.580016879625136     
   65.6608529874824        3.79449535835709       0.649053085180385     
   65.7847413893455        3.84506957023794       0.637573130961014     
   65.9086297912087        3.73190740382189       0.626258790403908     
   66.0325181930719        3.93499982380516       0.564672024628814     
   66.1564065949351        3.88658355902334       0.546899014984422     
   66.2802949967982        3.72249673505826       0.665975689878634     
   66.4041833986614        3.83012515339978       0.636167899919796     
   66.5280718005246        3.85769759864740       0.657673332106141     
   66.6519602023878        3.86768273741253       0.676832669669710     
   66.7758486042509        3.70594008947716       0.583729547204128     
   66.8997370061141        3.62565206697354       0.579147867041401     
   67.0236254079773        3.98415612832547       0.581072178707483     
   67.1475138098405        3.66420139214016       0.624021483753724     
   67.2714022117036        3.90462261861509       0.594005184915544     
   67.3952906135668        3.68781641543650       0.518280956705402     
   67.5191790154300        3.81212198387546       0.601026031065810     
   67.6430674172932        3.49189401446481       0.617991066985391     
   67.7669558191563        3.66446224139028       0.666720553967699     
   67.8908442210195        3.29926682614608       0.598839001998826     
   68.0147326228827        3.89268319161209       0.652071666702160     
   68.1386210247458        3.58892974154711       0.611418538662216     
   68.2625094266090        3.90908699293742       0.616982004283603     
   68.3863978284722        3.80131437867915       0.604414815966220     
   68.5102862303354        3.84950317448085       0.616307328868477     
   68.6341746321985        3.88511612653574       0.576225393459422     
   68.7580630340617        3.68074983700429       0.560905713276816     
   68.8819514359249        3.54781016407489       0.602105088126314     
   69.0058398377881        3.61956221180442       0.650497835803398     
   69.1297282396512        3.51956020347283       0.644751075876817     
   69.2536166415144        4.02869979312835       0.556005565061408     
   69.3775050433776        3.80763117099570       0.587226218652820     
   69.5013934452408        3.69964434084425       0.576166230463180     
   69.6252818471039        3.99317797723554       0.644868199615478     
   69.7491702489671        3.72764891782868       0.636360780786475     
   69.8730586508303        3.95817371343701       0.620623579292469     
   69.9969470526935        3.75472763243817       0.614594629833269     
   70.1208354545566        3.82554258560700       0.680281525230782     
   70.2447238564198        3.88060475741314       0.676661139271218     
   70.3686122582830        3.74343904348756       0.627194003191921     
   70.4925006601462        3.98853007865308       0.590508399117479     
   70.6163890620093        3.74927525563776       0.564200627373138     
   70.7402774638725        3.80209604865695       0.647200299867619     
   70.8641658657357        3.54609138562956       0.628192811783839     
   70.9880542675989        3.54245677726408       0.604476552905545     
   71.1119426694620        3.55785417394257       0.599596140265641     
   71.2358310713252        3.91888102633470       0.603692042231709     
   71.3597194731884        3.82777688795367       0.695479685514435     
   71.4836078750516        3.92057716193813       0.643504457464777     
   71.6074962769147        3.74582950064289       0.599604046739238     
   71.7313846787779        3.40291860564068       0.626159662557620     
   71.8552730806411        3.89356842579493       0.523029288856369     
   71.9791614825043        3.64494876428817       0.689685594029247     
   72.1030498843674        3.51664668765830       0.669671357601926     
   72.2269382862306        4.08709563479952       0.643953140751360     
   72.3508266880938        3.69080487315904       0.581269832061965     
   72.4747150899569        3.92171927955388       0.639741824176168     
   72.5986034918201        3.87779725511646       0.608096100693128     
   72.7224918936833        3.79108296491574       0.622652553953963     
   72.8463802955465        3.71201824604794       0.646080434831638     
   72.9702686974096        3.66959339040619       0.655362235583640     
   73.0941570992728        3.68481791006424       0.553124910996594     
   73.2180455011360        3.85967574747832       0.671495055970933     
   73.3419339029992        3.51492992268513       0.542819668185412     
   73.4658223048623        3.70705498162032       0.579332647203081     
   73.5897107067255        3.56014603289374       0.607561844542710     
   73.7135991085887        3.79498044837933       0.568896189308851     
   73.8374875104519        3.89671532593966       0.607114319608487     
   73.9613759123150        3.72859384767304       0.634366417713466     
   74.0852643141782        3.91061868268720       0.621704343254707     
   74.2091527160414        3.77601114273223       0.556188539860656     
   74.3330411179046        3.50835219921667       0.616355532978936     
   74.4569295197677        3.85904701220700       0.549692234271972     
   74.5808179216309        4.02953343715040       0.690647609660005     
   74.7047063234941        3.78995980123901       0.565715606590310     
   74.8285947253573        3.57448446526917       0.596888529771244     
   74.9524831272204        3.71512760484576       0.504923656303340     
   75.0763715290836        3.64050828196274       0.597319944489378     
   75.2002599309468        3.86693815020920       0.623590343002653     
   75.3241483328100        4.02166818918921       0.621943665598679     
   75.4480367346731        3.90324624599705       0.608726992780062     
   75.5719251365363        3.52037830692007       0.620929060562158     
   75.6958135383995        3.51492621984549       0.651421852860555     
   75.8197019402627        3.51694436955816       0.655734752797500     
   75.9435903421258        3.95021779674880       0.616501996655611     
   76.0674787439890        3.67852644298399       0.647244035097622     
   76.1913671458522        3.92363597687876       0.604779469904045     
   76.3152555477154        3.87379925287289       0.659896090632064     
   76.4391439495785        3.88889338624628       0.540378631528069     
   76.5630323514417        3.63783558682240       0.638143396746823     
   76.6869207533049        3.96727157270909       0.615521994635905     
   76.8108091551680        3.64586200522528       0.611926705035450     
   76.9346975570312        3.80317479008508       0.661329674140747     
   77.0585859588944        3.65721451983146       0.595731050931146     
   77.1824743607576        3.74597130430253       0.608135019892222     
   77.3063627626207        3.75231648019396       0.580814491350020     
   77.4302511644839        3.66839618839014       0.579722771904608     
   77.5541395663471        3.68788413291345       0.696565371263383     
   77.6780279682103        3.55043653655980       0.599780314125925     
   77.8019163700734        3.61349592624647       0.614842392540777     
   77.9258047719366        3.64132141538396       0.533921266233909     
   78.0496931737998        3.59021339515019       0.726960047829258     
   78.1735815756630        3.90705291952362       0.596932494348126     
   78.2974699775261        3.79535343738858       0.647062368163260     
   78.4213583793893        3.96632927633061       0.673962223926988     
   78.5452467812525        3.72544433120376       0.611604977867861     
   78.6691351831157        4.04296592432152       0.589515369722874     
   78.7930235849788        3.43627994486023       0.564644174304567     
   78.9169119868420        3.73758400768968       0.588699646175134     
   79.0408003887052        3.85594989902070       0.582660426984445     
   79.1646887905684        3.61802008039542       0.618767365410762     
   79.2885771924315        3.81159851558241       0.602400239874668     
   79.4124655942947        3.78102532781567       0.592595459334940     
   79.5363539961579        3.98189232361751       0.603239045713509     
   79.6602423980211        3.66415851538021       0.602823453650766     
   79.7841307998842        3.89879677880702       0.593189519822821     
   79.9080192017474        3.70169835671512       0.586764058237643     
   80.0319076036106        3.74740538997476       0.595280521980694     
   80.1557960054738        3.86786062860797       0.560626891007514     
   80.2796844073369        3.70877784884576       0.633767747198411     
   80.4035728092001        3.96620845039338       0.605862103309055     
   80.5274612110633        3.80439193333968       0.660426632791277     
   80.6513496129264        3.68218391931603       0.599027770022018     
   80.7752380147896        3.60318423426244       0.595420868280903     
   80.8991264166528        3.88860638469712       0.532669590071673     
   81.0230148185160        3.84535067063243       0.641922007216147     
   81.1469032203791        3.66880087957172       0.514104939272275     
   81.2707916222423        3.66469414098263       0.584452650729081     
   81.3946800241055        3.91298823537889       0.592678245657847     
   81.5185684259687        3.60128677335283       0.576018162015077     
   81.6424568278319        3.73133251597763       0.631448853138127     
   81.7663452296950        3.59581417756347       0.669696435478572     
   81.8902336315582        3.73362221710379       0.606318538727104     
   82.0141220334214        3.83287165895735       0.592821791903370     
   82.1380104352845        3.74968028897521       0.610083403750818     
   82.2618988371477        3.86897018513336       0.646566788337163     
   82.3857872390109        3.90656046953913       0.706628735701981     
   82.5096756408741        3.67914176168809       0.601229996906053     
   82.6335640427372        3.84580513488975       0.635612203469433     
   82.7574524446004        4.16052250336657       0.569689332967215     
   82.8813408464636        3.84557499895467       0.614129972061200     
   83.0052292483268        3.85301813799373       0.570564799987483     
   83.1291176501899        3.52096937411976       0.598842955761816     
   83.2530060520531        3.72082653869626       0.598949309023434     
   83.3768944539163        3.83487303992256       0.570825124214577     
   83.5007828557795        3.88540033760171       0.571349938477894     
   83.6246712576426        3.26496102437493       0.645217051056817     
   83.7485596595058        3.69482687405279       0.611671503548003     
   83.8724480613690        3.60802107153138       0.569675903520147     
   83.9963364632322        3.76305056226910       0.633943051323955     
   84.1202248650953        3.51420500372865       0.540984144742829     
   84.2441132669585        3.78887345938590       0.623611674951674     
   84.3680016688217        3.70892174620306       0.619491438142349     
   84.4918900706849        3.53499936648522       0.602878673692773     
   84.6157784725480        3.64597200372718       0.593268411918079     
   84.7396668744112        3.66187123356549       0.572614786895356     
   84.8635552762744        3.88574038029869       0.684769585584836     
   84.9874436781376        3.66070947774883       0.651980928812159     
   85.1113320800007        4.00430605136316       0.704941842178363     
   85.2352204818639        3.83031235181056       0.647337754884350     
   85.3591088837271        3.70529836445622       0.627399412959255     
   85.4829972855902        4.09577102015633       0.588848681481712     
   85.6068856874534        3.80367282951959       0.649743432541138     
   85.7307740893166        3.77659885450315       0.614265746834382     
   85.8546624911798        3.61033832534553       0.649485196308431     
   85.9785508930430        3.96752779499710       0.620553137237846     
   86.1024392949061        3.60609370718536       0.574257162707209     
   86.2263276967693        3.81825580611067       0.609443561533815     
   86.3502160986325        3.60629154349979       0.641290240985102     
   86.4741045004956        3.66102664207403       0.630279661115950     
   86.5979929023588        4.00141995940353       0.638413602401206     
   86.7218813042220        3.56113630787370       0.651743394690100     
   86.8457697060852        3.89582824467081       0.567009977385219     
   86.9696581079483        3.58582482107300       0.618172130969085     
   87.0935465098115        3.62641250250677       0.645841498449517     
   87.2174349116747        3.50860813058990       0.614550041543102     
   87.3413233135379        3.65354449410691       0.666714989394408     
   87.4652117154010        3.76595193399574       0.590621106095872     
   87.5891001172642        3.93173710674887       0.662679990508866     
   87.7129885191274        3.80856780237253       0.606970923959577     
   87.8368769209906        3.56600321092499       0.678182053462835     
   87.9607653228537        3.57796793756231       0.591133555543301     
   88.0846537247169        3.74635488670524       0.606911018262827     
   88.2085421265801        3.60657510028492       0.607021825943503     
   88.3324305284433        3.78317481210086       0.570944951931694     
   88.4563189303064        3.77065887091610       0.563240545624462     
   88.5802073321696        3.79702988139788       0.591004865908185     
   88.7040957340328        3.49307839788312       0.623397435119504     
   88.8279841358960        3.66796119705126       0.623231403338049     
   88.9518725377591        3.82538467218994       0.716701489005186     
   89.0757609396223        3.80405764162874       0.603454262221353     
   89.1996493414855        3.63219605121584       0.682818724883910     
   89.3235377433487        3.91974254372850       0.599922911095887     
   89.4474261452118        3.86982129553582       0.658127999666640     
   89.5713145470750        3.95171284950096       0.656754508069301     
   89.6952029489382        4.04154832324279       0.662665745550135     
   89.8190913508013        3.88761933351210       0.624640260802273     
   89.9429797526645        3.55306863792853       0.643596905763010     
   90.0668681545277        3.61672956096852       0.616096685650224     
   90.1907565563909        3.83747882575577       0.638859710585726     
   90.3146449582540        3.63516250890489       0.663386357893331     
   90.4385333601172        3.69799822068915       0.614828474487833     
   90.5624217619804        3.43757484086213       0.556895256477285     
   90.6863101638436        3.64374472490052       0.592117236719536     
   90.8101985657067        3.70127546242585       0.563212866083979     
   90.9340869675699        3.65230557531538       0.649021313281144     
   91.0579753694331        3.53380881597305       0.592197499752556     
   91.1818637712963        3.72864527200100       0.600929099097697     
   91.3057521731594        3.60164420658103       0.653901538507009     
   91.4296405750226        3.72550503860508       0.599044822801816     
   91.5535289768858        3.80104847000270       0.596479606707104     
   91.6774173787490        3.92729784917366       0.605843323562950     
   91.8013057806121        3.92548817974487       0.627499421431216     
   91.9251941824753        3.66338143659744       0.597121907175880     
   92.0490825843385        3.66198100344575       0.618805678027395     
   92.1729709862017        3.50285346939421       0.672151480837547     
   92.2968593880648        3.60512870699528       0.591650068413700     
   92.4207477899280        3.81339403551153       0.648075883758440     
   92.5446361917912        3.72599622744516       0.636093661114776     
   92.6685245936544        3.44085595497694       0.690299039224915     
   92.7924129955175        3.92373794995952       0.681960543268207     
   92.9163013973807        3.81370112451109       0.612054931317742     
   93.0401897992439        3.67346283058441       0.564671428209686     
   93.1640782011071        3.66754548645563       0.633173793717847     
   93.2879666029702        3.47191099979910       0.633325734061239     
   93.4118550048334        3.55137029250242       0.604109809174737     
   93.5357434066966        3.62707109902657       0.593744534891859     
   93.6596318085598        3.94139191605678       0.664338030034946     
   93.7835202104229        3.74235547557563       0.560698056414602     
   93.9074086122861        3.66546029767164       0.657537508894935     
   94.0312970141493        3.99998107394937       0.603328103574396     
   94.1551854160124        4.16859643830055       0.671127622124790     
   94.2790738178756        3.86465531801694       0.644296577974329     
   94.4029622197388        3.76754515089287       0.578556554235445     
   94.5268506216020        3.76383650916994       0.619163759467553     
   94.6507390234651        3.57862766391830       0.592211856017184     
   94.7746274253283        3.54089447271489       0.652758745041419     
   94.8985158271915        3.67197123760898       0.593025456869997     
   95.0224042290547        3.80016154551666       0.610885427684190     
   95.1462926309178        3.57671446359508       0.561219230227925     
   95.2701810327810        3.70764713688241       0.583918254322289     
   95.3940694346442        3.80028060933953       0.629981979131011     
   95.5179578365074        3.54543636154328       0.566993572815289     
   95.6418462383705        3.87823749917310       0.594889992763705     
   95.7657346402337        3.84626646397376       0.584583061100706     
   95.8896230420969        3.65064073277510       0.587142113825975     
   96.0135114439601        3.77065774324456       0.581396793704467     
   96.1373998458232        3.50035007404647       0.609341437308845     
   96.2612882476864        3.77244312147662       0.647494674594263     
   96.3851766495496        3.68087984497977       0.657746147200942     
   96.5090650514128        3.58939445159103       0.607982578958729     
   96.6329534532759        3.91982287740162       0.663354624294989     
   96.7568418551391        3.54949413265653       0.707042901662800     
   96.8807302570023        3.54548432772403       0.612725415230538     
   97.0046186588655        3.51532809854197       0.581119246402229     
   97.1285070607286        3.81574976534002       0.625050268188795     
   97.2523954625918        3.77973494031133       0.525469250369061     
   97.3762838644550        3.57995343746213       0.564868469142202     
   97.5001722663182        3.58009879272480       0.633892345384141     
   97.6240606681813        3.70664473718895       0.669722347591669     
   97.7479490700445        3.84709890122144       0.601612921380710     
   97.8718374719077        3.96067813257855       0.631658969487225     
   97.9957258737709        3.59881621996008       0.666262872220212     
   98.1196142756340        3.45697787574482       0.651203553004565     
   98.2435026774972        4.04272070082661       0.561767494116092     
   98.3673910793604        3.79509896889166       0.576927565144771     
   98.4912794812235        3.91604090674176       0.603237375896942     
   98.6151678830867        3.57151968336407       0.667812184351984     
   98.7390562849499        3.81203541103451       0.635622562511701     
   98.8629446868131        3.65308443466356       0.581957422948823     
   98.9868330886762        4.14829997881219       0.679665950795022     
   99.1107214905394        3.39815478114700       0.602179526088959     
   99.2346098924026        3.70237064323108       0.583768837077768     
   99.3584982942658        3.46782641525610       0.613555071144408     
   99.4823866961289        3.73439339135550       0.664628097546586     
   99.6062750979921        3.85343482559403       0.652983833081011     
   99.7301634998553        3.76738548758841       0.579212244760773     
   99.8540519017185        4.01135663315577       0.615620612535382     
   99.9779403035816        3.67579859520322       0.617902226518225     
   100.101828705445        3.65061024928721       0.663677549697249     
   100.225717107308        3.95478655954132       0.623089010255705     
   100.349605509171        4.19631913706479       0.612015169901074     
   100.473493911034        3.87079585256785       0.681500147581378     
   100.597382312898        3.82343512209924       0.636308804293471     
   100.721270714761        3.97978260659163       0.754440882782126     
   100.845159116624        3.63805686698483       0.616041081112571     
   100.969047518487        3.69545393297078       0.659377868259028     
   101.092935920350        3.98468373688216       0.595287508729187     
   101.216824322213        3.60283618271650       0.624843104933414     
   101.340712724077        3.76313075439892       0.629415199073785     
   101.464601125940        3.70954178891955       0.599020206975566     
   101.588489527803        3.83320618240252       0.605611977601883     
   101.712377929666        3.77403686028972       0.609634219057314     
   101.836266331529        3.74987204958911       0.623046453721909     
   101.960154733392        3.99113337854167       0.616027419267950     
   102.084043135256        3.68675865740781       0.590661182055912     
   102.207931537119        3.84344797974410       0.596562890587930     
   102.331819938982        3.79225095625013       0.569444410575352     
   102.455708340845        3.88137006555073       0.641170260300233     
   102.579596742708        3.87816954014486       0.563053468163939     
   102.703485144571        3.78053386264806       0.609102158558855     
   102.827373546435        3.73913787890416       0.615668633948690     
   102.951261948298        4.24159125574760       0.638789185903659     
   103.075150350161        3.81359934327025       0.604926120367054     
   103.199038752024        3.68482684358180       0.662114331574935     
   103.322927153887        3.60501427046555       0.577852277848775     
   103.446815555751        3.86391943994343       0.723032443762020     
   103.570703957614        3.94974556376680       0.670296253747208     
   103.694592359477        3.84705918317389       0.634176759363297     
   103.818480761340        3.85879005721587       0.647253726643093     
   103.942369163203        3.78965106472370       0.575100982567165     
   104.066257565066        3.92038156548341       0.648280949465938     
   104.190145966930        3.56109180823221       0.594397142394464     
   104.314034368793        3.43124299271128       0.588465572898801     
   104.437922770656        3.61036253766912       0.589448032790838     
   104.561811172519        3.71804470579821       0.623144282124940     
   104.685699574382        3.77363063672073       0.616282362140555     
   104.809587976245        4.09249287806758       0.644188497668054     
   104.933476378109        3.87490368139052       0.651537976211495     
   105.057364779972        3.79903066142109       0.610081027061325     
   105.181253181835        4.23331571560964       0.642277726890640     
   105.305141583698        3.58442035198909       0.661426553403399     
   105.429029985561        3.89961114400597       0.577510564775384     
   105.552918387424        3.78243189666883       0.639919206562940     
   105.676806789288        3.74991525195037       0.649772514291744     
   105.800695191151        3.66671102450352       0.701234776609389     
   105.924583593014        3.66178723906988       0.632346597986337     
   106.048471994877        3.86901557887224       0.648561372694140     
   106.172360396740        3.69920420244998       0.557785445443636     
   106.296248798604        3.47065360232896       0.583624437820991     
   106.420137200467        3.78223259445736       0.571219291551096     
   106.544025602330        3.56282867737767       0.578223906501844     
   106.667914004193        3.67878238356398       0.592793355534932     
   106.791802406056        3.87868986159369       0.545075775209245     
   106.915690807919        3.45154670856007       0.555696698963760     
   107.039579209783        3.86033510963481       0.558018768737922     
   107.163467611646        3.84734445493560       0.651488901110974     
   107.287356013509        3.49327989455479       0.611965516242198     
   107.411244415372        3.69167437079835       0.593566293989805     
   107.535132817235        3.82170026078387       0.598735257285603     
   107.659021219098        3.86118589297060       0.607982588222114     
   107.782909620962        3.69615435115908       0.648050367721480     
   107.906798022825        3.82019625867798       0.657201267334175     
   108.030686424688        3.77230879438031       0.554525534734294     
   108.154574826551        3.61501752417402       0.626197050190102     
   108.278463228414        3.62564724870551       0.571840708627805     
   108.402351630277        3.74971310075144       0.538833934085389     
   108.526240032141        3.84384137789517       0.657703094844158     
   108.650128434004        3.53683388255531       0.575711458014665     
   108.774016835867        3.41753821030733       0.604714275016467     
   108.897905237730        3.70815307063369       0.610541363297637     
   109.021793639593        3.98255710669789       0.632347920550200     
   109.145682041457        3.70859586585869       0.629180111936138     
   109.269570443320        3.84060661440952       0.652910190902482     
   109.393458845183        3.72298957913469       0.768232634818567     
   109.517347247046        3.79309213740561       0.610753485975565     
   109.641235648909        3.70755578230126       0.648533186978600     
   109.765124050772        3.73000676095480       0.587825552678262     
   109.889012452636        3.71234135222799       0.594556494791920     
   110.012900854499        3.90865886232395       0.689572210339056     
   110.136789256362        4.06899971187479       0.652516605299047     
   110.260677658225        3.41851422926474       0.644619932385661     
   110.384566060088        4.09023870698368       0.658107095366897     
   110.508454461951        3.62727180392224       0.587560739061482     
   110.632342863815        3.72396388176957       0.581841713433755     
   110.756231265678        3.54768249601641       0.582438648560590     
   110.880119667541        4.02797434900069       0.628775393203768     
   111.004008069404        3.95973678755382       0.631607314408494     
   111.127896471267        3.41569463380090       0.668643306357829     
   111.251784873130        3.65593388496946       0.613575691601764     
   111.375673274994        3.84120456507129       0.688449432098328     
   111.499561676857        3.44215448640208       0.604314879849583     
   111.623450078720        3.73768681668016       0.577326200797956     
   111.747338480583        3.74861751365162       0.588386654603312     
   111.871226882446        3.61635359162224       0.595565481192123     
   111.995115284310        3.83205400080380       0.589153657733817     
   112.119003686173        3.80474531805695       0.648544227602998     
   112.242892088036        3.74376381054212       0.586453823900217     
   112.366780489899        3.89684057172419       0.650703212641464     
   112.490668891762        3.46567325201901       0.584458733665094     
   112.614557293625        3.45490119923600       0.626570320444151     
   112.738445695489        3.56178455304757       0.613902280076526     
   112.862334097352        3.75858316203781       0.618427014820423     
   112.986222499215        3.49314676695357       0.611001489554130     
   113.110110901078        3.60283635852121       0.642786722343110     
   113.233999302941        3.88793692990015       0.637965719715243     
   113.357887704804        3.50113347475013       0.631187501344324     
   113.481776106668        3.76061446772747       0.634371340429787     
   113.605664508531        3.63142922796124       0.653332846931290     
   113.729552910394        3.62598047707966       0.603675331266535     
   113.853441312257        3.83509125534018       0.673080302902696     
   113.977329714120        3.95596536786147       0.696963481859876     
   114.101218115984        3.77799881168862       0.626510928682374     
   114.225106517847        3.71262106230210       0.653651105788078     
   114.348994919710        3.61866701050929       0.582275225508414     
   114.472883321573        3.41720489878858       0.570575886727800     
   114.596771723436        3.82042655221508       0.594193217933290     
   114.720660125299        3.77055973114099       0.646140648914775     
   114.844548527163        3.90673691036380       0.673805238794926     
   114.968436929026        3.84578893285998       0.622015853593185     
   115.092325330889        3.69906544267548       0.632617595258760     
   115.216213732752        3.67768555018999       0.644505385086782     
   115.340102134615        3.73137840538041       0.614150942862290     
   115.463990536478        3.61878767747914       0.605512825679822     
   115.587878938342        3.68710924392817       0.619847609129583     
   115.711767340205        3.47813918357494       0.544146815826329     
   115.835655742068        3.80373436710845       0.574145760691709     
   115.959544143931        3.86245978749127       0.646651813407156     
   116.083432545794        3.50237881889236       0.464793986989072     
   116.207320947657        3.78199481552112       0.621304726607288     
   116.331209349521        3.84197340458116       0.589384849584149     
   116.455097751384        3.87131192507951       0.610499821435781     
   116.578986153247        3.39023103216679       0.575089945075048     
   116.702874555110        3.78169018861289       0.619227121803372     
   116.826762956973        3.99744606035694       0.575704839757224     
   116.950651358837        3.37975370357060       0.598479176365558     
   117.074539760700        3.79052068039905       0.682402588972083     
   117.198428162563        3.77996201332170       0.665128123235623     
   117.322316564426        3.47284234185537       0.614852823198857     
   117.446204966289        4.02718326780119       0.609393701919500     
   117.570093368152        3.67750114848643       0.612107712222208     
   117.693981770016        3.61481112370427       0.651815760498422     
   117.817870171879        3.73028363622718       0.609172544687835     
   117.941758573742        3.77428536514627       0.611933987188351     
   118.065646975605        3.72191669939670       0.567493061814372     
   118.189535377468        3.49625807750294       0.602661100987538     
   118.313423779331        3.83801164868143       0.646715912150406     
   118.437312181195        3.43832761388359       0.624512383666980     
   118.561200583058        3.88680462843321       0.632292883201768     
   118.685088984921        4.07822076346423       0.594004602949169     
   118.808977386784        3.66772733076203       0.613231007076576     
   118.932865788647        3.67423769894497       0.682688558490936     
   119.056754190510        3.67907659277719       0.667156021344263     
   119.180642592374        3.73459518321035       0.546740093251352     
   119.304530994237        3.80430258664814       0.620099336625627     
   119.428419396100        3.69751360259753       0.636296147831797     
   119.552307797963        3.66884119081339       0.642785722471247     
   119.676196199826        3.82606382292846       0.649947677440165     
   119.800084601690        3.79766968636673       0.626659406921074     
   119.923973003553        3.56011577781397       0.673926006657569     
   120.047861405416        3.73995223213776       0.571257885679699     
   120.171749807279        3.89818679435995       0.640909169374969     
   120.295638209142        3.76030591173290       0.506913061474615     
   120.419526611005        3.65749443306325       0.572536151525507     
   120.543415012869        3.93471999826474       0.658380895139763     
   120.667303414732        3.89245180168276       0.568486441112922     
   120.791191816595        3.62064527058964       0.526733457012030     
   120.915080218458        3.63219007959647       0.537134903159901     
   121.038968620321        3.40685762193872       0.553687576256228     
   121.162857022184        3.48741439530545       0.560485168693488     
   121.286745424048        3.77039120591375       0.582060178629506     
   121.410633825911        3.62689152625011       0.608600077008894     
   121.534522227774        3.57377767365744       0.603077259372620     
   121.658410629637        3.80827149797219       0.647120593897570     
   121.782299031500        3.32006640962544       0.601703476122766     
   121.906187433363        4.13849771299351       0.583604861168265     
   122.030075835227        3.79731068366232       0.615863962498892     
   122.153964237090        3.68760090581855       0.522086144549297     
   122.277852638953        3.82692137351926       0.605365383513793     
   122.401741040816        3.80603468303750       0.632009695502869     
   122.525629442679        3.69697597519437       0.636910738950373     
   122.649517844543        3.83995153858773       0.637450197488816     
   122.773406246406        3.69133005799222       0.589651776232499     
   122.897294648269        3.74785685995031       0.629297838155109     
   123.021183050132        3.81713316699428       0.667940634537726     
   123.145071451995        3.72045430423050       0.660315385244297     
   123.268959853858        3.64541488566880       0.610116981403777     
   123.392848255722        3.90212006105784       0.618143366146758     
   123.516736657585        3.85812829886203       0.617043906925752     
   123.640625059448        3.75628193911618       0.690256180477796     
   123.764513461311        3.90772743817824       0.727102922309666     
   123.888401863174        3.54777480162439       0.600473177560759     
