  5.000000000000000E-002   54.7624017971590        99.1938277491092     
  0.100000000000000        53.3471801112644        103.349534377122     
  0.150000000000000        53.0631739275009        108.994807980370     
  0.200000000000000        53.1036656318654        109.886724097942     
  0.250000000000000        54.7315402657716        108.582908964044     
  0.300000000000000        60.3988968211812        109.024587952657     
  0.350000000000000        54.2619478290555        114.481526483974     
  0.400000000000000        56.9216746033645        111.826304110021     
  0.450000000000000        55.0180088933948        110.931739690597     
  0.500000000000000        55.4795038523920        118.287071816787     
  0.550000000000000        53.4773851083164        116.786118016725     
  0.600000000000000        53.9339466285590        117.088446671894     
  0.650000000000000        51.6060346899784        112.522302755501     
  0.700000000000000        52.1590501704679        109.426592475747     
  0.750000000000000        53.9291702663611        114.639823621031     
  0.800000000000000        56.0411454114921        120.259280192024     
  0.850000000000000        56.9569330027905        120.170839215339     
  0.900000000000000        60.6660861308310        123.924623159544     
  0.950000000000000        53.7558611764485        116.271604898982     
   1.00000000000000        52.6181452392450        114.739359294805     
   1.05000000000000        52.4835821093619        115.011541349931     
   1.10000000000000        52.1756439466287        112.147438262996     
   1.15000000000000        57.7735380345401        120.232197493056     
   1.20000000000000        53.8987767703405        113.067755265667     
   1.25000000000000        58.5061350014683        121.960156874470     
   1.30000000000000        56.1119415815515        118.978930396448     
   1.35000000000000        58.8099250162436        120.536320178391     
   1.40000000000000        55.6662249417622        120.706939500869     
   1.45000000000000        47.1745791038461        110.754835613459     
   1.50000000000000        51.4793608399173        105.407927193264     
   1.55000000000000        50.4777561372116        110.514250927174     
   1.60000000000000        55.3165625808771        118.068797317946     
   1.65000000000000        55.6528977573717        115.673778195624     
   1.70000000000000        50.6389030102848        110.020778050928     
   1.75000000000000        55.8279300084017        116.969526449833     
   1.80000000000000        57.2340904735441        112.590973153559     
   1.85000000000000        52.7803508581353        111.534759731653     
   1.90000000000000        55.3855926598562        114.861124443198     
   1.95000000000000        53.6194017176287        113.875162608802     
   2.00000000000000        56.1267097404404        120.642091637622     
   2.05000000000000        52.3859240761860        109.815385384925     
   2.10000000000000        53.4805796600217        116.635969694387     
   2.15000000000000        56.3004673711868        116.598923843798     
   2.20000000000000        51.0783345201393        110.580644052536     
   2.25000000000000        53.3224030025204        112.190296657903     
   2.30000000000000        49.5030028372316        112.649236327742     
   2.35000000000000        52.8550181859771        114.831449245091     
   2.40000000000000        53.8813236950002        112.160623110812     
   2.45000000000000        50.3395853614323        109.094285826846     
   2.50000000000000        55.1340711302363        118.197773141097     
   2.55000000000000        51.5855973344850        109.531984164706     
   2.60000000000000        54.9481807945793        117.016540203609     
   2.65000000000000        60.2686124924929        120.299783403587     
   2.70000000000000        54.0105518345235        117.677926525016     
   2.75000000000000        53.7021306805410        116.077499430862     
   2.80000000000000        54.6112918548079        114.730796484770     
   2.85000000000000        54.6292251368585        124.384087628554     
   2.90000000000000        60.4374997375512        120.744482776772     
   2.95000000000000        52.8320199244492        109.659580631507     
   3.00000000000000        53.0376369644254        111.524885486658     
   3.05000000000000        54.2015682317098        113.998346331446     
   3.10000000000000        50.6311757796711        108.650689610851     
   3.15000000000000        56.3185403933095        113.446423240930     
   3.20000000000000        57.3974069917817        112.986779178672     
   3.25000000000000        55.3809662358732        111.469625423697     
   3.30000000000000        53.6471282846144        117.191328354485     
   3.35000000000000        53.0727465162062        120.566169590023     
   3.40000000000000        59.9715236340524        119.090397050790     
   3.45000000000000        53.4115339107236        111.236371702458     
   3.50000000000000        52.5937258434692        109.433854782895     
   3.55000000000000        52.2822500774846        109.307009161697     
   3.60000000000000        58.0969990251550        111.125630957214     
   3.65000000000000        49.4164725480711        112.545644144471     
   3.70000000000000        54.5649364393572        112.546832473870     
   3.75000000000000        55.7924293336619        112.727843178587     
   3.80000000000000        51.7484669202925        105.934149846697     
   3.85000000000000        54.6612895768689        110.484842117916     
   3.90000000000000        53.9822014098665        110.950263207146     
   3.95000000000000        54.4156251831967        115.879218136615     
   4.00000000000000        57.2234986867980        116.908671627475     
   4.05000000000000        54.2603424004420        114.290401613872     
   4.10000000000000        53.3768541129784        113.136794634904     
   4.15000000000000        48.8075363615073        107.470250874912     
   4.20000000000000        54.9794372037701        109.691531401935     
   4.25000000000000        58.0749993467276        117.355677501423     
   4.30000000000000        55.0961432225552        111.482386435656     
   4.35000000000000        55.1724801031235        119.660797571009     
   4.40000000000000        51.0288734903407        117.219723930884     
   4.45000000000000        54.9661378767295        119.763677918953     
   4.50000000000000        55.8765331071817        119.504831215054     
   4.55000000000000        54.4088343289175        110.695560701237     
   4.60000000000000        52.9148123461258        113.862084713685     
   4.65000000000000        55.5508793188343        116.919970666090     
   4.70000000000000        57.2120799709534        116.706539212422     
   4.75000000000000        56.6416591710217        114.428891759426     
   4.80000000000000        57.9643823816616        124.698162298097     
   4.85000000000000        53.0657411663478        117.153650624997     
   4.90000000000000        51.9130620686282        112.493371501447     
   4.95000000000000        52.9657747452463        114.811925542212     
   5.00000000000000        51.6832640906736        109.946916795561     
   5.05000000000000        60.5855646148956        124.109643825950     
   5.10000000000000        53.1745589257389        113.817486719719     
   5.15000000000000        50.3513995186202        111.700970249497     
   5.20000000000000        54.7316054599438        113.202169817239     
   5.25000000000000        53.7702310345826        115.529508963151     
   5.30000000000000        54.9429711297578        113.090402231451     
   5.35000000000000        52.3969672738944        117.161580288758     
   5.40000000000000        52.1698914112084        116.065074518041     
   5.45000000000000        53.7635425925470        116.312874815137     
   5.50000000000000        54.0426578814914        116.326892223048     
   5.55000000000000        61.6889129818869        124.634128507147     
   5.60000000000000        53.9160314423638        116.325476786904     
   5.65000000000000        57.2736726357749        116.965272290467     
   5.70000000000000        60.3429149684273        125.430731949069     
   5.75000000000000        54.4411074165245        112.249354539220     
   5.80000000000000        54.2604142713275        113.411011092171     
   5.85000000000000        57.2630335113534        114.227412022313     
   5.90000000000000        51.8253733225224        113.215839444679     
   5.95000000000000        52.8845578255033        113.559110627095     
   6.00000000000000        56.5823807093454        120.643291073522     
   6.05000000000000        59.2028892621349        125.627224036223     
   6.10000000000000        55.5275841713698        119.575860557227     
   6.15000000000000        53.0668128446572        119.394659547884     
   6.20000000000000        52.5478821710149        121.073125010484     
   6.25000000000000        52.7219043608099        117.595065833378     
   6.30000000000000        56.3035874346374        124.996423711333     
   6.35000000000000        56.2396198186683        119.852734414772     
   6.40000000000000        50.4125212433946        111.853696370126     
   6.45000000000000        53.0240638342047        117.818463923932     
   6.50000000000000        53.7921336274677        113.222340568199     
   6.55000000000000        55.4736561290710        112.637880152225     
   6.60000000000000        56.4077897883990        116.645690359828     
   6.65000000000000        59.0946229795777        118.583327946752     
   6.70000000000000        50.8649021595471        107.435482131025     
   6.75000000000000        50.0913991098355        106.636069485444     
   6.80000000000000        53.6524579758127        111.801571318844     
   6.85000000000000        56.9686971317712        117.939791339131     
   6.90000000000000        53.3156191307838        118.221707395577     
   6.95000000000000        56.7047357709687        117.936974909872     
   7.00000000000000        57.6765993361986        114.946239978206     
   7.05000000000000        55.7646439493745        111.487467014813     
   7.10000000000000        55.1507323666160        107.759393340072     
   7.15000000000000        50.7790057115297        111.839761081800     
   7.20000000000000        50.9408016988828        113.892237341362     
   7.25000000000000        53.3635892041530        109.313865152611     
   7.30000000000000        56.5133487323883        117.988645901657     
   7.35000000000000        56.1053945781171        119.533358634603     
   7.40000000000000        58.5873479909827        118.602175377248     
   7.45000000000000        52.9512141976772        114.065481644793     
   7.50000000000000        57.8649792726321        120.024694773515     
   7.55000000000000        58.8584522346673        114.467086303162     
   7.60000000000000        57.0031690339911        116.963990198370     
   7.65000000000000        52.9249880025559        106.462522122131     
   7.70000000000000        53.1548918839332        116.137006841918     
   7.75000000000000        53.4068727772682        116.248026001976     
   7.80000000000000        51.8705809767097        108.083125491406     
   7.85000000000000        52.6847072577193        113.233224715448     
   7.90000000000000        55.2386745792211        112.560075988575     
   7.95000000000000        57.3692854993540        113.243988968807     
   8.00000000000000        54.9659638527740        113.657244050032     
   8.05000000000000        56.8646821765834        117.072674138232     
   8.10000000000000        56.3204410039325        116.042551290946     
   8.15000000000000        54.4997651029706        116.723203332806     
   8.20000000000000        59.0858358056926        118.093904045889     
   8.25000000000000        57.5421450133865        121.320884272968     
   8.30000000000000        52.9646888697493        113.660650705663     
   8.35000000000000        51.6585250424950        115.849864400094     
   8.40000000000000        51.0177231888573        110.873229007814     
   8.45000000000000        57.2224739802063        114.529438381524     
   8.50000000000000        52.4430052594041        109.492464007822     
   8.55000000000000        53.6166600960043        113.866534648463     
   8.60000000000000        57.3547267238816        110.965957495482     
   8.65000000000000        51.4688701273695        118.942833258454     
   8.70000000000000        56.0192730916052        112.793627515777     
   8.75000000000000        55.5914537467855        114.783189403530     
   8.80000000000000        53.6027032558367        109.310490151928     
   8.85000000000000        50.8280363922236        108.671952316733     
   8.90000000000000        54.0619341543707        110.206951973642     
   8.95000000000000        54.4023724372208        107.136013375591     
   9.00000000000000        53.4943858488930        108.822694810551     
   9.05000000000000        54.1682082446327        113.562633006995     
   9.10000000000000        53.7649943018846        113.862513801139     
   9.15000000000000        58.0918470134164        114.936710448239     
   9.20000000000000        56.7215535847953        120.001740771384     
   9.25000000000000        55.0593264011120        118.115133497493     
   9.30000000000000        55.9030688253599        123.524012318018     
   9.35000000000000        53.4166518992256        115.952797520730     
   9.40000000000000        53.4790074068615        117.468539144640     
   9.45000000000000        55.6368864116720        120.042348750796     
   9.50000000000000        55.2072850912305        116.255066964603     
   9.55000000000000        53.7403738431532        112.759574114073     
   9.60000000000000        52.8991876166187        112.021899177400     
   9.65000000000000        53.9574280534537        114.246707979871     
   9.70000000000000        53.9944472555125        111.073202300800     
   9.75000000000000        53.2047149675740        107.806623170971     
   9.80000000000000        52.5392413382921        116.106038811798     
   9.85000000000000        53.5778822763502        106.818455025622     
   9.90000000000000        55.9988099246495        112.578877135458     
   9.95000000000000        51.8693967827514        110.159801127029     
   10.0000000000000        57.5778123854569        117.515797402967     
   10.0500000000000        54.3352064800325        116.073905358185     
   10.1000000000000        51.6064201977578        106.916854394973     
   10.1500000000000        54.4363970211591        110.949007730389     
   10.2000000000000        54.9061355523964        112.640105853962     
   10.2500000000000        56.4112258347646        117.938080449744     
   10.3000000000000        55.9178089053794        116.091166025479     
   10.3500000000000        54.0576792538916        118.030505518127     
   10.4000000000000        53.7520063067728        113.724458575660     
   10.4500000000000        53.4714048254985        117.526689476314     
   10.5000000000000        53.9648721590413        108.949235407845     
   10.5500000000000        53.1105068131445        115.931243879502     
   10.6000000000000        49.6507805269416        109.906259853827     
   10.6500000000000        49.6867116680795        110.633373997487     
   10.7000000000000        54.8131502227385        117.519709523485     
   10.7500000000000        53.0229832394046        115.208472584081     
   10.8000000000000        57.4466482706633        115.664114424371     
   10.8500000000000        58.1202666384085        111.550898623100     
   10.9000000000000        53.3624726856098        110.835630132418     
   10.9500000000000        54.9652392715489        108.127473297775     
   11.0000000000000        54.9539648618894        110.579793634144     
   11.0500000000000        53.8882155535846        117.410202552947     
   11.1000000000000        52.3935038818023        114.810586368272     
   11.1500000000000        55.9450147711591        118.080926324284     
   11.2000000000000        56.2946002716028        117.099307814438     
   11.2500000000000        53.7284785437420        116.006287232566     
   11.3000000000000        54.4500408086918        117.754704046838     
   11.3500000000000        50.9941858019043        112.886331082493     
   11.4000000000000        58.1098468808175        115.968624844730     
   11.4500000000000        51.4897451992048        113.791919254936     
   11.5000000000000        51.9041941163317        112.715122768556     
   11.5500000000000        60.1852713239929        115.802260207018     
   11.6000000000000        50.5346319192966        102.595486295313     
   11.6500000000000        55.5213565099484        115.517154617088     
   11.7000000000000        55.9171423058279        116.849726588666     
   11.7500000000000        54.7252479539478        112.541377545723     
   11.8000000000000        53.8769446448654        120.835845771613     
   11.8500000000000        52.1602508694544        113.402238345436     
   11.9000000000000        57.2647118412197        121.652228445634     
   11.9500000000000        57.0949853832499        113.838327425321     
   12.0000000000000        54.7414929349156        113.963814054225     
   12.0500000000000        55.8640128887400        119.731442922244     
   12.1000000000000        54.6330527410516        117.533993025414     
   12.1500000000000        52.5673503654652        112.304435624411     
   12.2000000000000        49.8121697407595        111.761478596193     
   12.2500000000000        54.9849546024794        118.975854201026     
   12.3000000000000        53.1878661969238        120.516952419487     
   12.3500000000000        56.5863228394501        119.499075154801     
   12.4000000000000        54.8862140073485        116.991524408052     
   12.4500000000000        52.9252541115112        110.978121727041     
   12.5000000000000        53.0696957876967        123.732866404990     
   12.5500000000000        57.6369842634255        120.349567247166     
   12.6000000000000        57.6141034035392        114.965205992686     
   12.6500000000000        54.3464492563546        112.840715300672     
   12.7000000000000        52.0144044997639        118.101350142744     
   12.7500000000000        51.6541008970581        108.953017162767     
   12.8000000000000        53.1991747404848        111.998648357468     
   12.8500000000000        53.2151454387235        115.197493118639     
   12.9000000000000        54.1508862443396        112.500716333664     
   12.9500000000000        53.9976746287734        115.609532584962     
   13.0000000000000        53.7621400936345        111.663982897170     
   13.0500000000000        54.8532078856514        115.412072404261     
   13.1000000000000        52.6661565147092        112.693801793566     
   13.1500000000000        54.3628178829732        114.475512553749     
   13.2000000000000        53.2295986252393        108.847529506209     
   13.2500000000000        60.8863773537182        117.314551509476     
   13.3000000000000        53.6861785159424        113.256167739217     
   13.3500000000000        55.0775612567070        112.874057027832     
   13.4000000000000        54.7223127369835        115.798161886777     
   13.4500000000000        54.5280502790120        116.483717121651     
   13.5000000000000        58.2326788539138        115.269400108723     
   13.5500000000000        52.5576238915189        111.047225595457     
   13.6000000000000        54.4544226533919        115.262206723114     
   13.6500000000000        55.9351028722344        118.473322940672     
   13.7000000000000        51.9285372978537        113.684732973253     
   13.7500000000000        56.0672193285712        117.382955205513     
   13.8000000000000        54.0158893691616        110.602247669729     
   13.8500000000000        57.1042800272529        114.516632559852     
   13.9000000000000        52.2595882942219        109.401279338931     
   13.9500000000000        54.1620974584947        115.504699083939     
   14.0000000000000        56.0615029022168        118.131583942418     
   14.0500000000000        55.0666251327013        113.226712419051     
   14.1000000000000        55.0988445095972        110.285518053898     
   14.1500000000000        51.0174439918501        111.304218223923     
   14.2000000000000        55.9981127310481        118.242918063899     
   14.2500000000000        59.5167278070817        119.720744805287     
   14.3000000000000        53.9214520581715        109.320438577561     
   14.3500000000000        55.2973461091517        108.238624599893     
   14.4000000000000        53.4263179547289        116.049184014938     
   14.4500000000000        54.9661991067357        115.876406672132     
   14.5000000000000        57.8402785726490        121.835119846348     
   14.5500000000000        53.2292159812847        113.023979021437     
   14.6000000000000        55.2813461619255        112.911885475867     
   14.6500000000000        58.2707012267474        117.802648187914     
   14.7000000000000        54.9489660453620        111.258741760036     
   14.7500000000000        56.2795562042936        116.344542079345     
   14.8000000000000        55.2929651310209        110.297229354679     
   14.8500000000000        55.5440949951226        113.144437857420     
   14.9000000000000        54.7989418133739        112.705627025744     
   14.9500000000000        52.3245167428923        111.402344113669     
   15.0000000000000        56.4777693506522        115.463010949685     
   15.0500000000000        55.9706024647615        119.061080929583     
   15.1000000000000        53.9092987771914        111.920126517122     
   15.1500000000000        54.5840079677120        113.072981712498     
   15.2000000000000        53.6519858678552        111.047102893866     
   15.2500000000000        50.9798891256961        108.556200175511     
   15.3000000000000        54.8385990845345        117.285418437293     
   15.3500000000000        54.1072964810842        117.835551328758     
   15.4000000000000        53.5279909534104        114.016607948729     
   15.4500000000000        51.0252434880090        110.151722222030     
   15.5000000000000        52.5544771804896        112.487300940475     
   15.5500000000000        54.4855189587841        111.059124106424     
   15.6000000000000        50.5458390669483        109.840589320121     
   15.6500000000000        56.2479123842160        119.511238240876     
   15.7000000000000        52.1698959298261        117.689567493258     
   15.7500000000000        53.6596487812132        116.040795689881     
   15.8000000000000        56.6615578384450        117.600574338764     
   15.8500000000000        53.5837494750873        115.423323768856     
   15.9000000000000        56.2421417468412        115.973241515728     
   15.9500000000000        55.5809413664697        114.151225677917     
   16.0000000000000        52.4722730283077        110.335562311976     
   16.0500000000000        54.3285095805132        115.549626360717     
   16.1000000000000        58.3786836360822        118.687388622350     
   16.1500000000000        56.0369984085703        116.261519542160     
   16.2000000000000        50.3361128454281        108.022106619076     
   16.2500000000000        57.9238283921984        119.652257580239     
   16.3000000000000        50.7620436009494        113.621172108092     
   16.3500000000000        57.2914134029287        113.317974880217     
   16.4000000000000        51.4615443330179        109.699755327831     
   16.4500000000000        57.2199663919844        114.604460762563     
   16.5000000000000        59.2441419309987        120.412894191111     
   16.5500000000000        52.7282438478045        110.842031315003     
   16.6000000000000        51.9890532958253        107.188964979600     
   16.6500000000000        55.3264667211387        115.803382234095     
   16.7000000000000        53.8578981275763        111.534270905352     
   16.7500000000000        52.5036310584291        112.978347762822     
   16.8000000000000        57.7965630454818        114.879101117683     
   16.8500000000000        51.6082071026641        111.820634413840     
   16.9000000000000        59.6551467045856        123.135457484757     
   16.9500000000000        56.5185550962318        121.400443432376     
   17.0000000000000        57.1098178366104        120.846943026618     
   17.0500000000000        57.1533749546707        120.097364746388     
   17.1000000000000        55.4627280548391        115.202457222060     
   17.1500000000000        55.0297669157542        110.164304400241     
   17.2000000000000        55.6374572627254        109.046319317563     
   17.2500000000000        52.5821585114327        110.243832780078     
   17.3000000000000        56.0969608194641        115.188017193519     
   17.3500000000000        60.9904930721296        118.673654288830     
   17.4000000000000        50.8549714046908        117.434933972104     
   17.4500000000000        49.5127291712929        116.567241250237     
   17.5000000000000        53.4651892350493        116.229082623135     
   17.5500000000000        53.8302191707585        113.440578176973     
   17.6000000000000        52.9791526196540        113.868943672407     
   17.6500000000000        51.9642064550322        119.962618490576     
   17.7000000000000        57.7074270537242        122.047474597101     
   17.7500000000000        52.0711290381033        120.397360888486     
   17.8000000000000        53.7645817535357        115.777127100465     
   17.8500000000000        57.8128707669669        118.625334054055     
   17.9000000000000        55.2373684033927        119.891630488192     
   17.9500000000000        55.0339913765954        114.733672603911     
   18.0000000000000        54.3420551243123        118.330048559984     
   18.0500000000000        58.1823606061477        122.800051852854     
   18.1000000000000        57.5140388467316        118.830172440267     
   18.1500000000000        55.7746224972583        115.969843004293     
   18.2000000000000        52.6177726089424        115.319288264180     
   18.2500000000000        58.8633223002960        118.809497152013     
   18.3000000000000        53.9183795816624        112.875399591424     
   18.3500000000000        51.7927882002781        113.734578059704     
   18.4000000000000        53.1662793621025        110.659197486282     
   18.4500000000000        53.2746559566946        115.721598491644     
   18.5000000000000        57.3470816265478        124.442996008122     
   18.5500000000000        53.4436992985783        113.233541473398     
   18.6000000000000        52.5394126879191        118.601363930332     
   18.6500000000000        56.8681247986262        119.668220082911     
   18.7000000000000        54.0049776471545        113.999539367139     
   18.7500000000000        52.9220934579688        112.388007628425     
   18.8000000000000        52.8693281067366        110.615237857672     
   18.8500000000000        53.8406077238032        109.907845468347     
   18.9000000000000        54.9805255433383        114.015901399892     
   18.9500000000000        56.5566132302353        113.421770897717     
   19.0000000000000        54.3940610758088        114.939210240607     
   19.0500000000000        51.8076829340324        113.290852804478     
   19.1000000000000        53.1977980537017        113.903378634706     
   19.1500000000000        59.1956267081530        122.050518717539     
   19.2000000000000        52.8286613858333        110.954057671251     
   19.2500000000000        57.8164597454734        118.264002199104     
   19.3000000000000        57.2285182153736        112.820058378363     
   19.3500000000000        55.7657504183344        117.665051479031     
   19.4000000000000        55.6988077988683        114.490032907724     
   19.4500000000000        57.7880417288185        122.930659638235     
   19.5000000000000        51.7188837977173        114.035368098121     
   19.5500000000000        57.4805299347230        111.235180781574     
   19.6000000000000        55.9426432785021        114.356447723541     
   19.6500000000000        52.5010579071829        113.665771119930     
   19.7000000000000        56.6744961844792        110.804298584481     
   19.7500000000000        56.3698683902777        116.450261565294     
   19.8000000000000        51.1539691999630        104.480737488117     
   19.8500000000000        56.2722689503227        108.576505241898     
   19.9000000000000        52.4145429350845        112.828812708923     
   19.9500000000000        52.5178777363800        112.450108281217     
   20.0000000000000        52.5147881156113        114.415024161989     
   20.0500000000000        54.7106818150282        115.164178304296     
   20.1000000000000        54.0777117253956        115.790756669774     
   20.1500000000000        54.4255356921637        108.843321870412     
   20.2000000000000        55.0695552015867        120.421083802615     
   20.2500000000000        54.3504506730226        109.410930838658     
   20.3000000000000        52.5894798774055        114.878556620150     
   20.3500000000000        56.3917060281067        119.261572408247     
   20.4000000000000        53.3576020375905        113.641399356764     
   20.4500000000000        53.0350843140629        114.079241510695     
   20.5000000000000        54.7445213732918        114.618125643894     
   20.5500000000000        54.5736493192698        115.957397472668     
   20.6000000000000        54.3799463783793        117.334244464152     
   20.6500000000000        56.9153531909281        120.440815712283     
   20.7000000000000        55.8689442231995        119.222623212501     
   20.7500000000000        57.3612341631064        120.957308950778     
   20.8000000000000        52.4909743510257        115.998359005048     
   20.8500000000000        55.4811857651086        115.309791449518     
   20.9000000000000        54.9523430170848        116.896050192108     
   20.9500000000000        54.7558604247022        111.147941408766     
   21.0000000000000        53.5810036077741        112.684501253274     
   21.0500000000000        56.7759457159589        119.537182130064     
   21.1000000000000        54.2298784129722        115.380570838714     
   21.1500000000000        53.3923143103601        113.827918891197     
   21.2000000000000        56.9287731582057        116.319010427799     
   21.2500000000000        49.4768416269982        107.852079178572     
   21.3000000000000        55.8076500904933        112.386096598489     
   21.3500000000000        54.4961039830039        115.135265626411     
   21.4000000000000        56.6998824895724        118.407465471667     
   21.4500000000000        58.3851292694491        114.830117869938     
   21.5000000000000        51.9427207333140        109.781093285224     
   21.5500000000000        52.5831757312862        115.781552640574     
   21.6000000000000        59.7149279271561        115.434805068063     
   21.6500000000000        57.2745761230301        119.891287014881     
   21.7000000000000        53.5083807269614        121.552787013110     
   21.7500000000000        55.5244474282362        117.039031294298     
   21.8000000000000        57.1173426108753        115.822569002235     
   21.8500000000000        52.5497281091423        112.584073647802     
   21.9000000000000        57.3275404411786        118.293021356499     
   21.9500000000000        55.6533993148136        110.013483667327     
   22.0000000000000        55.6084161366632        115.182634443159     
   22.0500000000000        56.3552304397062        124.677022050018     
   22.1000000000000        53.5843673062260        110.576996341701     
   22.1500000000000        54.6733295792907        114.505011719228     
   22.2000000000000        54.7719900513499        111.647074589138     
   22.2500000000000        56.2896692081286        117.762294564948     
   22.3000000000000        56.8973509969018        115.317413743885     
   22.3500000000000        53.5469063403803        116.118445807183     
   22.4000000000000        51.1836605821739        113.516316433815     
   22.4500000000000        56.5954176794389        115.669123899361     
   22.5000000000000        58.1664321470354        123.042666736097     
   22.5500000000000        52.5185365538140        119.999124464214     
   22.6000000000000        58.8715696127804        118.663255766560     
   22.6500000000000        55.5623795835366        116.218615410302     
   22.7000000000000        53.0516174777242        113.341594483583     
   22.7500000000000        53.6548616344769        119.391693643522     
   22.8000000000000        53.9203502343884        113.523688014058     
   22.8500000000000        53.1149231224542        114.735081273642     
   22.9000000000000        54.8350663725287        118.740632853798     
   22.9500000000000        60.1395933225078        122.642920298463     
   23.0000000000000        58.7596204998330        118.322256978516     
   23.0500000000000        55.6384389290888        114.991921332571     
   23.1000000000000        57.2638528742450        112.783874418105     
   23.1500000000000        55.0611109411313        114.019890649849     
   23.2000000000000        49.2596692828651        108.111320538474     
   23.2500000000000        56.0977687726826        113.948371392788     
   23.3000000000000        53.2880571417267        116.421080824680     
   23.3500000000000        54.0398092909138        115.479040406228     
   23.4000000000000        57.0559803829183        113.626468506997     
   23.4500000000000        57.4320772877763        120.844517420323     
   23.5000000000000        51.1150450896609        114.950463119546     
   23.5500000000000        53.8412727645340        112.631758808794     
   23.6000000000000        53.9918683744798        113.500033134077     
   23.6500000000000        55.6619717749180        118.599035342149     
   23.7000000000000        52.0973830492887        110.800203265436     
   23.7500000000000        53.5487429767245        109.289895133042     
   23.8000000000000        56.3856075415421        116.041347369338     
   23.8500000000000        53.6414363739586        112.086618624366     
   23.9000000000000        54.2029050881247        114.897236587634     
   23.9500000000000        54.4155549195420        108.650565562557     
   24.0000000000000        55.6559184717911        119.936354500427     
   24.0500000000000        55.2359283315528        119.033564118718     
   24.1000000000000        55.3713459885631        116.594915096900     
   24.1500000000000        54.4872960384799        108.649280143668     
   24.2000000000000        56.0585245661411        118.592711704007     
   24.2500000000000        51.7642098230482        112.289900198009     
   24.3000000000000        54.8660367246862        113.469598658309     
   24.3500000000000        54.8830732215669        118.340223190961     
   24.4000000000000        57.6556135804397        114.358550421147     
   24.4500000000000        56.4700198531223        116.361287558268     
   24.5000000000000        55.4426276219465        115.845963719679     
   24.5500000000000        57.0996298800274        112.817126038683     
   24.6000000000000        53.8123223288829        116.812048593030     
   24.6500000000000        57.5556484339070        114.862045444648     
   24.7000000000000        53.4771757861275        114.817338199043     
   24.7500000000000        54.6534730518789        115.122163496253     
   24.8000000000000        54.7985560163513        115.547181614200     
   24.8500000000000        57.8618865525372        119.381614154312     
   24.9000000000000        50.6464224730162        110.750997229155     
   24.9500000000000        54.5955542790325        116.900274623935     
   25.0000000000000        53.3156962512744        113.886748726357     
   25.0500000000000        55.9020702294344        117.646155740968     
   25.1000000000000        55.1219065301518        115.423066189178     
   25.1500000000000        52.3143517867204        121.023979188878     
   25.2000000000000        56.2926703483355        119.691384022481     
   25.2500000000000        54.0789082686969        113.100354308030     
   25.3000000000000        53.3124465665638        117.921146503996     
   25.3500000000000        55.5222981101088        112.701011569026     
   25.4000000000000        53.7135339533940        118.530335302455     
   25.4500000000000        54.8344143668308        115.244180113645     
   25.5000000000000        56.4738802383820        119.180162013695     
   25.5500000000000        52.7022472532339        112.554659711011     
   25.6000000000000        59.0092346475866        120.232052659531     
   25.6500000000000        54.0626905816786        111.100875268593     
   25.7000000000000        55.3900370340581        115.933114673046     
   25.7500000000000        57.7418900525288        107.482595486550     
   25.8000000000000        54.9723346403575        113.115840898871     
   25.8500000000000        56.4460622904451        117.198118443099     
   25.9000000000000        57.3219398246822        119.446786509298     
   25.9500000000000        52.2325454635499        113.981955426151     
   26.0000000000000        56.9691755938036        115.075323579745     
   26.0500000000000        53.4195033334534        116.009397653873     
   26.1000000000000        56.0174508859238        120.701578412670     
   26.1500000000000        56.9463038004617        119.130626797203     
   26.2000000000000        56.7027056157264        117.254346761399     
   26.2500000000000        53.9840214220483        110.792004426547     
   26.3000000000000        57.0828689723342        115.081461881095     
   26.3500000000000        54.0744932617703        110.510148935659     
   26.4000000000000        54.5314417483233        114.676132931697     
   26.4500000000000        57.4320783089491        114.461070377447     
   26.5000000000000        55.6716382895323        118.313161499184     
   26.5500000000000        56.4136471641533        118.153931948749     
   26.6000000000000        54.7533675744314        115.977714912741     
   26.6500000000000        57.7330754609500        113.401203053808     
   26.7000000000000        57.0227273050806        111.564174115645     
   26.7500000000000        54.6152972125012        118.781575024279     
   26.8000000000000        56.1943873970199        117.809860216345     
   26.8500000000000        56.5989216113529        119.694526080140     
   26.9000000000000        56.7454204158326        121.585722552192     
   26.9500000000000        54.3723833340986        112.476604772610     
   27.0000000000000        53.1944228082124        111.263463883054     
   27.0500000000000        58.4542812462932        115.433639017008     
   27.1000000000000        53.7600063402240        114.671976234444     
   27.1500000000000        57.2873906939719        115.208780680162     
   27.2000000000000        54.1064785087187        106.996602577526     
   27.2500000000000        55.9302505758704        114.927509632521     
   27.3000000000000        51.2319668781562        112.524545786042     
   27.3500000000000        53.7638334380933        118.224504928458     
   27.4000000000000        48.4058015676119        108.732607222385     
   27.4500000000000        57.1122191892734        119.842015678956     
   27.5000000000000        52.6556444397561        113.195508767918     
   27.5500000000000        57.3528905849956        117.160310064955     
   27.6000000000000        55.7716848034970        115.021039676852     
   27.6500000000000        56.4786956062832        116.556609119581     
   27.7000000000000        57.0011975987697        113.756821948243     
   27.7500000000000        54.0027999002955        110.175049020477     
   27.8000000000000        52.0523509771326        111.859432815946     
   27.8500000000000        53.1050743752346        116.312011993420     
   27.9000000000000        51.6378764713547        114.674209774619     
   27.9500000000000        59.1078118375309        113.728621236418     
   28.0000000000000        55.8643627866766        113.652727316730     
   28.0500000000000        54.2800140972036        111.641328890116     
   28.1000000000000        58.5866469660503        120.256590648751     
   28.1500000000000        54.6908884119909        116.642361511457     
   28.2000000000000        58.0730754555486        117.995192368890     
   28.2500000000000        55.0881787662312        115.251168686793     
   28.3000000000000        56.1271534087018        121.153237057505     
   28.3500000000000        56.9350082148688        121.513923654776     
   28.4000000000000        54.9225561520215        116.095134923719     
   28.4500000000000        58.5184544650055        115.949230854411     
   28.5000000000000        55.0081832146798        111.160485282725     
   28.5500000000000        55.7831532187027        118.230035793227     
   28.6000000000000        52.0271336022588        113.735667811571     
   28.6500000000000        51.9738077754658        111.933590986368     
   28.7000000000000        52.1997135198481        111.546431194442     
   28.7500000000000        57.4965855518343        116.261103945024     
   28.8000000000000        56.1599343875476        122.400378183840     
   28.8500000000000        57.5214707180782        119.283276282664     
   28.9000000000000        54.9576281849350        113.770441748670     
   28.9500000000000        49.9265477620646        111.920019943936     
   29.0000000000000        57.1252070658088        109.800451471202     
   29.0500000000000        53.4775378608416        119.695907232288     
   29.1000000000000        51.5951302868799        116.804553259984     
   29.1500000000000        59.9645771957939        121.465106683480     
   29.2000000000000        54.1503242172149        111.975561716956     
   29.2500000000000        57.5382275072643        118.979649440514     
   29.3000000000000        56.8938174272681        116.012396623911     
   29.3500000000000        55.6215727299712        116.223916804397     
   29.4000000000000        54.4615601289338        117.329618183446     
   29.4500000000000        53.8391160369755        117.501418137645     
   29.5000000000000        54.0624853842770        109.693345056436     
   29.5500000000000        56.6279443866622        120.662822012923     
   29.6000000000000        51.5699424530342        106.871797470415     
   29.6500000000000        54.3887406797439        112.009987285712     
   29.7000000000000        52.2333389510294        112.287094272673     
   29.7500000000000        55.6787553772359        112.108966179854     
   29.8000000000000        57.1713773915162        116.350511583241     
   29.8500000000000        54.7047521244311        116.364025532216     
   29.9000000000000        57.3753630535766        117.536578762360     
   29.9500000000000        55.4004437118221        111.120854650782     
   30.0000000000000        51.4734361703481        112.488185530831     
   30.0500000000000        56.6187197812012        111.568280386241     
   30.1000000000000        59.1200427995100        124.347880723328     
   30.1500000000000        55.6050940269961        111.988988993154     
   30.2000000000000        52.4437079053848        111.892049224757     
   30.2500000000000        54.5071796598481        106.209350419980     
   30.3000000000000        53.4123885056557        112.632075460491     
   30.3500000000000        56.7344960673900        117.290574808928     
   30.4000000000000        59.0046463638315        118.783900846573     
   30.4500000000000        57.2671969893271        116.522519617127     
   30.5000000000000        51.6498794269250        113.017417742751     
   30.5500000000000        51.5698881261396        115.567647814641     
   30.6000000000000        51.5994977817611        115.643739885162     
   30.6500000000000        57.9563487569239        117.943010536993     
   30.7000000000000        53.9701789649711        117.059272301875     
   30.7500000000000        57.5663486854723        116.573338177844     
   30.8000000000000        56.8351600001891        120.152625532093     
   30.8500000000000        57.0566163610742        111.265454749623     
   30.9000000000000        53.3731755661055        115.891458449387     
   30.9500000000000        58.2065563753470        117.950118215168     
   31.0000000000000        53.4909366436362        113.777367290650     
   31.0500000000000        55.7989801724668        119.417789104493     
   31.1000000000000        53.6574971548884        112.614359766817     
   31.1500000000000        54.9597086834735        114.717812916856     
   31.2000000000000        55.0528031015055        112.598043381403     
   31.2500000000000        53.8215510668536        111.590769184541     
   31.3000000000000        54.1074720381676        120.872761917834     
   31.3500000000000        52.0908842853026        111.695391471144     
   31.4000000000000        53.0160717481528        113.697984441841     
   31.4500000000000        53.4243185425730        107.771409787561     
   31.5000000000000        52.6744778002771        121.852988486004     
   31.5500000000000        57.3230473018570        115.762374539998     
   31.6000000000000        55.6842277542578        118.320539304692     
   31.6500000000000        58.1927313002870        122.267082773586     
   31.7000000000000        54.6585434128357        114.776955100281     
   31.7500000000000        59.3171200117597        116.647512931054     
   31.8000000000000        50.4160148016788        107.814690095646     
   31.8500000000000        54.8366529147454        113.112331166915     
   31.9000000000000        56.5732799140342        114.085792727999     
   31.9500000000000        53.0824487099250        114.129001106314     
   32.0000000000000        55.9225704142904        114.812634067847     
   32.0500000000000        55.4740102528029        113.785069082610     
   32.1000000000000        58.4210674181138        117.135457311862     
   32.1500000000000        53.7593772659347        113.531378037965     
   32.2000000000000        57.2019158110436        115.181749720096     
   32.2500000000000        54.3101499697781        112.576203291678     
   32.3000000000000        54.9807491358343        113.591434316465     
   32.3500000000000        56.7480303793066        112.218882292679     
   32.4000000000000        54.4140180439088        116.306421173844     
   32.4500000000000        58.1909585802707        117.084871081872     
   32.5000000000000        55.8168377141468        119.348589972172     
   32.5500000000000        54.0238403033521        113.077027866610     
   32.6000000000000        52.8647818579111        112.001108575332     
   32.6500000000000        57.0524055649277        110.564695984319     
   32.7000000000000        56.4177713804211        118.268015882478     
   32.7500000000000        53.8274885681422        106.336864953031     
   32.8000000000000        53.7672357957206        111.633809050762     
   32.8500000000000        57.4101283827973        115.219274087253     
   32.9000000000000        52.8369429103169        110.588217926335     
   32.9500000000000        54.7449330014250        116.269014239015     
   33.0000000000000        52.7566507121411        117.599805498657     
   33.0500000000000        54.7785267736788        114.367787610797     
   33.1000000000000        56.2346832597159        114.530770729098     
   33.1500000000000        55.0141257359714        114.660417156287     
   33.2000000000000        56.7643094424520        119.153338850913     
   33.2500000000000        57.3158222311103        124.087676125931     
   33.3000000000000        53.9792067267926        113.482831396427     
   33.3500000000000        56.4244391365676        117.869350067666     
   33.4000000000000        61.0418730366216        116.237761373782     
   33.4500000000000        56.4210626547631        116.130477570542     
   33.5000000000000        56.5302660415610        112.838782236263     
   33.5500000000000        51.6585513783279        111.495156056053     
   33.6000000000000        54.5907926186207        113.612877944431     
   33.6500000000000        56.2640468895671        112.699485009750     
   33.7000000000000        57.0053674538277        113.453744589438     
   33.7500000000000        47.9024776715292        111.941645152650     
   33.8000000000000        54.2093337449150        114.256616201781     
   33.8500000000000        52.9357464077317        110.170326143848     
   33.9000000000000        55.2102901658502        116.919266123048     
   33.9500000000000        51.5593066709016        106.656690592216     
   34.0000000000000        55.5891555621955        116.285709870339     
   34.0500000000000        54.4161292605187        115.285682384764     
   34.1000000000000        51.8643949982059        111.861293659323     
   34.1500000000000        53.4925505069387        112.360787134684     
   34.2000000000000        53.7258189890548        110.996105702328     
   34.2500000000000        57.0103564529544        122.018493447708     
   34.3000000000000        53.7087740743830        116.960868774291     
   34.3500000000000        58.7499145574384        125.098328945348     
   34.4000000000000        56.1971339130197        118.568274732119     
   34.4500000000000        54.3629681471309        115.720324240584     
   34.5000000000000        60.0918597116475        117.329200517778     
   34.5500000000000        55.8062872498601        118.834340768757     
   34.6000000000000        55.4090664334331        115.450366019997     
   34.6500000000000        52.9697444243276        116.324554369484     
   34.7000000000000        58.2103155878885        118.251039586893     
   34.7500000000000        52.9074687263564        110.382883058587     
   34.8000000000000        56.0202440797650        115.400792036270     
   34.8500000000000        52.9103713183211        115.363712877865     
   34.9000000000000        53.7134274092597        115.396136571137     
   34.9500000000000        58.7075707271072        119.920884034037     
   35.0000000000000        52.2478679529875        115.814643024812     
   35.0500000000000        57.1583624151179        113.342801438667     
   35.1000000000000        52.6100900265264        113.573930232297     
   35.1500000000000        53.2055796783493        116.086203832614     
   35.2000000000000        51.4771911146798        112.579928774843     
   35.2500000000000        53.6036516957812        118.305978041311     
   35.3000000000000        55.2528581761003        113.600253332958     
   35.3500000000000        57.6852059060700        120.858831660348     
   35.4000000000000        55.8781047466204        115.226925039637     
   35.4500000000000        52.3192736184774        117.639713787280     
   35.5000000000000        52.4948163114257        111.281326933441     
   35.5500000000000        54.9653364834208        114.399302448074     
   35.6000000000000        52.9145315739771        112.603269334315     
   35.6500000000000        55.5055468078209        112.311256250533     
   35.7000000000000        55.3219168690053        111.429580609398     
   35.7500000000000        55.7088240116475        113.817822563550     
   35.8000000000000        51.2493437778578        112.782655933424     
   35.8500000000000        53.8151690112203        114.892779668922     
   35.9000000000000        56.1248365528869        123.959477331655     
   35.9500000000000        55.8119330916723        115.025526913548     
   36.0000000000000        53.2904340796209        118.993791556183     
   36.0500000000000        57.5092254631264        116.081689255525     
   36.1000000000000        56.7767966656517        119.650007229534     
   36.1500000000000        57.9782836990392        120.798449943501     
   36.2000000000000        59.2963214161520        122.179931394427     
   36.2500000000000        57.0379238614715        117.484699122178     
   36.3000000000000        52.1295016458480        115.041920440470     
   36.3500000000000        53.0635146162037        113.580657489920     
   36.4000000000000        56.3022781568809        118.028902315787     
   36.4500000000000        53.3339570105693        117.623461510736     
   36.5000000000000        54.2558627418319        114.494474947940     
   36.5500000000000        50.4350131071272        107.009496611007     
   36.6000000000000        53.4598725749616        112.209033901650     
   36.6500000000000        54.3039453982387        110.447518956824     
   36.7000000000000        53.5854746702961        116.709325443418     
   36.7500000000000        51.8469276168497        111.036553777472     
   36.8000000000000        54.7055066059405        113.889471913525     
   36.8500000000000        52.8421870578289        116.487178191160     
   36.9000000000000        54.6594340926676        113.699636503017     
   36.9500000000000        55.7677834753215        114.297370445550     
   37.0000000000000        57.6200745200328        116.363273272009     
   37.0500000000000        57.5935236213367        118.218897214956     
   37.1000000000000        53.7479762112934        112.893171471694     
   37.1500000000000        53.7274294980926        114.536899342746     
   37.2000000000000        51.3927605418870        116.759261959875     
   37.2500000000000        52.8933105481383        111.788936236192     
   37.3000000000000        55.9489137159933        118.500722193275     
   37.3500000000000        54.6666406603015        116.482396500172     
   37.4000000000000        50.4831525778435        117.392550633985     
   37.4500000000000        57.5678448023287        122.326214653828     
   37.5000000000000        55.9534192288723        115.793837853729     
   37.5500000000000        53.8958872420081        110.621699709160     
   37.6000000000000        53.8090698365667        115.914158714825     
   37.6500000000000        50.9387823939656        113.177597351716     
   37.7000000000000        52.1045840577833        111.728890399984     
   37.7500000000000        53.2152423986233        111.900431560486     
   37.8000000000000        57.8268582210110        121.001866193709     
   37.8500000000000        54.9066583856105        110.974047246734     
   37.9000000000000        53.7784766048496        117.294976629275     
   37.9500000000000        58.6864598538608        117.346842561551     
   38.0000000000000        61.1603312616996        124.342284711542     
   38.0500000000000        56.7010030739664        118.683755516405     
   38.1000000000000        55.2762333515684        112.653680772353     
   38.1500000000000        55.2218213307209        115.806132440107     
   38.2000000000000        52.5044956082997        111.478066816167     
   38.2500000000000        51.9508861362103        115.538931266585     
   38.3000000000000        53.8740030606451        112.438773663592     
   38.3500000000000        55.7547707991910        115.450920678331     
   38.4000000000000        52.4764257369966        109.143392727927     
   38.4500000000000        54.3974285948548        112.309451899358     
   38.5000000000000        55.7565176660215        116.956050334710     
   38.5500000000000        52.0175232956018        109.029274397945     
   38.6000000000000        56.9002765491186        115.005654180601     
   38.6500000000000        56.4312076112849        113.747240244663     
   38.7000000000000        53.5610486259982        112.047795560695     
   38.7500000000000        55.3219003241644        113.051056049355     
   38.8000000000000        51.3560315154599        111.937274087728     
   38.8500000000000        55.3480948300889        117.742001754373     
   38.9000000000000        54.0047073362790        117.492281956129     
   38.9500000000000        52.6624625188499        112.613084746906     
   39.0000000000000        57.5104040934238        120.917580680720     
   39.0500000000000        52.0770576326729        119.926999409333     
   39.1000000000000        52.0182270402669        112.739878741344     
   39.1500000000000        51.5757843635345        109.977997521410     
   39.2000000000000        55.9834762405279        116.742544377250     
   39.2500000000000        55.4550780946078        108.655984422054     
   39.3000000000000        52.5239469392979        108.957761516325     
   39.3500000000000        52.5260795458351        114.632878973206     
   39.4000000000000        54.3827217029270        118.669585347752     
   39.4500000000000        56.4434208678513        115.184139594531     
   39.5000000000000        58.1098195027554        118.990861318475     
   39.5500000000000        52.8006957306877        117.480859564384     
   39.6000000000000        50.7196883109930        114.569497777423     
   39.6500000000000        59.3135221700392        114.582142163634     
   39.7000000000000        55.6804942727856        112.668053129086     
   39.7500000000000        57.4549162135575        116.213888263125     
   39.8000000000000        52.4002095610095        117.219341189133     
   39.8500000000000        55.9289804064719        117.407094805422     
   39.9000000000000        53.5969018488311        111.508918400500     
   39.9500000000000        60.8625480139996        125.073610372186     
   40.0000000000000        49.8566544326387        110.380046656402     
   40.0500000000000        54.3200135453550        112.658494450541     
   40.1000000000000        50.8788546587160        112.139957460619     
   40.1500000000000        54.7898411989041        119.042956889727     
   40.2000000000000        56.5363795505188        119.288567803437     
   40.2500000000000        55.2738908219578        112.732403486491     
   40.3000000000000        58.8533584682141        118.182191869731     
   40.3500000000000        53.9301568432877        114.570958409799     
   40.4000000000000        53.5606013818850        117.735897475099     
   40.4500000000000        58.0233802026353        118.038909716044     
   40.5000000000000        61.5670699482059        120.274590856893     
   40.5500000000000        56.7910950588386        121.818628688738     
   40.6000000000000        56.0962333692677        117.812858496392     
   40.6500000000000        58.3901143157732        128.599891460361     
   40.7000000000000        53.3764221188088        114.240446146230     
   40.7500000000000        54.2185337554492        118.060175345372     
   40.8000000000000        58.4620221525144        116.453917503075     
   40.8500000000000        52.8596753554803        114.289216083106     
   40.9000000000000        55.2114667194689        116.570327832382     
   40.9500000000000        54.4252263315587        113.549136979174     
   41.0000000000000        56.2395912821221        115.455070875208     
   41.0500000000000        55.3714776629433        115.119763406446     
   41.1000000000000        55.0169391871756        115.946026789324     
   41.1500000000000        58.5566492593245        118.176047182858     
   41.2000000000000        54.0909594167684        112.266694450306     
   41.2500000000000        56.3898557002296        114.750565673481     
   41.3000000000000        55.6387091301911        111.976474263156     
   41.3500000000000        56.9462365743191        118.890579440180     
   41.4000000000000        56.8992794757053        112.757719589858     
   41.4500000000000        55.4667996309787        114.921378661212     
   41.5000000000000        54.8594508227757        114.919762339092     
   41.5500000000000        62.2312881848573        122.750209625857     
   41.6000000000000        55.9519259266305        115.066899236236     
   41.6500000000000        54.0626164540269        118.246183364216     
   41.7000000000000        52.8916315714921        110.592053083975     
   41.7500000000000        56.6902065031277        124.766868966841     
   41.8000000000000        57.9494203036569        121.782860589507     
   41.8500000000000        56.4428381371933        117.689020444365     
   41.9000000000000        56.6149498186707        118.917566562802     
   41.9500000000000        55.6005643422860        112.545015017210     
   42.0000000000000        57.5186009886281        119.728120919414     
   42.0500000000000        52.2472150682924        111.322249173346     
   42.1000000000000        50.3421142294986        109.456515959763     
   42.1500000000000        52.9700996598974        111.538250812707     
   42.2000000000000        54.5499784443351        115.657862245130     
   42.2500000000000        55.3655176789503        115.623776857869     
   42.3000000000000        60.0437638455597        121.642715772919     
   42.3500000000000        56.8513638268230        119.589334106657     
   42.4000000000000        55.7381788246673        115.361844750999     
   42.4500000000000        62.1098720718566        122.929015839817     
   42.5000000000000        52.5894840994020        116.816860761406     
   42.5500000000000        57.2138639202149        114.175245689765     
   42.6000000000000        55.4946469870791        117.639488840313     
   42.6500000000000        55.0175730385846        117.859011843433     
   42.7000000000000        53.7968268741759        120.998928870231     
   42.7500000000000        53.7245866483253        115.738915412161     
   42.8000000000000        56.7649754450617        119.237337329609     
   42.8500000000000        54.2735565255982        110.294233406546     
   42.9000000000000        50.9203342551400        109.546854097624     
   42.9500000000000        55.4917228879356        112.286003546736     
   43.0000000000000        52.2726978642088        110.156983193634     
   43.0500000000000        53.9739340443815        112.684207968298     
   43.1000000000000        56.9069134677801        111.582572110094     
   43.1500000000000        50.6400039402286        107.176909193004     
   43.2000000000000        56.6376183401162        112.219706798811     
   43.2500000000000        56.4470235544443        119.264467073264     
   43.3000000000000        51.2523000734287        111.837317307060     
   43.3500000000000        54.1630812121503        112.713512373344     
   43.4000000000000        56.0707800316010        114.883829737771     
   43.4500000000000        56.6501007646969        116.017929412205     
   43.5000000000000        54.2288100700438        117.029524564476     
   43.5500000000000        56.0487137873924        119.306878045393     
   43.6000000000000        55.3461240253279        110.815006383954     
   43.6500000000000        53.0383961527032        114.370433651177     
   43.7000000000000        53.1943521161045        110.495507242513     
   43.7500000000000        55.0146071399963        109.405760712658     
   43.8000000000000        56.3956275137388        119.636956973488     
   43.8500000000000        51.8913104389813        109.525029930076     
   43.9000000000000        50.1410419875340        110.514963282145     
   43.9500000000000        54.4048514951721        114.106704730086     
   44.0000000000000        58.4308209056521        119.131105806504     
   44.0500000000000        54.4113480469594        115.676564318914     
   44.1000000000000        56.3481680848247        119.359482404026     
   44.1500000000000        54.6225280652405        126.783805768552     
   44.2000000000000        55.6510506746130        115.534927892419     
   44.2500000000000        54.3960882692732        117.585861804741     
   44.3000000000000        54.7254819421612        112.921367698473     
   44.3500000000000        54.4663006408297        113.494275952776     
   44.4000000000000        57.3466091877601        122.776151476959     
   44.4500000000000        59.6990795260282        122.072636879905     
   44.5000000000000        50.1553618296286        113.924139139915     
   44.5500000000000        60.0106913588720        122.489545312799     
   44.6000000000000        53.2181870775067        111.662428221454     
   44.6500000000000        54.6368227259927        112.704955518980     
   44.7000000000000        52.0504778716728        110.500596470745     
   44.7500000000000        59.0971683502526        119.589206788555     
   44.8000000000000        58.0960083856573        119.170454651299     
   44.8500000000000        50.1139936148961        115.594888681903     
   44.9000000000000        53.6387080843837        114.128646508775     
   44.9500000000000        56.3569410282106        121.884292631108     
   45.0000000000000        50.5022042210742        110.746473315541     
   45.0500000000000        54.8381612958056        112.214097402319     
   45.1000000000000        54.9985330318540        113.320151824318     
   45.1500000000000        53.0579985126175        112.297084703245     
   45.2000000000000        56.2226868373541        114.409861332798     
   45.2500000000000        55.8220224631843        118.605509260787     
   45.3000000000000        54.9273210317439        112.844106980812     
   45.3500000000000        57.1732149581371        119.790822699983     
   45.4000000000000        50.8472641272770        109.657332478763     
   45.4500000000000        50.6892199686906        112.579418405973     
   45.5000000000000        52.2573788015812        112.797707547240     
   45.5500000000000        55.1447458796454        115.416010143024     
   45.6000000000000        51.2503468672810        111.751734052059     
   45.6500000000000        52.8596779348314        115.624034344849     
   45.7000000000000        57.0425835354380        118.466870675155     
   45.7500000000000        51.3675253233292        113.571333527959     
   45.8000000000000        55.1745485556090        116.744543740900     
   45.8500000000000        53.2791834908521        116.720266730850     
   45.9000000000000        53.1992411376375        112.946024884683     
   45.9500000000000        56.2672484773018        120.755072812540     
   46.0000000000000        58.0406753062563        123.968462291078     
   46.0500000000000        55.4296061634077        116.326829027467     
   46.1000000000000        54.4704044587557        117.764823294656     
   46.1500000000000        53.0919402643733        111.323533462119     
   46.2000000000000        50.1361517461297        107.678722813623     
   46.2500000000000        56.0520925814841        114.377342400407     
   46.3000000000000        55.3204623215151        117.933182371105     
   46.3500000000000        57.3184109152021        121.626497542256     
   46.4000000000000        56.4242014255006        116.809066899430     
   46.4500000000000        54.2715206859817        116.021420665974     
   46.5000000000000        53.9578416512979        116.537547331736     
   46.5500000000000        54.7456062762591        114.897134874413     
   46.6000000000000        53.0937106520704        112.784739538580     
   46.6500000000000        54.0961031115439        114.807242729568     
   46.7000000000000        51.0301603406022        106.518900360918     
   46.7500000000000        55.8071901099415        112.565193733302     
   46.8000000000000        56.6687909430411        118.743153412624     
   46.8500000000000        51.3857966195319        100.666138101321     
   46.9000000000000        55.4882342704302        115.837001406350     
   46.9500000000000        56.3682211988403        114.275707101996     
   47.0000000000000        56.7986667118482        116.235469584448     
   47.0500000000000        49.7403996884730        108.016786521242     
   47.1000000000000        55.4837648805781        115.841214085176     
   47.1500000000000        58.6492669345267        115.147936120466     
   47.2000000000000        49.5866796301356        109.659060877988     
   47.2500000000000        55.6133230690090        120.915869507234     
   47.3000000000000        55.4584096381478        119.564791179779     
   47.3500000000000        50.9524467506675        112.088785593936     
   47.4000000000000        59.0855618565724        118.221933211564     
   47.4500000000000        53.9551361677036        114.545910881356     
   47.5000000000000        53.0353679101545        116.642045869320     
   47.5500000000000        54.7295441687711        114.630585138859     
   47.6000000000000        55.3751236477662        115.314574496809     
   47.6500000000000        54.6067871123440        111.148799753501     
   47.7000000000000        51.2959950336780        111.237125019800     
   47.7500000000000        56.3100955666782        118.606939757399     
   47.8000000000000        50.4460575553099        112.414041101820     
   47.8500000000000        57.0259707656889        118.419580611425     
   47.9000000000000        59.8343678846253        117.424544047762     
   47.9500000000000        53.8117377988370        114.090296882474     
   48.0000000000000        53.9072558660324        119.533172326403     
   48.0500000000000        53.9782505891003        118.494776461458     
   48.1000000000000        54.7928018253093        110.097034462839     
   48.1500000000000        55.8155268476879        116.502542175011     
   48.2000000000000        54.2487525781455        116.422830558724     
   48.2500000000000        53.8280800019571        116.287925891907     
   48.3000000000000        56.1348008381707        118.952904388047     
   48.3500000000000        55.7182110282170        116.807236951920     
   48.4000000000000        52.2328950580480        117.608622541702     
   48.4500000000000        54.8713987563952        111.963806195429     
   48.5000000000000        57.1929663117578        118.977474461000     
   48.5500000000000        55.1700215194421        107.187500517918     
   48.6000000000000        53.6616039534798        111.011015754424     
   48.6500000000000        57.7289699489387        120.600376688798     
   48.7000000000000        57.1088243092610        113.315984978055     
   48.7500000000000        53.1209646718992        106.845071214496     
   48.8000000000000        53.2903464659062        108.095530050540     
   48.8500000000000        49.9843397659679        106.509429825539     
   48.9000000000000        51.1662433196953        107.879609073734     
   48.9500000000000        55.3179897725705        112.810221647885     
   49.0000000000000        53.2126077635234        113.270558631831     
   49.0500000000000        52.4333380819332        112.479624143380     
   49.1000000000000        55.8737574619774        118.352979386355     
   49.1500000000000        48.7109664917134        109.070738017108     
   49.2000000000000        60.7187322636724        117.152344025310     
   49.2500000000000        55.7129438538453        115.896747717640     
   49.3000000000000        54.1033166196226        107.292311502007     
   49.3500000000000        56.1473825497812        115.415359521636     
   49.4000000000000        55.8409396192332        117.197012597927     
   49.4500000000000        54.2408646785708        116.267733066859     
   49.5000000000000        56.3385570191205        118.185011836576     
   49.5500000000000        54.1580295633299        112.624466398573     
   49.6000000000000        54.9873729608238        116.128804329045     
   49.6500000000000        56.0037730729738        120.053372325726     
   49.7000000000000        54.5853313120227        118.517728146564     
   49.7500000000000        53.4843766466222        113.740914698323     
   49.8000000000000        57.2506739593424        117.460611905608     
   49.8500000000000        56.6052407089656        116.875140173149     
   49.9000000000000        55.1109830632450        121.231739752562     
   49.9500000000000        57.3329436266678        125.863089205885     
   50.0000000000000        52.0518321504198        112.162698823663     
