  0.123888401863174        299.279589618800        406781208.917361     
  0.247776803726349        291.545323927843        423823230.627871     
  0.371665205589523        289.993214244254        446973776.111474     
  0.495553607452697        290.214503674000        450631410.107378     
  0.619442009315871        299.110929623155        445284630.893318     
  0.743330411179046        330.083350270607        447095899.971432     
  0.867218813042220        296.544580684168        469474107.397515     
  0.991107214905394        311.080136309755        458585379.825140     
   1.11499561676857        300.676496700203        454916885.481843     
   1.23888401863174        303.198592470426        485080162.393061     
   1.36277242049492        292.256901521324        478924942.706787     
   1.48666082235809        294.752035772741        480164753.878820     
   1.61054922422127        282.029866788486        461439581.309625     
   1.73443762608444        285.052127328971        448744469.137512     
   1.85832602794761        294.725932686106        470123263.723480     
   1.98221442981079        306.267995013122        493167936.857669     
   2.10610283167396        311.272825435223        492805251.716567     
   2.22999123353714        331.543554796309        508199039.873431     
   2.35387963540031        293.778788813593        476814990.174570     
   2.47776803726349        287.561107564874        470531446.799252     
   2.60165643912666        286.825712531646        471647630.617762     
   2.72554484098983        285.142813244063        459902309.940009     
   2.84943324285301        315.735617620415        493056874.170835     
   2.97332164471618        294.559830529925        463676412.335580     
   3.09721004657936        319.739301031350        500143014.731010     
   3.22109844844253        306.654900043336        487917385.996795     
   3.34498685030571        321.399530458266        494304042.431272     
   3.46887525216888        304.219033670337        495003730.464663     
   3.59276365403205        257.811714083204        454191424.472888     
   3.71665205589523        281.337587110868        432264436.468771     
   3.84054045775840        275.863761373707        453204817.425309     
   3.96442885962158        302.308109305506        484185046.572559     
   4.08831726148475        304.146199862025        474363379.276660     
   4.21220566334793        276.744438050752        451181148.234167     
   4.33609406521110        305.102760906450        479677077.248203     
   4.45998246707427        312.787506519047        461721189.834799     
   4.58387086893745        288.447570347042        457389793.593853     
   4.70775927080062        302.685362549159        471030790.109128     
   4.83164767266380        293.033030236632        466987486.649192     
   4.95553607452697        306.735608857900        494737797.666163     
   5.07942447639014        286.292005916656        450338859.163611     
   5.20331287825332        292.274359925119        478309203.628423     
   5.32720128011649        307.685204031164        478157283.330255     
   5.45108968197967        279.145955837024        453477087.146232     
   5.57497808384284        291.409915642350        460078066.739480     
   5.69886648570602        270.536680054701        461960119.665087     
   5.82275488756919        288.855631471118        470909095.914694     
   5.94664328943237        294.464448496742        459956379.315651     
   6.07053169129554        275.108650353820        447381722.044887     
   6.19442009315871        301.310783317887        484713959.937969     
   6.31830849502189        281.918175497304        449176666.983056     
   6.44219689688506        300.294882233497        479869874.643269     
   6.56608529874824        329.371339125296        493334035.351278     
   6.68997370061141        295.170687509176        482582135.410781     
   6.81386210247458        293.485148647393        476018988.459839     
   6.93775050433776        298.453765329689        470496331.809774     
   7.06163890620093        298.551771719411        510083244.933357     
   7.18552730806411        330.294317368290        495157690.640465     
   7.30941570992728        288.729944685182        449699923.784378     
   7.43330411179046        289.853653312328        457349300.577227     
   7.55719251365363        296.214602806611        467492647.350752     
   7.68108091551681        276.702208303132        445562590.662338     
   7.80496931737998        307.783974108197        465229281.301835     
   7.92885771924315        313.680040428300        463344339.752952     
   8.05274612110633        302.660078883257        457122686.122213     
   8.17663452296950        293.184557476430        480586658.509073     
   8.30052292483268        290.045528977088        494426451.053107     
   8.42441132669585        327.747731892660        488374496.498889     
   8.54829972855902        291.897021042296        456166142.425257     
   8.67218813042220        287.427654200764        448774250.930877     
   8.79607653228537        285.725421713494        448254073.251403     
   8.91996493414855        317.503350030828        455712008.783590     
   9.04385333601172        270.063787183320        461535301.362361     
   9.16774173787490        298.200430390800        461540174.549334     
   9.29163013973807        304.908747732837        462282476.313092     
   9.41551854160124        282.808266895822        434422408.310172     
   9.53940694346442        298.727005677980        453084215.657495     
   9.66329534532759        295.015750852301        454992848.055584     
   9.78718374719077        297.384436022352        475205862.215900     
   9.91107214905394        312.729621811900        479427519.400009     
   10.0349605509171        296.535806926977        468690328.734279     
   10.1588489527803        291.707494007384        463959533.964400     
   10.2827373546435        266.735916855538        440721762.286680     
   10.4066257565066        300.465700258430        449830949.810045     
   10.5305141583698        317.383120557404        481260633.354010     
   10.6544025602330        301.103505180454        457175017.401180     
   10.7782909620962        301.520690503586        490713636.125284     
   10.9021793639593        278.875648541973        480703105.138441     
   11.0260677658225        300.393018692095        491135535.282321     
   11.1499561676857        305.368379560485        490074038.034704     
   11.2738445695489        297.347323623787        453948345.634223     
   11.3977329714120        289.182409901640        466933855.872901     
   11.5216213732752        303.588663387783        479473855.313155     
   11.6455097751384        312.667217890965        478598600.201882     
   11.7693981770016        309.549836305951        469258259.119770     
   11.8932865788647        316.778592654621        511371225.008994     
   12.0171749807279        290.007244348182        480432146.956305     
   12.1410633825911        283.707788590097        461320937.934661     
   12.2649517844543        289.460922264032        470829031.704650     
   12.3888401863174        282.451929784046        450878252.666649     
   12.5127285881806        331.103500206777        508957785.977530     
   12.6366169900438        290.601939491292        466750965.200036     
   12.7605053919069        275.173215383819        458071401.682961     
   12.8843937937701        299.111285912953        464227629.231078     
   13.0082821956333        293.857320892248        473771749.594387     
   13.1321705974965        300.266411123782        463769284.647587     
   13.2560589993596        286.352357609968        480464665.493842     
   13.3799474012228        285.111375316154        475968035.480476     
   13.5038358030860        293.820768182324        476984232.825716     
   13.6277242049492        295.346148852095        477041716.423891     
   13.7516126068123        337.133360761521        511108630.616931     
   13.8755010086755        294.654128277881        477035911.901184     
   13.9993894105387        313.003825250145        479659631.484395     
   14.1232778124019        329.777406313285        514375399.512598     
   14.2471662142650        297.523697853145        460320255.562145     
   14.3710546161282        296.536199705387        465084060.606059     
   14.4949430179914        312.945681839954        468432016.470455     
   14.6188314198546        283.228564686698        464283686.625994     
   14.7427198217177        289.017067253786        465691397.869106     
   14.8666082235809        309.225876196433        494742716.399480     
   14.9904966254441        323.547102047270        515181188.446937     
   15.1143850273073        303.461354103594        490365320.288182     
   15.2382734291704        290.013101130101        489622238.109481     
   15.3621618310336        287.177115965982        496505410.434770     
   15.4860502328968        288.128156969247        482242334.305400     
   15.6099386347600        307.702255352480        512594356.941723     
   15.7338270366231        307.352668752406        491500744.588720     
   15.8577154384863        275.507249029295        458697711.982628     
   15.9816038403495        289.779475396295        483158461.320635     
   16.1054922422127        293.977019787751        464310346.902594     
   16.2293806440758        303.166634335313        461913549.440806     
   16.3532690459390        308.271727045606        478349066.834928     
   16.4771574478022        322.955420755911        486295070.915407     
   16.6010458496654        277.979536045466        440579180.112042     
   16.7249342515285        273.752298603544        437300891.031236     
   16.8488226533917        293.213684537010        458483953.809799     
   16.9727110552549        311.337117058272        483656009.542630     
   17.0965994571180        291.372841403771        484812111.256379     
   17.2204878589812        309.894553453615        483644459.726227     
   17.3443762608444        315.205842210540        471379838.038963     
   17.4682646627076        304.756899053195        457195852.206916     
   17.5921530645707        301.401837906850        441907498.578909     
   17.7160414664339        277.510107151394        458640565.146371     
   17.8399298682971        278.394331274295        467057507.944977     
   17.9638182701603        291.635000538520        448282188.793827     
   18.0877066720234        308.848612580224        483856355.859090     
   18.2115950738866        306.619120303281        490191025.335978     
   18.3354834757498        320.183134562677        486372361.818845     
   18.4593718776130        289.381348056947        467767960.689736     
   18.5832602794761        316.235349102459        492205932.040425     
   18.7071486813393        321.664734421908        469414890.061707     
   18.8310370832025        311.525507932506        479654373.788579     
   18.9549254850657        289.238020433329        436589195.476637     
   19.0788138869288        290.494458007511        476263020.746504     
   19.2027022887920        291.871547687185        476718296.131738     
   19.3265906906552        283.475627046069        443235082.752979     
   19.4504790925184        287.924872719787        464354981.399283     
   19.5743674943815        301.882447018849        461594484.510390     
   19.6982558962447        313.526354898867        464399124.226448     
   19.8221442981079        300.392067641442        466093830.493429     
   19.9460326999711        310.768669508836        480100072.734273     
   20.0699211018342        307.794361051586        475875670.605018     
   20.1938095036974        297.844265391300        478666937.629618     
   20.3176979055606        322.907398359012        484288006.054781     
   20.4415863074238        314.471041814042        497521439.502313     
   20.5654747092869        289.454987893689        466107800.752742     
   20.6893631111501        282.316729501672        475085486.294341     
   20.8132515130133        278.814711520540        454676940.650425     
   20.9371399148765        312.724021733047        469670587.965401     
   21.0610283167396        286.603957776470        449014599.871035     
   21.1849167186028        293.018047121069        466952104.486645     
   21.3088051204660        313.446790376389        455057208.326051     
   21.4326935223291        281.280254779870        487769356.247718     
   21.5565819241923        306.148461561247        462552249.471533     
   21.6804703260555        303.810404906558        470711188.472890     
   21.8043587279187        292.941772208708        448268348.347411     
   21.9282471297818        277.778062564511        445649786.301419     
   22.0521355316450        295.451494761832        451944623.694978     
   22.1760239335082        297.312009024141        439351097.023281     
   22.2999123353714        292.349811519717        446267962.001077     
   22.4238007372345        296.032288610840        465705842.698856     
   22.5476891390977        293.828701855073        466935615.505703     
   22.6715775409609        317.475193998436        471340758.654605     
   22.7954659428241        309.986463747085        492111800.611604     
   22.9193543446872        300.902299191472        484375065.322319     
   23.0432427465504        305.513398744925        506556186.017306     
   23.1671311484136        291.924991135796        475507601.865439     
   23.2910195502768        292.265767473636        481723464.527179     
   23.4149079521399        304.058696961988        492278328.744771     
   23.5387963540031        301.710901710829        476747170.219515     
   23.6626847558663        293.694149670663        462412600.823758     
   23.7865731577295        289.097019880725        459387490.196041     
   23.9104615595926        294.880363073508        468511146.726043     
   24.0343499614558        295.082675083876        455497005.564924     
   24.1582383633190        290.766743947064        442101182.078639     
   24.2821267651822        287.129893331722        476136024.813230     
   24.4060151670453        292.806124167153        438048830.819492     
   24.5299035689085        306.036629208979        461671585.610647     
   24.6537919707717        283.469155359835        451751264.099710     
   24.7776803726349        314.665965997893        481917264.604155     
   24.9015687744980        296.944943310366        476004249.627173     
   25.0254571763612        282.031973610068        438452354.056063     
   25.1493455782244        297.497955278940        454987699.505877     
   25.2732339800876        300.065102632659        461922676.759145     
   25.3971223819507        308.290505231231        483648993.403934     
   25.5210107838139        305.593954106896        476075033.417535     
   25.6448991856771        295.428241492664        484028016.795856     
   25.7687875875402        293.757721735146        466369468.671852     
   25.8926759894034        292.224218941145        481961931.604756     
   26.0165643912666        294.921045527020        446786888.816512     
   26.1404527931298        290.251891112434        475419213.137691     
   26.2643411949929        271.344293396698        450711523.745253     
   26.3882295968561        271.540659093260        453693325.910680     
   26.5121179987193        299.556932603819        481933307.710365     
   26.6360064005825        289.773569885256        472455220.437804     
   26.7598948024456        313.949146772295        474323749.385952     
   26.8837832043088        317.630508839014        457455977.124849     
   27.0076716061720        291.628898702216        454522752.468209     
   27.1315600080352        300.388107764509        443416947.438482     
   27.2554484098983        300.326492484949        453473599.689104     
   27.3793368117615        294.502112889485        481484233.621066     
   27.5032252136247        286.333429978418        470823539.923491     
   27.6271136154879        305.742635685472        484234786.077255     
   27.7510020173510        307.653140003690        480209294.036152     
   27.8748904192142        293.629141193873        475726956.336774     
   27.9987788210774        297.572519341137        482896990.214284     
   28.1226672229406        278.686078383993        462932414.949521     
   28.2465556248037        317.573564280824        475572507.698161     
   28.3704440266669        281.394338215349        466646116.294925     
   28.4943324285301        283.659324734661        462230311.537442     
   28.6182208303933        328.915874976747        474890267.583174     
   28.7421092322564        276.174590704837        420730975.824721     
   28.8659976341196        303.427319585506        473721086.000280     
   28.9898860359828        305.590311103053        479185793.330045     
   29.1137744378460        299.076541787001        461517804.586239     
   29.2376628397091        294.440516742760        495532358.604540     
   29.3615512415723        285.058689216108        465048084.693004     
   29.4854396434355        312.954854006571        498880239.602916     
   29.6093280452987        312.027289418064        466836430.269909     
   29.7332164471618        299.165321516850        467351034.895692     
   29.8571048490250        305.299955866231        491003343.681005     
   29.9809932508882        298.572689790469        481991882.526098     
   30.1048816527513        287.283510737841        460546136.052200     
   30.2287700546145        272.226294479471        458319538.678749     
   30.3526584564777        300.495853151059        487904770.912561     
   30.4765468583409        290.674664472821        494224617.727541     
   30.6004352602040        309.247420158006        490050433.167328     
   30.7243236620672        299.956230274419        479767288.063140     
   30.8482120639304        289.239474733658        455107092.284875     
   30.9721004657936        290.028856575104        507412669.932822     
   31.0959888676567        314.989343621487        493538192.530564     
   31.2198772695199        314.864298442090        471457615.240158     
   31.3437656713831        297.006385711967        462745350.458755     
   31.4676540732463        284.261630646069        484318541.546243     
   31.5915424751094        282.292551299341        446802397.310072     
   31.7154308769726        290.736466296062        459292141.555355     
   31.8393192788358        290.823747055450        472410195.053393     
   31.9632076806990        295.937622910123        461351058.152790     
   32.0870960825621        295.100312859309        474099916.239036     
   32.2109844844253        293.813103447302        457919721.278688     
   32.3348728862885        299.775849972748        473290157.276797     
   32.4587612881517        287.823491871377        462142876.944193     
   32.5826496900148        297.095841172215        469449445.038345     
   32.7065380918780        290.902734528373        446369805.913671     
   32.8304264937412        332.747458654042        481091980.917646     
   32.9543148956044        293.397969175384        464449067.807245     
   33.0782032974675        301.001953697486        462882080.620191     
   33.2020916993307        299.060500662075        474873460.895699     
   33.3259801011939        297.998845460840        477684835.288138     
   33.4498685030571        318.244847885887        472705076.428775     
   33.5737569049202        287.230355013557        455390478.416581     
   33.6976453067834        297.596466367574        472675577.273830     
   33.8215337086466        305.688466603306        485843954.446008     
   33.9454221105098        283.792361583609        466206559.053998     
   34.0693105123729        306.410490428719        481372495.731923     
   34.1931989142361        295.199857434592        453565680.819026     
   34.3170873160993        312.078085167548        469618072.927530     
   34.4409757179624        285.601573800103        448640663.198883     
   34.5648641198256        295.998892822715        473670007.450869     
   34.6887525216888        306.379249838875        484442526.494308     
   34.8126409235520        300.942187167951        464328275.304141     
   34.9365293254151        301.118267865268        452266813.148007     
   35.0604177272783        278.813185693275        456444372.337830     
   35.1843061291415        306.032819006942        484899093.496081     
   35.3081945310047        325.262247253759        490959472.070768     
   35.4320829328678        294.683752246538        448309145.569351     
   35.5559713347310        302.203090212421        443872764.721415     
   35.6798597365942        291.977816669909        475902870.558333     
   35.8037481384574        300.393353317504        475194332.759407     
   35.9276365403205        316.100358395119        499630253.860569     
   36.0515249421837        290.900643357753        463496891.553352     
   36.1754133440469        302.115649605679        463037210.250457     
   36.2993017459101        318.452642280664        483093603.008747     
   36.4231901477732        300.299173672957        456257879.172105     
   36.5470785496364        307.570923334173        477114096.228610     
   36.6709669514996        302.179147921833        452314839.695604     
   36.7948553533628        303.551586679135        463990877.843001     
   36.9187437552259        299.479282851722        462191370.709888     
   37.0426321570891        285.956411404644        456846774.069498     
   37.1665205589523        308.654169268473        473499049.740756     
   37.2904089608155        305.882473862566        488254274.832926     
   37.4142973626786        294.617333886041        458970133.524541     
   37.5381857645418        298.304657360256        463697845.326004     
   37.6620741664050        293.211104440609        455389975.233041     
   37.7859625682682        278.607946248657        445175101.565391     
   37.9098509701313        299.696012057324        480972509.912333     
   38.0337393719945        295.699402415211        483228534.583761     
   38.1576277738577        292.533465296013        467567535.909081     
   38.2815161757209        278.855810376142        451718133.542930     
   38.4054045775840        287.213158061732        461296043.340040     
   38.5292929794472        297.766409416291        455439272.689225     
   38.6531813813104        276.235838393761        450442217.280354     
   38.7770697831735        307.397988087069        490100312.428670     
   38.9009581850367        285.111400010652        482629873.533626     
   39.0248465868999        293.252982690828        475868471.109446     
   39.1487349887631        309.658583636693        482264923.981904     
   39.2726233906262        292.838188736504        473336297.684881     
   39.3965117924894        307.366451230966        475591440.075831     
   39.5204001943526        303.752954159995        468119586.010014     
   39.6442885962158        286.763907770974        452472038.253867     
   39.7681769980789        296.908344379822        473854248.470453     
   39.8920653999421        319.042772188981        486721810.445283     
   40.0159538018053        306.245331410141        476773631.415327     
   40.1398422036685        275.089672859580        442984852.156816     
   40.2637306055316        316.556962833326        490678614.714695     
   40.3876190073948        277.417408268093        465945904.070147     
   40.5115074092580        313.100779535186        464702530.992468     
   40.6353958111212        281.240218903881        449864675.078985     
   40.7592842129843        312.710317623122        469978245.160887     
   40.8831726148475        323.772550190578        493797888.233405     
   41.0070610167107        288.162802620349        454549002.899809     
   41.1309494185739        284.123084898218        439568244.783194     
   41.2548378204370        302.362235986143        474894868.872801     
   41.3787262223002        294.336426460177        457387788.979672     
   41.5026146241634        286.935281159979        463309763.594233     
   41.6265030260266        315.861450593393        471104510.153459     
   41.7503914278897        282.041739145353        458562129.125785     
   41.8742798297529        326.018714272753        504962772.310110     
   41.9981682316161        308.877065649909        497847701.446013     
   42.1220566334793        312.108349605511        495577867.028895     
   42.2459450353424        312.346391692605        492503942.310703     
   42.3698334372056        303.106911798242        472430552.207024     
   42.4937218390688        300.740754950225        451769731.447556     
   42.6176102409319        304.061816694932        447185017.521266     
   42.7414986427951        287.364438084027        452095867.168170     
   42.8653870446583        306.573029340398        472371335.495662     
   42.9892754465215        333.316456880132        486665487.699003     
   43.1131638483847        277.925263914580        481585654.009930     
   43.2370522502478        270.589835014506        478027357.063644     
   43.3609406521110        292.190250391595        476640611.756402     
   43.4848290539742        294.185159412611        465205311.441646     
   43.6087174558373        289.534033096123        466961983.585926     
   43.7326058577005        283.987295523175        491951365.138512     
   43.8564942595637        315.374317411538        500501093.550808     
   43.9803826614269        284.571633421666        493734188.144764     
   44.1042710632900        293.826447255266        474787199.925645     
   44.2281594651532        315.950573203679        486467332.592351     
   44.3520478670164        301.875308694870        491660252.414225     
   44.4759362688796        300.763841865068        470508126.406753     
   44.5998246707427        296.982371534517        485256404.523745     
   44.7237130726059        317.969855846685        503587316.684301     
   44.8476014744691        314.317440040815        487307348.632328     
   44.9714898763323        304.811432375651        475577503.214826     
   45.0953782781954        287.559071119422        472909661.377738     
   45.2192666800586        321.691349603035        487222561.917856     
   45.3431550819218        294.666960990519        462887586.301881     
   45.4670434837850        283.050485170590        466410967.382472     
   45.5909318856481        290.556691212802        453799224.737540     
   45.7148202875113        291.148975365604        474559484.198380     
   45.8387086893745        313.405009491739        510324820.668460     
   45.9625970912377        292.072806686482        464356280.383147     
   46.0864854931008        287.130829767020        486369034.178759     
   46.2103738949640        310.787483630904        490744074.897872     
   46.3342622968272        295.140224263344        467497539.837638     
   46.4581506986904        289.222201585219        460888854.158717     
   46.5820391005535        288.933835988667        453618951.919409     
   46.7059275024167        294.241933436210        450718026.147733     
   46.8298159042799        300.471648095060        467564638.442609     
   46.9537043061430        309.085055481480        465128185.193312     
   47.0775927080062        297.266586969028        471351009.983588     
   47.2014811098694        283.131885723874        464591306.826531     
   47.3253695117326        290.728942625771        467103196.964930     
   47.4492579135958        323.507411783440        500513577.099632     
   47.5731463154589        288.711590083745        455008408.667882     
   47.6970347173221        315.970187172010        484985556.839637     
   47.8209231191853        312.757053816394        462660639.060678     
   47.9448115210484        304.762945967965        482529336.492849     
   48.0686999229116        304.397100807337        469508991.154045     
   48.1925883247748        315.814881121086        504122922.518220     
   48.3164767266380        282.646593475859        467644468.883866     
   48.4403651285011        314.134311961962        456161258.610934     
   48.5642535303643        305.729675345423        468961175.388200     
   48.6881419322275        286.921218744458        466128798.917173     
   48.8120303340907        309.729292421632        454394265.794830     
   48.9359187359538        308.064484483281        477547638.327712     
   49.0598071378170        279.559303593800        428462149.998796     
   49.1836955396802        307.531098083522        445258370.047306     
   49.3075839415434        286.448409581679        462696539.451351     
   49.4314723434065        287.013140052041        461143520.998284     
   49.5553607452697        286.996255101684        469201389.875196     
   49.6792491471329        298.996937022872        472273575.257979     
   49.8031375489961        295.537720070192        474843093.047287     
   49.9270259508592        297.438597508320        446352550.937073     
   50.0509143527224        300.958200158339        493831472.783410     
   50.1748027545856        297.028253677926        448680242.765638     
   50.2986911564488        287.404449758677        471102277.238673     
   50.4225795583119        308.183828395769        489076464.760661     
   50.5464679601751        291.602280338292        466028853.431560     
   50.6703563620383        289.839702935284        467824388.141053     
   50.7942447639015        299.181872102008        470034283.092618     
   50.9181331657646        298.248046766983        475526465.680385     
   51.0420215676278        297.189449357899        481172739.207671     
   51.1659099694910        311.045589437125        493912390.822882     
   51.2897983713541        305.326905884947        488916739.087282     
   51.4136867732173        313.482353895826        496030463.577208     
   51.5375751750805        286.866111545913        475694443.689087     
   51.6614635769437        303.207784217520        472870716.154663     
   51.7853519788069        300.317629012354        479375760.506805     
   51.9092403806700        299.243840652353        455803501.093746     
   52.0331287825332        292.823182418014        462104736.617229     
   52.1570171843964        310.283719786975        490206705.002155     
   52.2809055862595        296.369319531083        473160973.382933     
   52.4047939881227        291.791984851028        466793746.201859     
   52.5286823899859        311.118930309106        477009394.189007     
   52.6525707918491        270.393707577131        442287591.355746     
   52.7764591937122        304.991930020478        460881017.269215     
   52.9003475955754        297.824257165853        472155008.061511     
   53.0242359974386        309.868029999257        485573881.383341     
   53.1481243993018        319.077997935946        470903636.115362     
   53.2720128011649        283.869874851921        450198231.645859     
   53.3959012030281        287.369997247436        474805348.499971     
   53.5197896048913        326.345421998687        473383381.025421     
   53.6436780067545        313.008762858543        491658843.874077     
   53.7675664086176        292.426294311334        498472442.998464     
   53.8914548104808        303.444211626877        479962107.731437     
   54.0153432123440        312.149472917858        474973551.356542     
   54.1392316142072        287.187204121122        461692895.843565     
   54.2631200160703        313.298215820424        485104560.694968     
   54.3870084179335        304.148940901506        451151234.899367     
   54.5108968197967        303.903105316236        472349261.524446     
   54.6347852216599        307.984487264457        511284531.553712     
   54.7586736235230        292.841565218243        453462128.350335     
   54.8825620253862        298.792804964818        469570417.345472     
   55.0064504272494        299.331989964388        457850382.468621     
   55.1303388291126        307.626191465925        482928117.958853     
   55.2542272309757        310.947206439601        472901974.209602     
   55.3781156328389        292.636838944064        476186904.315477     
   55.5020040347021        279.721568658730        465515904.352300     
   55.6258924365652        309.297123967374        474344292.602585     
   55.7497808384284        317.882805926486        504582249.310113     
   55.8736692402916        287.016740526177        492101071.470308     
   55.9975576421548        321.736421627176        486622844.688285     
   56.1214460440180        303.651512977787        476597687.054464     
   56.2453344458811        289.930057599675        464799391.966876     
   56.3692228477443        293.226820666087        489610075.314784     
   56.4931112496075        294.677730717920        465546134.260661     
   56.6169996514706        290.276026489892        470513903.181269     
   56.7408880533338        299.676705588567        486940158.232924     
   56.8647764551970        328.666242143079        502942940.263864     
   56.9886648570602        321.124613461690        485224452.244043     
   57.1125532589233        304.067181556529        471567171.434347     
   57.2364416607865        312.950159703998        462512253.264593     
   57.3603300626497        300.912051802518        467580997.846787     
   57.4842184645129        269.206848566282        443350707.037191     
   57.6081068663760        306.577444849940        467287706.514975     
   57.7319952682392        291.222213591561        477427971.840257     
   57.8558836701024        295.330581145218        473564784.493195     
   57.9797720719656        311.814124909035        465967623.925084     
   58.1036604738287        313.869515535613        495567919.927512     
   58.2275488756919        279.346581153309        471397156.601808     
   58.3514372775551        294.245567921010        461888446.593806     
   58.4753256794183        295.068581354751        465449128.621364     
   58.5992140812814        304.195789875580        486359484.936253     
   58.7231024831446        284.715113061631        454377471.414880     
   58.8469908850078        292.646876264440        448183890.807357     
   58.9708792868710        308.150499825501        475870733.476385     
   59.0947676887341        293.153450866250        459652896.375786     
   59.2186560905973        296.221908801712        471178881.397704     
   59.3425444924605        297.384052027548        445562081.956143     
   59.4664328943236        304.162708235327        491843659.871902     
   59.5903212961868        301.867438621697        488141431.908692     
   59.7142096980500        302.607503693482        478140843.971613     
   59.8380980999132        297.776121256251        445556810.617575     
   59.9619865017763        306.362973065592        486333552.504501     
   60.0858749036395        282.894302740151        460486528.126406     
   60.2097633055027        299.845960295809        465324320.726290     
   60.3336517073659        299.939065704405        485298129.384887     
   60.4575401092291        315.091153881225        468969798.282321     
   60.5814285110922        308.611817830910        477182767.297313     
   60.7053169129554        302.997061807923        475069490.102533     
   60.8292053148186        312.052671852799        462648613.910456     
   60.9530937166817        294.087352170484        479031280.685837     
   61.0769821185449        314.544838762664        471034567.018353     
   61.2008705204081        292.255757563850        470851228.318486     
   61.3247589222713        298.684287931597        472101277.900415     
   61.4486473241344        299.477174449409        473844222.877471     
   61.5725357259976        316.218447214112        489568740.617866     
   61.6964241278608        276.785532335271        454175683.749471     
   61.8203125297240        298.367758597605        479393084.361773     
   61.9442009315871        291.373262871567        467034999.836381     
   62.0680893334503        305.507941362324        482451847.486255     
   62.1919777353135        301.244303097851        473335241.383546     
   62.3158661371767        285.900859350465        496303869.702050     
   62.4397545390398        307.642592865061        490839067.253296     
   62.5636429409030        295.544259246277        463810096.841591     
   62.6875313427662        291.355503162813        483579549.456872     
   62.8114197446294        303.432465483062        462172443.311821     
   62.9353081464925        293.547468171515        486077754.854519     
   63.0591965483557        299.673142340951        472601652.452508     
   63.1830849502189        308.632915052332        488742611.138253     
   63.3069733520821        288.020729776586        461572273.048395     
   63.4308617539452        322.488768744350        493056280.227061     
   63.5547501558084        295.455628679389        455610488.868761     
   63.6786385576716        302.709651302822        475426885.022896     
   63.8025269595347        315.562659628110        440772385.961154     
   63.9264153613979        300.426884352013        463873605.371173     
   64.0503037632611        308.480888410523        480614503.794588     
   64.1741921651243        313.267608137933        489836004.115513     
   64.2980805669874        285.453783217513        467425430.343178     
   64.4219689688506        311.339731880047        471909193.389762     
   64.5458573707138        291.940574383380        475739711.776986     
   64.6697457725770        306.138503105251        494981745.327199     
   64.7936341744401        311.214736249823        488539473.546876     
   64.9175225763033        309.883458541634        480845088.940988     
   65.0414109781665        295.025697320699        454343849.024551     
   65.1652993800297        311.961072554531        471934365.779017     
   65.2891877818928        295.520130986416        453187995.682411     
   65.4130761837560        298.017380030369        470272163.565567     
   65.5369645856192        313.869521116380        469390219.519292     
   65.6608529874824        304.248617918761        485187152.845863     
   65.7847413893455        308.303737931806        484534172.811808     
   65.9086297912087        299.230217086155        475609784.905206     
   66.0325181930719        315.514487391981        465043839.094366     
   66.1564065949351        311.632394978239        457510418.222938     
   66.2802949967982        298.475654833571        487108056.840950     
   66.4041833986614        307.105471037475        483123178.615522     
   66.5280718005246        309.316273151319        490851952.430147     
   66.6519602023878        310.116897313983        498607507.434509     
   66.7758486042509        297.148116897775        461252179.722778     
   66.8997370061141        290.710496720336        456277243.995037     
   67.0236254079773        319.455917358251        473378599.199087     
   67.1475138098405        293.801442365536        470255117.481427     
   67.2714022117036        313.078795205678        472456483.900454     
   67.3952906135668        295.694932150471        438779391.159518     
   67.5191790154300        305.661948532205        471303027.285370     
   67.6430674172932        279.985565268870        461448779.691174     
   67.7669558191563        293.822357669507        484823583.581151     
   67.8908442210195        264.540413731005        445898524.316756     
   68.0147326228827        312.121473132164        491456788.423176     
   68.1386210247458        287.766042793638        464200313.119209     
   68.2625094266090        313.436755774651        480459456.468382     
   68.3863978284722        304.795377714890        471686582.042416     
   68.5102862303354        308.659231307318        477983756.054793     
   68.6341746321985        311.514733928725        466502186.726217     
   68.7580630340617        295.128322754921        451813793.761798     
   68.8819514359249        284.469010267884        458721236.413717     
   69.0058398377881        290.222202535327        476980694.504138     
   69.1297282396512        282.203883905163        470264276.944203     
   69.2536166415144        323.027498602503        466386539.211562     
   69.3775050433776        305.301868078031        466075307.947472     
   69.5013934452408        296.643313850353        457826820.091333     
   69.6252818471039        320.179303422201        493156907.384474     
   69.7491702489671        298.888764967890        478335415.653244     
   69.8730586508303        317.372606384475        483883202.084463     
   69.9969470526935        301.059978981055        472630311.697729     
   70.1208354545566        306.738033529770        496833939.699903     
   70.2447238564198        311.153005242603        498313069.333344     
   70.3686122582830        300.154842128295        476091309.361923     
   70.4925006601462        319.806627588819        475492975.422748     
   70.6163890620093        300.622798816308        455854941.917525     
   70.7402774638725        304.858053245614        484846264.950628     
   70.8641658657357        284.331195903359        466415436.315591     
   70.9880542675989        284.039767276510        459025349.591925     
   71.1119426694620        285.274354808330        457437656.770934     
   71.2358310713252        314.222056807740        476771927.104593     
   71.3597194731884        306.917183413163        501948306.052862     
   71.4836078750516        314.358055633516        489165469.575516     
   71.6074962769147        300.346512750345        466558039.786926     
   71.7313846787779        272.851376765021        458969696.481527     
   71.8552730806411        312.192452604064        450277617.092245     
   71.9791614825043        292.257736322420        490857616.358571     
   72.1030498843674        281.970273615483        479000543.283051     
   72.2269382862306        327.709769218944        498112877.173712     
   72.3508266880938        295.934551400443        459197466.193484     
   72.4747150899569        314.449632423912        487920334.704602     
   72.5986034918201        310.927895283860        475752010.169794     
   72.7224918936833        303.975006834737        476619427.394040     
   72.8463802955465        297.635473070732        481153767.421815     
   72.9702686974096        294.233781284240        481858297.074987     
   73.0941570992728        295.454507264109        449838387.375338     
   73.2180455011360        309.474884242125        494822810.285573     
   73.3419339029992        281.832620694330        438267581.367502     
   73.4658223048623        297.237510706872        459338641.050770     
   73.5897107067255        285.458119670981        460475021.385248     
   73.7135991085887        304.287513201242        459744540.844439     
   73.8374875104519        312.444776017150        477138576.401082     
   73.9613759123150        298.964530932010        477193995.378514     
   74.0852643141782        313.559569072715        482002486.302812     
   74.2091527160414        302.766524379026        455692421.761405     
   74.3330411179046        281.305208460204        461299670.932024     
   74.4569295197677        309.424471257190        457527257.513799     
   74.5808179216309        323.094341494006        509934765.042894     
   74.7047063234941        303.884949801042        459252529.736934     
   74.8285947253573        286.607797776065        458854992.137312     
   74.9524831272204        297.884786359459        435550970.685824     
   75.0763715290836        291.901691451412        461889745.141944     
   75.2002599309468        310.057195138559        480993655.533334     
   75.3241483328100        322.463693516928        487117594.740897     
   75.4480367346731        312.968435480014        477843959.362458     
   75.5719251365363        282.269480728885        463469984.588105     
   75.6958135383995        281.832323794812        473928152.149543     
   75.8197019402627        281.994142219357        474240196.004873     
   75.9435903421258        316.734688445971        483669211.061591     
   76.0674787439890        294.950047518327        480045113.516360     
   76.1913671458522        314.603316236117        478052359.784468     
   76.3152555477154        310.607329163161        492730559.729597     
   76.4391439495785        311.817600565238        456285408.284367     
   76.5630323514417        291.687390542920        475256058.174055     
   76.6869207533049        318.102087079043        483698358.741303     
   76.8108091551680        292.330961420015        466586440.549379     
   76.9346975570312        304.944548433406        489717089.464777     
   77.0585859588944        293.241223932586        461817095.346559     
   77.1824743607576        300.357882791256        470443087.857281     
   77.3063627626207        300.866648994163        461750183.935493     
   77.4302511644839        294.137787739815        457619481.201172     
   77.5541395663471        295.700361844494        495683747.001670     
   77.6780279682103        284.679596952859        458048523.825997     
   77.8019163700734        289.735798198887        466260901.632913     
   77.9258047719366        291.966889770616        441956776.494150     
   78.0496931737998        287.868968162557        499703530.867877     
   78.1735815756630        313.273660562654        474726701.560801     
   78.2974699775261        304.317420047830        485217408.283240     
   78.4213583793893        318.026532270367        501401678.612859     
   78.5452467812525        298.711997737898        470685622.392118     
   78.6691351831157        324.171379484848        478356540.966569     
   78.7930235849788        275.526341520772        442134263.505637     
   78.9169119868420        299.685376130544        463859212.409027     
   79.0408003887052        309.176139840894        467851253.845858     
   79.1646887905684        290.098552008570        468028445.882553     
   79.2885771924315        305.619976019488        470831937.277719     
   79.4124655942947        303.168569641320        466618024.613785     
   79.5363539961579        319.274401929033        480357538.504559     
   79.6602423980211        293.798004439350        465577670.065789     
   79.7841307998842        312.611670188403        472345633.388248     
   79.9080192017474        296.808008079987        461660620.519070     
   80.0319076036106        300.472870040560        465823953.187688     
   80.1557960054738        310.131160910389        460195292.773960     
   80.2796844073369        297.375652916229        476957767.267662     
   80.4035728092001        318.016844256300        480150090.841161     
   80.5274612110633        305.042140897766        489433312.667970     
   80.6513496129264        295.243309734775        463714438.086848     
   80.7752380147896        288.908990484486        459302230.594357     
   80.8991264166528        311.794588328715        453411686.156910     
   81.0230148185160        308.326277004448        485002016.442139     
   81.1469032203791        294.170236516544        436073891.487310     
   81.2707916222423        293.840951744292        457795982.191307     
   81.3946800241055        313.749563541926        472499516.021694     
   81.5185684259687        288.756849078376        453508146.634609     
   81.6424568278319        299.184121672786        476804366.209180     
   81.7663452296950        288.318047723229        482261771.066898     
   81.8902336315582        299.367713517627        469007678.816407     
   82.0141220334214        307.325690181545        469676051.752505     
   82.1380104352845        300.655275027633        470207715.179356     
   82.2618988371477        310.220126901244        488632612.776148     
   82.3857872390109        313.234175146801        508867699.247600     
   82.5096756408741        294.999384741758        465378586.493937     
   82.6335640427372        308.362716664830        483367138.891958     
   82.7574524446004        333.597251260641        476676202.203513     
   82.8813408464636        308.344264002864        476236245.039143     
   83.0052292483268        308.941066621327        462737423.208694     
   83.1291176501899        282.316873428472        457227383.982250     
   83.2530060520531        298.341735857053        465911890.765112     
   83.3768944539163        307.486164061492        462166183.087350     
   83.5007828557795        311.537522419908        465259305.216272     
   83.6246712576426        261.789720479403        459058378.698386     
   83.7485596595058        296.257041770736        468551779.077651     
   83.8724480613690        289.296815719517        451794425.848406     
   83.9963364632322        301.727324611751        479470966.072193     
   84.1202248650953        281.774495549934        437385455.554378     
   84.2441132669585        303.797845199197        476872832.859247     
   84.3680016688217        297.387190833118        472771847.961661     
   84.4918900706849        283.441820327458        458728867.494560     
   84.6157784725480        292.339781273255        460777226.393135     
   84.7396668744112        293.614606578713        455180842.268866     
   84.8635552762744        311.564787579256        500382245.561436     
   84.9874436781376        293.521455166418        479641573.227403     
   85.1113320800007        321.071569943484        513012257.281174     
   85.2352204818639        307.120480901074        486233339.606255     
   85.3591088837271        297.096662374244        474554258.657657     
   85.4829972855902        328.405375289171        481152054.628295     
   85.6068856874534        304.984482020171        487324442.414680     
   85.7307740893166        302.813648035046        473447194.500345     
   85.8546624911798        289.482616782303        477032129.185244     
   85.9785508930430        318.122631385899        484932398.823808     
   86.1024392949061        289.142276608746        452666094.587311     
   86.2263276967693        306.153768065864        473243897.929490     
   86.3502160986325        289.158139436225        473091841.040227     
   86.4741045004956        293.546885901860        473224806.462029     
   86.5979929023588        320.840158541710        491780217.466630     
   86.7218813042220        285.537521479538        474941047.936206     
   86.8457697060852        312.373648442983        464804341.535406     
   86.9696581079483        287.517085376701        465752171.175838     
   87.0935465098115        290.771469639829        476054684.098849     
   87.2174349116747        281.325729441055        461675898.249347     
   87.3413233135379        292.946955486068        485157694.403294     
   87.4652117154010        301.959961169324        465860118.847105     
   87.5891001172642        315.252877596399        495626620.796247     
   87.7129885191274        305.376968657946        472530891.599498     
   87.8368769209906        285.927757436379        482425429.857573     
   87.9607653228537        286.887108074446        456350498.081469     
   88.0846537247169        300.388639032827        469136917.135938     
   88.2085421265801        289.180875466139        461771614.900417     
   88.3324305284433        303.340918678872        460574106.568132     
   88.4563189303064        302.337370789684        456958467.457189     
   88.5802073321696        304.451839970554        466752342.452660     
   88.7040957340328        280.080530997926        462507256.414660     
   88.8279841358960        294.102909448722        471160604.143737     
   88.9518725377591        306.725371783121        508341972.378294     
   89.0757609396223        305.015336861543        471704983.626561     
   89.1996493414855        291.235203690136        487978329.713355     
   89.3235377433487        314.291134630118        476036170.395247     
   89.4474261452118        310.288370274655        490669386.314088     
   89.5713145470750        316.854564131827        495379003.093285     
   89.6952029489382        324.057713996231        501044281.946377     
   89.8190913508013        311.715445009118        481789734.529538     
   89.9429797526645        284.890642988769        471772211.385094     
   90.0668681545277        289.995076127076        465779758.799489     
   90.1907565563909        307.695100076290        484021442.267977     
   90.3146449582540        291.473058942751        482358781.348786     
   90.4385333601172        296.511325342049        469527207.393202     
   90.5624217619804        275.630168322948        438832267.942745     
   90.6863101638436        292.161194546764        460154905.781142     
   90.8101985657067        296.774099749397        452931158.144399     
   90.9340869675699        292.847617024840        478610026.179070     
   91.0579753694331        283.346360111097        455346714.655069     
   91.1818637712963        298.968654215670        467046167.278885     
   91.3057521731594        288.785508637923        477699028.691810     
   91.4296405750226        298.716865353011        466267676.524633     
   91.5535289768858        304.774056738143        468718907.022255     
   91.6774173787490        314.896930927794        477190910.455557     
   91.8013057806121        314.751828780974        484800587.064842     
   91.9251941824753        293.735697037879        462960466.511315     
   92.0490825843385        293.623408100708        469701184.413732     
   92.1729709862017        280.864311637097        478814809.450313     
   92.2968593880648        289.064901372675        458432138.950824     
   92.4207477899280        305.763943637125        485956315.278836     
   92.5446361917912        298.756249648316        477679419.588251     
   92.6685245936544        275.893253223676        481411845.357624     
   92.7924129955175        314.611492598440        501644170.895660     
   92.9163013973807        305.788566517079        474855728.588854     
   93.0401897992439        294.544039095928        453645451.146425     
   93.1640782011071        294.069577118009        475349149.061128     
   93.2879666029702        278.383295659948        464126860.690753     
   93.4118550048334        284.754466975929        458185898.651431     
   93.5357434066966        290.824276946728        458889367.024731     
   93.6596318085598        316.027015422588        496213187.135281     
   93.7835202104229        300.067959945424        455090383.361924     
   93.9074086122861        293.902383395072        481011706.835950     
   94.0312970141493        320.724786438327        481224402.394852     
   94.1551854160124        334.244632088086        509911816.513824     
   94.2790738178756        309.874154055663        486706911.542178     
   94.4029622197388        302.087707811030        461978345.764358     
   94.5268506216020        301.790343072904        474906147.116133     
   94.6507390234651        286.940005973391        457157303.193778     
   94.7746274253283        283.914499235580        473810389.256435     
   94.8985158271915        294.424440820423        461097039.180163     
   95.0224042290547        304.702941735068        473449469.083275     
   95.1462926309178        286.786602556292        447583103.169515     
   95.2701810327810        297.284990649017        460566707.154593     
   95.3940694346442        304.712488460029        479621813.422563     
   95.5179578365074        284.278675039810        447115118.484546     
   95.6418462383705        310.963194746142        471623488.088825     
   95.7657346402337        308.399706757836        466462893.384543     
   95.8896230420969        292.714127326185        459493687.953927     
   96.0135114439601        302.337280371202        463607930.983931     
   96.1373998458232        280.663585452791        459040453.519841     
   96.2612882476864        302.480434811586        482844899.736454     
   96.3851766495496        295.138746999286        481820830.762353     
   96.5090650514128        287.803303977338        461811866.652874     
   96.6329534532759        314.297575910634        495867543.019656     
   96.7568418551391        284.604033522677        491805295.839067     
   96.8807302570023        284.282521043778        462331832.617603     
   97.0046186588655        281.864547062052        451005710.750703     
   97.1285070607286        305.952829767380        478746252.780763     
   97.2523954625918        303.065104337585        445584304.006315     
   97.3762838644550        287.046308585541        446821853.297605     
   97.5001722663182        287.057963399580        470094784.610398     
   97.6240606681813        297.204616661823        486648801.491722     
   97.7479490700445        308.466452888268        472355433.957836     
   97.8718374719077        317.573414658182        487966313.183050     
   97.9957258737709        288.558756213778        481773988.993786     
   98.1196142756340        277.185934238825        469834866.427701     
   98.2435026774972        324.151717078557        469886719.439380     
   98.3673910793604        304.297016362707        462037284.962285     
   98.4912794812235        313.994331542779        476578301.628103     
   98.6151678830867        286.370076890448        480701535.563438     
   98.7390562849499        305.655006985380        481471489.145690     
   98.8629446868131        292.910067194851        457283821.597763     
   98.9868330886762        332.617229979297        512910889.572097     
   99.1107214905394        272.469405809380        452654462.864491     
   99.2346098924026        296.861913072353        461998086.043338     
   99.3584982942658        278.055787234026        459871632.125635     
   99.4823866961289        299.429547484492        488179950.462043     
   99.6062750979921        308.974477289814        489187169.425857     
   99.7301634998553        302.074905755651        462301177.552919     
   99.8540519017185        321.636896703260        484650063.135650     
   99.9779403035816        294.731324384205        469840856.294381     
   100.101828705445        292.711683112085        482819866.867384     
   100.225717107308        317.101019046999        484062481.337311     
   100.349605509171        336.467481765691        493230723.937328     
   100.473493911034        310.366511793375        499562625.731065     
   100.597382312898        306.569053784377        483135474.178764     
   100.721270714761        319.105241493006        527371717.595167     
   100.845159116624        291.705133135079        468485467.746649     
   100.969047518487        296.307320343019        484149688.965072     
   101.092935920350        319.498221843831        477562630.861261     
   101.216824322213        288.881083163008        468685467.024141     
   101.340712724077        301.733754543102        478040014.742503     
   101.464601125940        297.436906835307        465650497.213788     
   101.588489527803        307.352512798585        473466488.510205     
   101.712377929666        302.608223301337        472091435.438887     
   101.836266331529        300.670650695868        475479835.961362     
   101.960154733392        320.015364276660        484624864.560182     
   102.084043135256        295.610119444715        460391364.321168     
   102.207931537119        308.173716250400        470577402.725836     
   102.331819938982        304.068658220671        459201208.428812     
   102.455708340845        311.214368855193        487555070.017914     
   102.579596742708        310.957745684155        462404995.656993     
   102.703485144571        303.129163189638        471277884.955674     
   102.827373546435        299.809967973407        471271256.625254     
   102.951261948298        340.097471590072        503382920.082082     
   103.075150350161        305.780405536782        471874646.233809     
   103.199038752024        295.455223567626        484912484.075319     
   103.322927153887        289.055725671370        453523874.125889     
   103.446815555751        309.815150191993        511652982.275616     
   103.570703957614        316.696824061240        499415945.327897     
   103.694592359477        308.463268232620        482627630.156039     
   103.818480761340        309.403868201043        487665740.758369     
   103.942369163203        303.860194820679        461532721.391873     
   104.066257565066        314.342372401518        490989720.572009     
   104.190145966930        285.533953428152        456518314.956751     
   104.314034368793        275.122470759285        448867181.520725     
   104.437922770656        289.484558164567        457404110.071034     
   104.561811172519        298.118684111148        474298109.998019     
   104.685699574382        302.575651655371        474158330.181563     
   104.809587976245        328.142528690177        498841229.347993     
   104.933476378109        310.695883982272        490420573.592240     
   105.057364779972        304.612265666024        473084180.090730     
   105.181253181835        339.433925739644        504116181.511014     
   105.305141583698        287.404472832124        479051014.773272     
   105.429029985561        312.676967273486        468218089.008428     
   105.552918387424        303.281350548705        482424507.378814     
   105.676806789288        300.674114729281        483324743.155782     
   105.800695191151        294.002668643585        496201141.547139     
   105.924583593014        293.607871767681        474630498.676019     
   106.048471994877        310.223766642768        488977079.800824     
   106.172360396740        296.608022860247        452302553.695246     
   106.296248798604        278.282475549146        449237646.677321     
   106.420137200467        303.265370183291        460470548.457594     
   106.544025602330        285.673218333523        451739708.115036     
   106.667914004193        294.970569237390        462103533.893029     
   106.791802406056        310.999465877944        457585866.046591     
   106.915690807919        276.750454694489        439518805.543299     
   107.039579209783        309.527752938980        460198673.968219     
   107.163467611646        308.486141772059        489088335.411905     
   107.287356013509        280.096687318617        458630543.538519     
   107.411244415372        296.004269091481        462223707.512510     
   107.535132817235        306.429949869988        471123901.620043     
   107.659021219098        309.595970087669        475774699.427401     
   107.782909620962        296.363480977208        479923121.847557     
   107.906798022825        306.309356610845        489262257.387752     
   108.030686424688        302.469664253306        454438177.111829     
   108.154574826551        289.857802318741        469018529.889792     
   108.278463228414        290.710110384012        453127951.970278     
   108.402351630277        300.657905927563        448659040.739743     
   108.526240032141        308.205259534144        490615868.882090     
   108.650128434004        283.588914717136        449148148.555710     
   108.774016835867        274.023599707540        453207738.701990     
   108.897905237730        297.325557214541        467937011.293504     
   109.021793639593        319.327705284109        488541437.902794     
   109.145682041457        297.361061233522        474374804.812161     
   109.269570443320        307.945891099911        489477981.138762     
   109.393458845183        298.515171848336        519924182.300131     
   109.517347247046        304.136105451410        473793971.930680     
   109.641235648909        297.277665694726        482204589.760393     
   109.765124050772        299.077820545679        463076095.633371     
   109.889012452636        297.661380233461        465425519.156712     
   110.012900854499        313.402427587333        503489304.297636     
   110.136789256362        326.258809599851        500604280.856415     
   110.260677658225        274.101858445741        467188333.143241     
   110.384566060088        327.961785700119        502313969.051626     
   110.508454461951        290.840369781572        457913345.752290     
   110.632342863815        298.593292969092        462188616.946479     
   110.756231265678        284.458773641751        453148822.244765     
   110.880119667541        322.969331349055        490420051.476977     
   111.004008069404        317.497936130549        488702802.485835     
   111.127896471267        273.875778837797        474039863.464332     
   111.251784873130        293.138540611083        468026991.723369     
   111.375673274994        307.993835726336        499831905.165741     
   111.499561676857        275.997371519816        454157131.757973     
   111.623450078720        299.693619517427        460175670.550185     
   111.747338480583        300.570060027265        464711458.361973     
   111.871226882446        289.964930312368        460515990.864074     
   111.995115284310        307.260129062173        469180217.772582     
   112.119003686173        305.070475841327        486386033.649111     
   112.242892088036        300.180882462559        462759259.305496     
   112.366780489899        312.454818421540        491246852.559756     
   112.490668891762        277.883143212314        449690704.397330     
   112.614557293625        277.019423043527        461673805.291845     
   112.738445695489        285.589498799207        462568981.159066     
   112.862334097352        301.369121420629        473306305.440150     
   112.986222499215        280.086012937744        458279577.548778     
   113.110110901078        288.881097259306        474159386.102754     
   113.233999302941        311.740910388041        485817494.529836     
   113.357887704804        280.726399755842        465741522.423252     
   113.481776106668        301.531994712143        478754451.915536     
   113.605664508531        291.173718593077        478654895.000342     
   113.729552910394        290.736829160216        463177211.602405     
   113.853441312257        307.503660917582        495201119.023557     
   113.977329714120        317.195537755898        508378818.548455     
   114.101218115984        302.925898808496        477041457.266892     
   114.225106517847        297.683807828023        482938487.956170     
   114.348994919710        290.150423884655        456523581.660851     
   114.472883321573        273.996874264671        441576679.061027     
   114.596771723436        306.327821909590        469046861.787327     
   114.720660125299        302.329421606272        483628907.009495     
   114.844548527163        313.248322450192        498774720.457017     
   114.968436929026        308.361417560550        479019053.141495     
   115.092325330889        296.596896882844        475789016.612866     
   115.216213732752        294.882623408866        477905586.099265     
   115.340102134615        299.187801157422        471178464.284785     
   115.463990536478        290.160099152468        462515801.013086     
   115.587878938342        295.638230024438        470809828.088544     
   115.711767340205        278.882681250648        436820395.427792     
   115.835655742068        304.989416201028        461615471.727380     
   115.959544143931        309.698112957982        486950494.722495     
   116.083432545794        280.826253411815        412818965.485129     
   116.207320947657        303.246304693446        475032736.801109     
   116.331209349521        308.055482489920        468630068.419287     
   116.455097751384        310.407891300685        476666803.868384     
   116.578986153247        271.834067128400        442963035.115600     
   116.702874555110        303.221879227855        475050012.458523     
   116.826762956973        320.521525053330        472206968.138124     
   116.950651358837        270.993978409394        449697792.341630     
   117.074539760700        303.929921976034        495860525.715908     
   117.198428162563        303.083311409421        490319926.186123     
   117.322316564426        278.457972133805        459661782.841015     
   117.446204966289        322.905901211743        484813037.298878     
   117.570093368152        294.867837789659        469738139.581740     
   117.693981770016        289.841252803791        478334121.245182     
   117.817870171879        299.100020841371        470085377.888930     
   117.941758573742        302.628148812376        472890330.820251     
   118.065646975605        298.429146660097        455807021.055792     
   118.189535377468        280.335482720986        456169231.683391     
   118.313423779331        307.737822658194        486391899.932872     
   118.437312181195        275.690526850171        460995614.105586     
   118.561200583058        311.650120671925        485623564.022965     
   118.685088984921        326.998168048575        481543046.258214     
   118.808977386784        294.084157681081        467869724.807650     
   118.932865788647        294.606169262262        490190261.309864     
   119.056754190510        294.994159395777        485931932.592622     
   119.180642592374        299.445727473435        451493866.032530     
   119.304530994237        305.034976939228        477762034.425798     
   119.428419396100        296.472467899710        477435147.275925     
   119.552307797963        294.173468735431        476881920.480453     
   119.676196199826        306.779827159669        487810656.662913     
   119.800084601690        304.503140541283        479011548.760657     
   119.923973003553        285.455693771003        482297928.633455     
   120.047861405416        299.875264099089        459149258.302262     
   120.171749807279        312.562760674108        487911415.391618     
   120.295638209142        301.507254206217        439562239.213019     
   120.419526611005        293.263667816651        455241986.486748     
   120.543415012869        315.492050539148        494566729.992926     
   120.667303414732        312.102919922962        464694370.658045     
   120.791191816595        290.309043895615        438157980.408056     
   120.915080218458        291.234724876283        443285952.264469     
   121.038968620321        273.167213299647        436781557.972701     
   121.162857022184        279.626382344839        442400487.937012     
   121.286745424048        302.315908987958        462620299.886293     
   121.410633825911        290.809878518507        464508083.018451     
   121.534522227774        286.551126110741        461264561.776379     
   121.658410629637        305.353210504154        485350440.911735     
   121.782299031500        266.208157114310        447285155.486968     
   121.906187433363        331.831268857685        480426788.757993     
   122.030075835227        304.474355138658        475277748.787099     
   122.153964237090        295.677652249662        439992055.662116     
   122.277852638953        306.848586917531        473303637.325000     
   122.401741040816        305.173859157494        480609968.864882     
   122.525629442679        296.429360087228        476799112.285921     
   122.649517844543        307.893366088127        484661627.459241     
   122.773406246406        295.976661548053        461858541.351587     
   122.897294648269        300.509069614711        476229383.289635     
   123.021183050132        306.063753092245        492323535.016556     
   123.145071451995        298.311889510951        486026054.519620     
   123.268959853858        292.295110669321        466436953.127517     
   123.392848255722        312.878136196733        481690955.933146     
   123.516736657585        309.350807373308        479290011.191716     
   123.640625059448        301.184605740069        497155869.218333     
   123.764513461311        313.327744531415        516148441.360084     
   123.888401863174        284.466174850871        459964891.548742     
