  0.123888401863174        4.15113061251732     
  0.247776803726349        4.12319393310078     
  0.371665205589523        4.17488955606452     
  0.495553607452697        4.18710037959034     
  0.619442009315871        4.26610176083136     
  0.743330411179046        4.59581446541481     
  0.867218813042220        4.31212450437147     
  0.991107214905394        4.43259697209117     
   1.11499561676857        4.31149440805836     
   1.23888401863174        4.43262188990348     
   1.36277242049492        4.29575562648700     
   1.48666082235809        4.32724430527603     
   1.61054922422127        4.13099565008907     
   1.73443762608444        4.12603693692955     
   1.85832602794761        4.29322524487259     
   1.98221442981079        4.48756818168498     
   2.10610283167396        4.53944058518909     
   2.22999123353714        4.79900700222991     
   2.35387963540031        4.30376562348835     
   2.47776803726349        4.21860523403862     
   2.60165643912666        4.21732844560607     
   2.72554484098983        4.16150752880896     
   2.84943324285301        4.58720020841455     
   2.97332164471618        4.26848804025696     
   3.09721004657936        4.65069012813348     
   3.22109844844253        4.47506740336525     
   3.34498685030571        4.64953675951623     
   3.46887525216888        4.47368570890096     
   3.59276365403205        3.85253863457355     
   3.71665205589523        4.03307387973930     
   3.84054045775840        4.04366836397934     
   3.96442885962158        4.41797670425116     
   4.08831726148475        4.40571970547279     
   4.21220566334793        4.04540432286448     
   4.33609406521110        4.43355087021830     
   4.45998246707427        4.45802060368764     
   4.58387086893745        4.18985244616819     
   4.70775927080062        4.38280694962457     
   4.83164767266380        4.26795731045586     
   4.95553607452697        4.50041411982181     
   5.07942447639014        4.14189730383915     
   5.20331287825332        4.29278811615063     
   5.32720128011649        4.45789860686833     
   5.45108968197967        4.07947159211407     
   5.57497808384284        4.23261104816070     
   5.69886648570602        4.01400267681200     
   5.82275488756919        4.23230114738492     
   5.94664328943237        4.25867433918348     
   6.07053169129554        4.01490466602408     
   6.19442009315871        4.40797556110278     
   6.31830849502189        4.09119421586966     
   6.44219689688506        4.38499044120233     
   6.56608529874824        4.73566544233131     
   6.68997370061141        4.34228261445933     
   6.81386210247458        4.30271422660739     
   6.93775050433776        4.33424306999381     
   7.06163890620093        4.46296454778068     
   7.18552730806411        4.75060655507105     
   7.30941570992728        4.16799491543556     
   7.43330411179046        4.20495792131467     
   7.55719251365363        4.30334529905515     
   7.68108091551681        4.02713077744299     
   7.80496931737998        4.41810748545676     
   7.92885771924315        4.47625731177370     
   8.05274612110633        4.33877648225153     
   8.17663452296950        4.31181060399276     
   8.30052292483268        4.32006813385513     
   8.42441132669585        4.70282855669204     
   8.54829972855902        4.22104615463934     
   8.67218813042220        4.14873040965134     
   8.79607653228537        4.12880623009446     
   8.91996493414855        4.48880368577923     
   9.04385333601172        4.00195563942622     
   9.16774173787490        4.30221593714447     
   9.29163013973807        4.37847900935089     
   9.41551854160124        4.05480226007913     
   9.53940694346442        4.28118090474873     
   9.66329534532759        4.24941202880040     
   9.78718374719077        4.33973033911840     
   9.91107214905394        4.51465339837346     
   10.0349605509171        4.30846216294140     
   10.1588489527803        4.24307299340008     
   10.2827373546435        3.90463214776673     
   10.4066257565066        4.29091448552958     
   10.5305141583698        4.57133646559239     
   10.6544025602330        4.32005668260505     
   10.7782909620962        4.43166369104376     
   10.9021793639593        4.16113105870163     
   11.0260677658225        4.42068689732387     
   11.1499561676857        4.46654466250378     
   11.2738445695489        4.26734901205486     
   11.3977329714120        4.22593792817625     
   11.5216213732752        4.41508203194973     
   11.6455097751384        4.50606560900846     
   11.7693981770016        4.44652579577909     
   11.8932865788647        4.65605428574673     
   12.0171749807279        4.27332459786198     
   12.1410633825911        4.14923652215023     
   12.2649517844543        4.24366795556437     
   12.3888401863174        4.10181455581072     
   12.5127285881806        4.80063790943101     
   12.6366169900438        4.24119646303314     
   12.7605053919069        4.05456892413719     
   12.8843937937701        4.32223046898525     
   13.0082821956333        4.29791961951975     
   13.1321705974965        4.33345605177380     
   13.2560589993596        4.23485447291684     
   13.3799474012228        4.21165766525004     
   13.5038358030860        4.30635438043230     
   13.6277242049492        4.32439234567590     
   13.7516126068123        4.87184463587004     
   13.8755010086755        4.31431099191665     
   13.9993894105387        4.51855723743868     
   14.1232778124019        4.80615015236422     
   14.2471662142650        4.28926657160513     
   14.3710546161282        4.29698788771347     
   14.4949430179914        4.48255597437268     
   14.6188314198546        4.15332302812160     
   14.7427198217177        4.21820580956267     
   14.8666082235809        4.52733593205622     
   14.9904966254441        4.74211515602956     
   15.1143850273073        4.44504036063548     
   15.2382734291704        4.30206331963496     
   15.3621618310336        4.29383470679465     
   15.4860502328968        4.25773529784463     
   15.6099386347600        4.56432757766158     
   15.7338270366231        4.49404395137717     
   15.8577154384863        4.05308731353001     
   15.9816038403495        4.28162844754499     
   16.1054922422127        4.26663620956181     
   16.2293806440758        4.35697291302658     
   16.3532690459390        4.46118071908961     
   16.4771574478022        4.64105235586056     
   16.6010458496654        4.02302620157092     
   16.7249342515285        3.97162939051280     
   16.8488226533917        4.23881857307920     
   16.9727110552549        4.51576119989948     
   17.0965994571180        4.30651403759344     
   17.2204878589812        4.49755583109254     
   17.3443762608444        4.51408316084786     
   17.4682646627076        4.35963378007362     
   17.5921530645707        4.27336538524120     
   17.7160414664339        4.07420545797544     
   17.8399298682971        4.11093854454644     
   17.9638182701603        4.19145734585305     
   18.0877066720234        4.49122432754111     
   18.2115950738866        4.48770298185992     
   18.3354834757498        4.61818370001207     
   18.4593718776130        4.23215353138970     
   18.5832602794761        4.59254472537764     
   18.7071486813393        4.57837268423537     
   18.8310370832025        4.50368461316612     
   18.9549254850657        4.13069217045523     
   19.0788138869288        4.27011441625007     
   19.2027022887920        4.28455239427493     
   19.3265906906552        4.08945359631579     
   19.4504790925184        4.20285560995784     
   19.5743674943815        4.34569948282088     
   19.6982558962447        4.47475404266753     
   19.8221442981079        4.34173185232661     
   19.9460326999711        4.49523091243767     
   20.0699211018342        4.44896131521254     
   20.1938095036974        4.35547842298804     
   20.3176979055606        4.63783341507444     
   20.4415863074238        4.59039160671327     
   20.5654747092869        4.22747478642427     
   20.6893631111501        4.18245688802532     
   20.8132515130133        4.07856139928743     
   20.9371399148765        4.48566511648956     
   21.0610283167396        4.14206903037077     
   21.1849167186028        4.26670416804640     
   21.3088051204660        4.44410218603590     
   21.4326935223291        4.20969423337201     
   21.5565819241923        4.39151201877413     
   21.6804703260555        4.39063222845622     
   21.8043587279187        4.20916412604755     
   21.9282471297818        4.03839243309529     
   22.0521355316450        4.24677721571851     
   22.1760239335082        4.22578957730519     
   22.2999123353714        4.19361891626472     
   22.4238007372345        4.29054328364072     
   22.5476891390977        4.27280191456673     
   22.6715775409609        4.53827307350468     
   22.7954659428241        4.52546820801956     
   22.9193543446872        4.40029173297843     
   23.0432427465504        4.52222665292142     
   23.1671311484136        4.28035919109373     
   23.2910195502768        4.30546463917550     
   23.4149079521399        4.46162515999600     
   23.5387963540031        4.39076426163361     
   23.6626847558663        4.25862864931916     
   23.7865731577295        4.20321130987034     
   23.9104615595926        4.29077743647732     
   24.0343499614558        4.25230812642364     
   24.1582383633190        4.16379512773069     
   24.2821267651822        4.23245193323796     
   24.4060151670453        4.17222209151048     
   24.5299035689085        4.38296888626495     
   24.6537919707717        4.11435332196016     
   24.7776803726349        4.54215708937539     
   24.9015687744980        4.33973077191599     
   25.0254571763612        4.05909078825193     
   25.1493455782244        4.27674959036970     
   25.2732339800876        4.32681583838072     
   25.3971223819507        4.48239680630632     
   25.5210107838139        4.42696408213119     
   25.6448991856771        4.34375367256913     
   25.7687875875402        4.27385129349675     
   25.8926759894034        4.30841515905582     
   26.0165643912666        4.21939108985682     
   26.1404527931298        4.26437130770919     
   26.2643411949929        3.98809358811170     
   26.3882295968561        3.99654870152502     
   26.5121179987193        4.38503181271884     
   26.6360064005825        4.25024637620581     
   26.7598948024456        4.51060958157549     
   26.8837832043088        4.49513379012155     
   27.0076716061720        4.21312656261520     
   27.1315600080352        4.27086178797492     
   27.2554484098983        4.30230603919969     
   27.3793368117615        4.33117061891310     
   27.5032252136247        4.20881047840816     
   27.6271136154879        4.45545766640577     
   27.7510020173510        4.46664885500713     
   27.8748904192142        4.30158751369255     
   27.9987788210774        4.36623495544508     
   28.1226672229406        4.10041171969985     
   28.2465556248037        4.55318140746306     
   28.3704440266669        4.14097789072617     
   28.4943324285301        4.14850151077022     
   28.6182208303933        4.66924763044073     
   28.7421092322564        3.94269177639991     
   28.8659976341196        4.40008738672666     
   28.9898860359828        4.43552414743954     
   29.1137744378460        4.31073339783113     
   29.2376628397091        4.37156878233561     
   29.3615512415723        4.17633918346604     
   29.4854396434355        4.57823220468640     
   29.6093280452987        4.46618633511280     
   29.7332164471618        4.33207244103980     
   29.8571048490250        4.47021243957614     
   29.9809932508882        4.37221889576592     
   30.1048816527513        4.18369891427020     
   30.2287700546145        4.01510200946931     
   30.3526584564777        4.40968049310872     
   30.4765468583409        4.32374989460055     
   30.6004352602040        4.50387847837520     
   30.7243236620672        4.37751134212198     
   30.8482120639304        4.18764550194317     
   30.9721004657936        4.36658484376323     
   31.0959888676567        4.58279195470368     
   31.2198772695199        4.51056168941496     
   31.3437656713831        4.29451015795874     
   31.4676540732463        4.22902713628254     
   31.5915424751094        4.08992175080582     
   31.7154308769726        4.22121113645842     
   31.8393192788358        4.26424261862965     
   31.9632076806990        4.27971028542443     
   32.0870960825621        4.31192988351295     
   32.2109844844253        4.24542863796871     
   32.3348728862885        4.36137267358538     
   32.4587612881517        4.19406674256991     
   32.5826496900148        4.31415502846066     
   32.7065380918780        4.17953095785341     
   32.8304264937412        4.73392940301968     
   32.9543148956044        4.26405557440632     
   33.0782032974675        4.33774188200853     
   33.2020916993307        4.35434401106001     
   33.3259801011939        4.35188544994045     
   33.4498685030571        4.54800257429040     
   33.5737569049202        4.16642007812016     
   33.6976453067834        4.33272760798204     
   33.8215337086466        4.45661981930233     
   33.9454221105098        4.16645539202880     
   34.0693105123729        4.45562664260587     
   34.1931989142361        4.25083628315705     
   34.3170873160993        4.48136597142541     
   34.4409757179624        4.13237116179958     
   34.5648641198256        4.31969160891394     
   34.6887525216888        4.46365230023248     
   34.8126409235520        4.34374921213278     
   34.9365293254151        4.30782407581767     
   35.0604177272783        4.08511299734880     
   35.1843061291415        4.46097471266896     
   35.3081945310047        4.68399970194249     
   35.4320829328678        4.22612274220892     
   35.5559713347310        4.29125241160362     
   35.6798597365942        4.28678274986912     
   35.8037481384574        4.37183838529526     
   35.9276365403205        4.61109640512213     
   36.0515249421837        4.23259001738536     
   36.1754133440469        4.35027220054217     
   36.2993017459101        4.58625459981805     
   36.4231901477732        4.30810135846312     
   36.5470785496364        4.45609158624230     
   36.6709669514996        4.31856758034232     
   36.7948553533628        4.37064303770675     
   36.9187437552259        4.32234725361892     
   37.0426321570891        4.16214250695605     
   37.1665205589523        4.45413777706179     
   37.2904089608155        4.46868172975090     
   37.4142973626786        4.25979461185238     
   37.5381857645418        4.31390455935949     
   37.6620741664050        4.23500698317804     
   37.7859625682682        4.04527766936858     
   37.9098509701313        4.37892064446655     
   38.0337393719945        4.34556022094578     
   38.1576277738577        4.26071297096298     
   38.2815161757209        4.06885045484688     
   38.4054045775840        4.18919790800123     
   38.5292929794472        4.27764538632399     
   38.6531813813104        4.03810463566452     
   38.7770697831735        4.49268931271035     
   38.9009581850367        4.23367980179067     
   39.0248465868999        4.30017770630079     
   39.1487349887631        4.49160121582467     
   39.2726233906262        4.28239680910702     
   39.3965117924894        4.44652339532176     
   39.5204001943526        4.38682236270481     
   39.6442885962158        4.15699790059343     
   39.7681769980789        4.32774375538378     
   39.8920653999421        4.60166801793454     
   40.0159538018053        4.43636382587408     
   40.1398422036685        4.00349887600602     
   40.2637306055316        4.59326913550283     
   40.3876190073948        4.10080076905511     
   40.5115074092580        4.47341189948834     
   40.6353958111212        4.08650663017160     
   40.7592842129843        4.48537627102147     
   40.8831726148475        4.67939438651236     
   41.0070610167107        4.17727370720309     
   41.1309494185739        4.08685481647507     
   41.2548378204370        4.39441414277084     
   41.3787262223002        4.25117582264416     
   41.5026146241634        4.19204857592667     
   41.6265030260266        4.52257449261477     
   41.7503914278897        4.12515664391344     
   41.8742798297529        4.73317846495840     
   41.9981682316161        4.52790171869028     
   42.1220566334793        4.55594568902402     
   42.2459450353424        4.54675782943614     
   42.3698334372056        4.39015903974682     
   42.4937218390688        4.30222400419261     
   42.6176102409319        4.32054789979660     
   42.7414986427951        4.15779357326358     
   42.8653870446583        4.42562663703481     
   42.9892754465215        4.75108188064970     
   43.1131638483847        4.15071368254080     
   43.2370522502478        4.06346273172100     
   43.3609406521110        4.28956810092498     
   43.4848290539742        4.27424421072921     
   43.6087174558373        4.22824100354032     
   43.7326058577005        4.24948443759549     
   43.8564942595637        4.60839596697784     
   43.9803826614269        4.26136266271851     
   44.1042710632900        4.30146282206636     
   44.2281594651532        4.57164634039481     
   44.3520478670164        4.44087358733709     
   44.4759362688796        4.36154333090990     
   44.5998246707427        4.36688799500689     
   44.7237130726059        4.64498392506436     
   44.8476014744691        4.55443394681991     
   44.9714898763323        4.41768157511523     
   45.0953782781954        4.22736817350381     
   45.2192666800586        4.63087903356697     
   45.3431550819218        4.26884143269192     
   45.4670434837850        4.15939255151810     
   45.5909318856481        4.19784138157160     
   45.7148202875113        4.27348803471269     
   45.8387086893745        4.62303353766831     
   45.9625970912377        4.24658331510516     
   46.0864854931008        4.26222150117909     
   46.2103738949640        4.52650465117209     
   46.3342622968272        4.28951426669024     
   46.4581506986904        4.20639063976398     
   46.5820391005535        4.17797456241508     
   46.7059275024167        4.22754259893969     
   46.8298159042799        4.34842219896018     
   46.9537043061430        4.43092049055312     
   47.0775927080062        4.32591939127325     
   47.2014811098694        4.15578926141231     
   47.3253695117326        4.24140603383625     
   47.4492579135958        4.69324833029038     
   47.5731463154589        4.18217594658497     
   47.6970347173221        4.56763765402087     
   47.8209231191853        4.46212634641824     
   47.9448115210484        4.44051134258043     
   48.0686999229116        4.39358131500341     
   48.1925883247748        4.62506270697279     
   48.3164767266380        4.15983916945602     
   48.4403651285011        4.45875174224822     
   48.5642535303643        4.41031928626846     
   48.6881419322275        4.20044637039054     
   48.8120303340907        4.40178045921421     
   48.9359187359538        4.46268328077311     
   49.0598071378170        4.00483528920184     
   49.1836955396802        4.35152135010264     
   49.3075839415434        4.18090114357781     
   49.4314723434065        4.18841464739626     
   49.5553607452697        4.20849441344782     
   49.6792491471329        4.34366484816903     
   49.8031375489961        4.31800937064601     
   49.9270259508592        4.24601114484046     
   50.0509143527224        4.43767785904208     
   50.1748027545856        4.25170928479261     
   50.2986911564488        4.22398965209272     
   50.4225795583119        4.49736360945514     
   50.5464679601751        4.24952385087331     
   50.6703563620383        4.23675357704272     
   50.7942447639015        4.34081921339796     
   50.9181331657646        4.35128604270230     
   51.0420215676278        4.35453606563607     
   51.1659099694910        4.54405143847607     
   51.2897983713541        4.46541144188375     
   51.4136867732173        4.57668598910577     
   51.5375751750805        4.22990603973589     
   51.6614635769437        4.39210266882169     
   51.7853519788069        4.38266927028467     
   51.9092403806700        4.29772369945728     
   52.0331287825332        4.24867389992522     
   52.1570171843964        4.52314987121879     
   52.2809055862595        4.32490964472973     
   52.4047939881227        4.25439902742832     
   52.5286823899859        4.48878736944628     
   52.6525707918491        3.94964334128726     
   52.7764591937122        4.37431550036888     
   52.9003475955754        4.33376499076823     
   53.0242359974386        4.50389807944627     
   53.1481243993018        4.55566694535908     
   53.2720128011649        4.11872470692972     
   53.3959012030281        4.23634193324737     
   53.5197896048913        4.64087728990550     
   53.6436780067545        4.55373172153640     
   53.7675664086176        4.35813841463922     
   53.8914548104808        4.41756900478511     
   54.0153432123440        4.49409122615846     
   54.1392316142072        4.18866940674232     
   54.2631200160703        4.54082944035907     
   54.3870084179335        4.33520557430111     
   54.5108968197967        4.40008971005430     
   54.6347852216599        4.56470440172155     
   54.7586736235230        4.22410050301542     
   54.8825620253862        4.33712225118068     
   55.0064504272494        4.30335121348267     
   55.1303388291126        4.47069059059650     
   55.2542272309757        4.47491059241650     
   55.3781156328389        4.29045686532877     
   55.5020040347021        4.12046991583078     
   55.6258924365652        4.45780496421958     
   55.7497808384284        4.64506720259412     
   55.8736692402916        4.27894961575852     
   55.9975576421548        4.62759473932665     
   56.1214460440180        4.40751277613302     
   56.2453344458811        4.22222477176036     
   56.3692228477443        4.33842261126131     
   56.4931112496075        4.27880154527586     
   56.6169996514706        4.24827421059037     
   56.7408880533338        4.39964059489714     
   56.8647764551970        4.75837141393788     
   56.9886648570602        4.62290732633637     
   57.1125532589233        4.40078403110906     
   57.2364416607865        4.46417005483282     
   57.3603300626497        4.35381043085532     
   57.4842184645129        3.94054697875872     
   57.6081068663760        4.40971833131806     
   57.7319952682392        4.28340183750694     
   57.8558836701024        4.31412014048989     
   57.9797720719656        4.46169102678569     
   58.1036604738287        4.57609240103885     
   58.2275488756919        4.13772698190276     
   58.3514372775551        4.26385132215148     
   58.4753256794183        4.28632238242224     
   58.5992140812814        4.44853411401091     
   58.7231024831446        4.14340441188712     
   58.8469908850078        4.20302760865333     
   58.9708792868710        4.45492805565368     
   59.0947676887341        4.24374606479522     
   59.2186560905973        4.31097492006185     
   59.3425444924605        4.24076035954055     
   59.4664328943236        4.46231223540339     
   59.5903212961868        4.42573655583899     
   59.7142096980500        4.40154719756680     
   59.8380980999132        4.24764086558458     
   59.9619865017763        4.46940830263441     
   60.0858749036395        4.14179603765249     
   60.2097633055027        4.33745074104869     
   60.3336517073659        4.39802419262563     
   60.4575401092291        4.50962189993070     
   60.5814285110922        4.46739595216683     
   60.7053169129554        4.39970793829879     
   60.8292053148186        4.45315666440032     
   60.9530937166817        4.31201410073110     
   61.0769821185449        4.50779056840401     
   61.2008705204081        4.26980461384060     
   61.3247589222713        4.34472954132287     
   61.4486473241344        4.35870492364894     
   61.5725357259976        4.58364273149038     
   61.6964241278608        4.05265562753271     
   61.8203125297240        4.36513114995665     
   61.9442009315871        4.24854588604235     
   62.0680893334503        4.44770783950814     
   62.1919777353135        4.37122350169250     
   62.3158661371767        4.28021233004967     
   62.4397545390398        4.49877114082664     
   62.5636429409030        4.28435468121961     
   62.6875313427662        4.30143032845491     
   62.8114197446294        4.36047843272157     
   62.9353081464925        4.33096258482271     
   63.0591965483557        4.35467976479980     
   63.1830849502189        4.50089882014323     
   63.3069733520821        4.19709477462074     
   63.4308617539452        4.66392200318801     
   63.5547501558084        4.25964552879477     
   63.6786385576716        4.40006942974459     
   63.8025269595347        4.42397039414365     
   63.9264153613979        4.33749796986147     
   64.0503037632611        4.47271311939593     
   64.1741921651243        4.55181114819150     
   64.2980805669874        4.18794463844044     
   64.4219689688506        4.47867321592167     
   64.5458573707138        4.28418194035806     
   64.6697457725770        4.49553627088036     
   64.7936341744401        4.53001338037959     
   64.9175225763033        4.49199831848992     
   65.0414109781665        4.25123974056223     
   65.1652993800297        4.48578503101145     
   65.2891877818928        4.25056199639030     
   65.4130761837560        4.33033618068306     
   65.5369645856192        4.49450118904565     
   65.6608529874824        4.44354844353748     
   65.7847413893455        4.48264270119896     
   65.9086297912087        4.35816619422579     
   66.0325181930719        4.49967184843397     
   66.1564065949351        4.43348257400776     
   66.2802949967982        4.38847242493689     
   66.4041833986614        4.46629305331958     
   66.5280718005246        4.51537093075354     
   66.6519602023878        4.54451540708224     
   66.7758486042509        4.28966963668129     
   66.8997370061141        4.20479993401494     
   67.0236254079773        4.56522830703295     
   67.1475138098405        4.28822287589388     
   67.2714022117036        4.49862780353063     
   67.3952906135668        4.20609737214190     
   67.5191790154300        4.41314801494127     
   67.6430674172932        4.10988508145020     
   67.7669558191563        4.33118279535798     
   67.8908442210195        3.89810582814490     
   68.0147326228827        4.54475485831425     
   68.1386210247458        4.20034828020933     
   68.2625094266090        4.52606899722102     
   68.3863978284722        4.40572919464537     
   68.5102862303354        4.46581050334933     
   68.6341746321985        4.46134151999517     
   68.7580630340617        4.24165555028111     
   68.8819514359249        4.14991525220121     
   69.0058398377881        4.27006004760782     
   69.1297282396512        4.16431127934965     
   69.2536166415144        4.58470535818976     
   69.3775050433776        4.39485738964852     
   69.5013934452408        4.27581057130743     
   69.6252818471039        4.63804617685102     
   69.7491702489671        4.36400969861516     
   69.8730586508303        4.57879729272948     
   69.9969470526935        4.36932226227144     
   70.1208354545566        4.50582411083778     
   70.2447238564198        4.55726589668435     
   70.3686122582830        4.37063304667948     
   70.4925006601462        4.57903847777056     
   70.6163890620093        4.31347588301089     
   70.7402774638725        4.44929634852457     
   70.8641658657357        4.17428419741340     
   70.9880542675989        4.14693333016963     
   71.1119426694620        4.15745031420821     
   71.2358310713252        4.52257306856641     
   71.3597194731884        4.52325657346810     
   71.4836078750516        4.56408161940291     
   71.6074962769147        4.34543354738213     
   71.7313846787779        4.02907826819830     
   71.8552730806411        4.41659771465130     
   71.9791614825043        4.33463435831742     
   72.1030498843674        4.18631804526023     
   72.2269382862306        4.73104877555088     
   72.3508266880938        4.27207470522101     
   72.4747150899569        4.56146110373004     
   72.5986034918201        4.48589335580958     
   72.7224918936833        4.41373551886971     
   72.8463802955465        4.35809868087958     
   72.9702686974096        4.32495562598983     
   73.0941570992728        4.23794282106084     
   73.2180455011360        4.53117080344925     
   73.3419339029992        4.05774959087054     
   73.4658223048623        4.28638762882341     
   73.5897107067255        4.16770787743645     
   73.7135991085887        4.36387663768818     
   73.8374875104519        4.50382964554814     
   73.9613759123150        4.36296026538650     
   74.0852643141782        4.53232302594191     
   74.2091527160414        4.33219968259289     
   74.3330411179046        4.12470773219561     
   74.4569295197677        4.40873924647897     
   74.5808179216309        4.72018104681041     
   74.7047063234941        4.35567540782932     
   74.8285947253573        4.17137299504041     
   74.9524831272204        4.22005126114910     
   75.0763715290836        4.23782822645211     
   75.2002599309468        4.49052849321185     
   75.3241483328100        4.64361185478789     
   75.4480367346731        4.51197323877711     
   75.5719251365363        4.14130736748222     
   75.6958135383995        4.16634807270604     
   75.8197019402627        4.17267912235566     
   75.9435903421258        4.56671979340441     
   76.0674787439890        4.32577047808161     
   76.1913671458522        4.52841544678281     
   76.3152555477154        4.53369534350495     
   76.4391439495785        4.42927201777435     
   76.5630323514417        4.27597898356922     
   76.6869207533049        4.58279356734499     
   76.8108091551680        4.25778871026073     
   76.9346975570312        4.46450446422582     
   77.0585859588944        4.25294557076261     
   77.1824743607576        4.35410632419475     
   77.3063627626207        4.33313097154398     
   77.4302511644839        4.24811896029475     
   77.5541395663471        4.38444950417683     
   77.6780279682103        4.15021685068572     
   77.8019163700734        4.22833831878725     
   77.9258047719366        4.17524268161787     
   78.0496931737998        4.31717344297945     
   78.1735815756630        4.50398541387175     
   78.2974699775261        4.44241580555184     
   78.4213583793893        4.64029150025760     
   78.5452467812525        4.33704930907162     
   78.6691351831157        4.63248129404440     
   78.7930235849788        4.00092411916479     
   78.9169119868420        4.32628365386481     
   79.0408003887052        4.43861032600515     
   79.1646887905684        4.23678744580619     
   79.2885771924315        4.41399875545708     
   79.4124655942947        4.37362078715060     
   79.5363539961579        4.58513136933102     
   79.6602423980211        4.26698196903097     
   79.7841307998842        4.49198629862984     
   79.9080192017474        4.28846241495276     
   80.0319076036106        4.34268591195546     
   80.1557960054738        4.42848751961548     
   80.2796844073369        4.34254559604417     
   80.4035728092001        4.57207055370244     
   80.5274612110633        4.46481856613095     
   80.6513496129264        4.28121168933804     
   80.7752380147896        4.19860510254334     
   80.8991264166528        4.42127597476880     
   81.0230148185160        4.48727267784858     
   81.1469032203791        4.18290581884400     
   81.2707916222423        4.24914679171171     
   81.3946800241055        4.50566648103674     
   81.5185684259687        4.17730493536791     
   81.6424568278319        4.36278136911575     
   81.7663452296950        4.26551061304204     
   81.8902336315582        4.33994075583089     
   82.0141220334214        4.42569345086071     
   82.1380104352845        4.35976369272603     
   82.2618988371477        4.51553697347052     
   82.3857872390109        4.61318920524111     
   82.5096756408741        4.28037175859415     
   82.6335640427372        4.48141733835918     
   82.7574524446004        4.73021183633379     
   82.8813408464636        4.45970497101587     
   83.0052292483268        4.42358293798122     
   83.1291176501899        4.11981232988158     
   83.2530060520531        4.31977584771969     
   83.3768944539163        4.40569816413713     
   83.5007828557795        4.45675027607961     
   83.6246712576426        3.91017807543174     
   83.7485596595058        4.30649837760079     
   83.8724480613690        4.17769697505153     
   83.9963364632322        4.39699361359305     
   84.1202248650953        4.05518914847148     
   84.2441132669585        4.41248513433758     
   84.3680016688217        4.32841318434541     
   84.4918900706849        4.13787804017799     
   84.6157784725480        4.23924041564526     
   84.7396668744112        4.23448602046085     
   84.8635552762744        4.57050996588353     
   84.9874436781376        4.31269040656099     
   85.1113320800007        4.70924789354153     
   85.2352204818639        4.47765010669491     
   85.3591088837271        4.33269777741548     
   85.4829972855902        4.68461970163804     
   85.6068856874534        4.45341626206073     
   85.7307740893166        4.39086460133753     
   85.8546624911798        4.25982352165396     
   85.9785508930430        4.58808093223495     
   86.1024392949061        4.18035086989257     
   86.2263276967693        4.42769936764448     
   86.3502160986325        4.24758178448489     
   86.4741045004956        4.29130630318998     
   86.5979929023588        4.63983356180474     
   86.7218813042220        4.21287970256380     
   86.8457697060852        4.46283822205603     
   86.9696581079483        4.20399695204209     
   87.0935465098115        4.27225400095629     
   87.2174349116747        4.12315817213301     
   87.3413233135379        4.32025948350131     
   87.4652117154010        4.35657304009161     
   87.5891001172642        4.59441709725774     
   87.7129885191274        4.41553872633211     
   87.8368769209906        4.24418526438782     
   87.9607653228537        4.16910149310561     
   88.0846537247169        4.35326590496807     
   88.2085421265801        4.21359692622842     
   88.3324305284433        4.35411976403256     
   88.4563189303064        4.33389941654056     
   88.5802073321696        4.38803474730606     
   88.7040957340328        4.11647583300262     
   88.8279841358960        4.29119260038931     
   88.9518725377591        4.54208616119513     
   89.0757609396223        4.40751190385010     
   89.1996493414855        4.31501477609975     
   89.3235377433487        4.51966545482439     
   89.4474261452118        4.52794929520246     
   89.5713145470750        4.60846735757026     
   89.6952029489382        4.70421406879293     
   89.8190913508013        4.51225959431438     
   89.9429797526645        4.19666554369154     
   90.0668681545277        4.23282624661874     
   90.1907565563909        4.47633853634149     
   90.3146449582540        4.29854886679822     
   90.4385333601172        4.31282669517698     
   90.5624217619804        3.99447009733942     
   90.6863101638436        4.23586196162006     
   90.8101985657067        4.26448832850983     
   90.9340869675699        4.30132688859652     
   91.0579753694331        4.12600631572560     
   91.1818637712963        4.32957437109869     
   91.3057521731594        4.25554574508804     
   91.4296405750226        4.32454986140690     
   91.5535289768858        4.39752807670981     
   91.6774173787490        4.53314117273661     
   91.8013057806121        4.55298760117609     
   91.9251941824753        4.26050334377332     
   92.0490825843385        4.28078668147314     
   92.1729709862017        4.17500495023175     
   92.2968593880648        4.19677877540898     
   92.4207477899280        4.46146991926997     
   92.5446361917912        4.36208988855994     
   92.6685245936544        4.13115499420186     
   92.7924129955175        4.60569849322773     
   92.9163013973807        4.42575605582884     
   93.0401897992439        4.23813425879410     
   93.1640782011071        4.30071928017348     
   93.2879666029702        4.10523673386034     
   93.4118550048334        4.15548010167716     
   93.5357434066966        4.22081563391843     
   93.6596318085598        4.60572994609172     
   93.7835202104229        4.30305353199023     
   93.9074086122861        4.32299780656658     
   94.0312970141493        4.60330917752377     
   94.1551854160124        4.83972406042534     
   94.2790738178756        4.50895189599127     
   94.4029622197388        4.34610170512832     
   94.5268506216020        4.38300026863749     
   94.6507390234651        4.17083951993548     
   94.7746274253283        4.19365321775631     
   94.8985158271915        4.26499669447898     
   95.0224042290547        4.41104697320085     
   95.1462926309178        4.13793369382301     
   95.2701810327810        4.29156539120470     
   95.3940694346442        4.43026258847054     
   95.5179578365074        4.11242993435857     
   95.6418462383705        4.47312749193680     
   95.7657346402337        4.43084952507447     
   95.8896230420969        4.23778284660107     
   96.0135114439601        4.35205453694902     
   96.1373998458232        4.10969151135532     
   96.2612882476864        4.41993779607088     
   96.3851766495496        4.33862599218071     
   96.5090650514128        4.19737703054976     
   96.6329534532759        4.58317750169661     
   96.7568418551391        4.25653703431933     
   96.8807302570023        4.15820974295457     
   97.0046186588655        4.09644734494420     
   97.1285070607286        4.44080003352882     
   97.2523954625918        4.30520419068039     
   97.3762838644550        4.14482190660434     
   97.5001722663182        4.21399113810894     
   97.6240606681813        4.37636708478062     
   97.7479490700445        4.44871182260215     
   97.8718374719077        4.59233710206578     
   97.9957258737709        4.26507909218029     
   98.1196142756340        4.10818142874938     
   98.2435026774972        4.60448819494271     
   98.3673910793604        4.37202653403643     
   98.4912794812235        4.51927828263870     
   98.6151678830867        4.23933186771605     
   98.7390562849499        4.44765797354621     
   98.8629446868131        4.23504185761238     
   98.9868330886762        4.82796592960721     
   99.1107214905394        4.00033430723596     
   99.2346098924026        4.28613948030885     
   99.3584982942658        4.08138148640050     
   99.4823866961289        4.39902148890209     
   99.6062750979921        4.50641865867505     
   99.7301634998553        4.34659773234918     
   99.8540519017185        4.62697724569116     
   99.9779403035816        4.29370082172145     
   100.101828705445        4.31428779898446     
   100.225717107308        4.57787556979702     
   100.349605509171        4.80833430696586     
   100.473493911034        4.55229600014923     
   100.597382312898        4.45974392639271     
   100.721270714761        4.73422348937376     
   100.845159116624        4.25409794809740     
   100.969047518487        4.35483180122981     
   101.092935920350        4.57997124561134     
   101.216824322213        4.22767928764992     
   101.340712724077        4.39254595347271     
   101.464601125940        4.30856199589511     
   101.588489527803        4.43881816000440     
   101.712377929666        4.38367107934703     
   101.836266331529        4.37291850331102     
   101.960154733392        4.60716079780962     
   102.084043135256        4.27741983946372     
   102.207931537119        4.44001087033203     
   102.331819938982        4.36169536682548     
   102.455708340845        4.52254032585096     
   102.579596742708        4.44122300830880     
   102.703485144571        4.38963602120692     
   102.827373546435        4.35480651285285     
   102.951261948298        4.88038044165126     
   103.075150350161        4.41852546363730     
   103.199038752024        4.34694117515673     
   103.322927153887        4.18286654831432     
   103.446815555751        4.58695188370545     
   103.570703957614        4.62004181751400     
   103.694592359477        4.48123594253719     
   103.818480761340        4.50604378385896     
   103.942369163203        4.36475204729087     
   104.066257565066        4.56866251494935     
   104.190145966930        4.15548895062667     
   104.314034368793        4.01970856561008     
   104.437922770656        4.19981057045996     
   104.561811172519        4.34118898792315     
   104.685699574382        4.38991299886129     
   104.809587976245        4.73668137573563     
   104.933476378109        4.52644165760201     
   105.057364779972        4.40911168848241     
   105.181253181835        4.87559344250028     
   105.305141583698        4.24584690539249     
   105.429029985561        4.47712170878135     
   105.552918387424        4.42235110323177     
   105.676806789288        4.39968776624211     
   105.800695191151        4.36794580111291     
   105.924583593014        4.29413383705622     
   106.048471994877        4.51757695156638     
   106.172360396740        4.25698964789362     
   106.296248798604        4.05427804014995     
   106.420137200467        4.35345188600845     
   106.544025602330        4.14105258387952     
   106.667914004193        4.27157573909891     
   106.791802406056        4.42376563680294     
   106.915690807919        4.00724340752383     
   107.039579209783        4.41835387837273     
   107.163467611646        4.49883335604657     
   107.287356013509        4.10524541079699     
   107.411244415372        4.28524066478815     
   107.535132817235        4.42043551806948     
   107.659021219098        4.46916848119271     
   107.782909620962        4.34420471888056     
   107.906798022825        4.47739752601216     
   108.030686424688        4.32683432911461     
   108.154574826551        4.24121457436412     
   108.278463228414        4.19748795733331     
   108.402351630277        4.28854703483683     
   108.526240032141        4.50154447273933     
   108.650128434004        4.11254534056997     
   108.774016835867        4.02225248532380     
   108.897905237730        4.31869443393133     
   109.021793639593        4.61490502724809     
   109.145682041457        4.33777597779482     
   109.269570443320        4.49351680531201     
   109.393458845183        4.49122221395326     
   109.517347247046        4.40384562338117     
   109.641235648909        4.35608896927986     
   109.765124050772        4.31783231363306     
   109.889012452636        4.30689784701991     
   110.012900854499        4.59823107266300     
   110.136789256362        4.72151631717384     
   110.260677658225        4.06313416165040     
   110.384566060088        4.74834580235058     
   110.508454461951        4.21483254298372     
   110.632342863815        4.30580559520333     
   110.756231265678        4.13012114457700     
   110.880119667541        4.65674974220446     
   111.004008069404        4.59134410196232     
   111.127896471267        4.08433794015872     
   111.251784873130        4.26950957657123     
   111.375673274994        4.52965399716962     
   111.499561676857        4.04646936625167     
   111.623450078720        4.31501301747812     
   111.747338480583        4.33700416825493     
   111.871226882446        4.21191907281437     
   111.995115284310        4.42120765853762     
   112.119003686173        4.45328954565994     
   112.242892088036        4.33021763444233     
   112.366780489899        4.54754378436565     
   112.490668891762        4.05013198568410     
   112.614557293625        4.08147151968015     
   112.738445695489        4.17568683312410     
   112.862334097352        4.37701017685823     
   112.986222499215        4.10414825650770     
   113.110110901078        4.24562308086432     
   113.233999302941        4.52590264961540     
   113.357887704804        4.13232097609446     
   113.481776106668        4.39498580815726     
   113.605664508531        4.28476207489253     
   113.729552910394        4.22965580834620     
   113.853441312257        4.50817155824287     
   113.977329714120        4.65292884972135     
   114.101218115984        4.40450974037100     
   114.225106517847        4.36627216809018     
   114.348994919710        4.20094223601770     
   114.472883321573        3.98778078551638     
   114.596771723436        4.41461977014837     
   114.720660125299        4.41670038005576     
   114.844548527163        4.58054214915873     
   114.968436929026        4.46780478645317     
   115.092325330889        4.33168303793424     
   115.216213732752        4.32219093527677     
   115.340102134615        4.34552934824270     
   115.463990536478        4.22430050315896     
   115.587878938342        4.30695685305775     
   115.711767340205        4.02228599940126     
   115.835655742068        4.37788012780016     
   115.959544143931        4.50911160089843     
   116.083432545794        3.96717280588144     
   116.207320947657        4.40329954212840     
   116.331209349521        4.43135825416531     
   116.455097751384        4.48181174651529     
   116.578986153247        3.96532097724184     
   116.702874555110        4.40091731041626     
   116.826762956973        4.57315090011416     
   116.950651358837        3.97823287993615     
   117.074539760700        4.47292326937113     
   117.198428162563        4.44509013655732     
   117.322316564426        4.08769516505423     
   117.446204966289        4.63657696972069     
   117.570093368152        4.28960886070863     
   117.693981770016        4.26662688420269     
   117.817870171879        4.33945618091502     
   117.941758573742        4.38621935233462     
   118.065646975605        4.28940976121107     
   118.189535377468        4.09891917849048     
   118.313423779331        4.48472756083184     
   118.437312181195        4.06283999755057     
   118.561200583058        4.51909751163498     
   118.685088984921        4.67222536641340     
   118.808977386784        4.28095833783861     
   118.932865788647        4.35692625743590     
   119.056754190510        4.34623261412146     
   119.180642592374        4.28133527646170     
   119.304530994237        4.42440192327376     
   119.428419396100        4.33380975042933     
   119.552307797963        4.31162691328464     
   119.676196199826        4.47601150036862     
   119.800084601690        4.42432909328780     
   119.923973003553        4.23404178447154     
   120.047861405416        4.31121011781746     
   120.171749807279        4.53909596373492     
   120.295638209142        4.26721897320751     
   120.419526611005        4.23003058458876     
   120.543415012869        4.59310089340450     
   120.667303414732        4.46093824279569     
   120.791191816595        4.14737872760167     
   120.915080218458        4.16932498275637     
   121.038968620321        3.96054519819495     
   121.162857022184        4.04789956399894     
   121.286745424048        4.35245138454326     
   121.410633825911        4.23549160325900     
   121.534522227774        4.17685493303006     
   121.658410629637        4.45539209186976     
   121.782299031500        3.92176988574821     
   121.906187433363        4.72210257416178     
   122.030075835227        4.41317464616121     
   122.153964237090        4.20968705036784     
   122.277852638953        4.43228675703306     
   122.401741040816        4.43804437854037     
   122.525629442679        4.33388671414474     
   122.649517844543        4.47740173607654     
   122.773406246406        4.28098183422472     
   122.897294648269        4.37715469810542     
   123.021183050132        4.48507380153201     
   123.145071451995        4.38076968947480     
   123.268959853858        4.25553186707258     
   123.392848255722        4.52026342720460     
   123.516736657585        4.47517220578779     
   123.640625059448        4.44653811959398     
   123.764513461311        4.63483036048790     
   123.888401863174        4.14824797918515     
