  5.000000000000000E-002   91.3561172674865     
  0.100000000000000        90.7413000528353     
  0.150000000000000        91.8789928489738     
  0.200000000000000        92.1477228722097     
  0.250000000000000        93.8863478692612     
  0.300000000000000        101.142508977196     
  0.350000000000000        94.8991946207325     
  0.400000000000000        97.5504956555199     
  0.450000000000000        94.8853277593776     
  0.500000000000000        97.5510440349366     
  0.550000000000000        94.5389561057022     
  0.600000000000000        95.2319440409347     
  0.650000000000000        90.9129965467785     
  0.700000000000000        90.8038675351471     
  0.750000000000000        94.4832686650805     
  0.800000000000000        98.7602760114655     
  0.850000000000000        99.9018593100441     
  0.900000000000000        105.614274130811     
  0.950000000000000        94.7152363275677     
   1.00000000000000        92.8410667936931     
   1.05000000000000        92.8129678383343     
   1.10000000000000        91.5844875285320     
   1.15000000000000        100.952930487347     
   1.20000000000000        93.9388639771333     
   1.25000000000000        102.350186582748     
   1.30000000000000        98.4851648003973     
   1.35000000000000        102.324803792254     
   1.40000000000000        98.4547571227571     
   1.45000000000000        84.7848463780794     
   1.50000000000000        88.7579805836241     
   1.55000000000000        88.9911389770757     
   1.60000000000000        97.2287397225106     
   1.65000000000000        96.9589934961770     
   1.70000000000000        89.0293431383718     
   1.75000000000000        97.5714885939018     
   1.80000000000000        98.1100069034891     
   1.85000000000000        92.2082890505555     
   1.90000000000000        96.4547404129619     
   1.95000000000000        93.9271839269319     
   2.00000000000000        99.0429833363809     
   2.05000000000000        91.1529149813849     
   2.10000000000000        94.4736485431156     
   2.15000000000000        98.1073220552462     
   2.20000000000000        89.7790794716890     
   2.25000000000000        93.1493001201764     
   2.30000000000000        88.3382705784019     
   2.35000000000000        93.1424799706181     
   2.40000000000000        93.7228886899685     
   2.45000000000000        88.3581211299562     
   2.50000000000000        97.0086392989013     
   2.55000000000000        90.0370654255079     
   2.60000000000000        96.5027936618837     
   2.65000000000000        104.220283068098     
   2.70000000000000        95.5629000299155     
   2.75000000000000        94.6920976827701     
   2.80000000000000        95.3859695414470     
   2.85000000000000        98.2188108844974     
   2.90000000000000        104.549100003764     
   2.95000000000000        91.7272588621131     
   3.00000000000000        92.5407231962559     
   3.05000000000000        94.7059860264344     
   3.10000000000000        88.6271876019055     
   3.15000000000000        97.2316178933682     
   3.20000000000000        98.5113517413170     
   3.25000000000000        95.4857387321801     
   3.30000000000000        94.8922864498065     
   3.35000000000000        95.0740142576891     
   3.40000000000000        103.497624434782     
   3.45000000000000        92.8947854186786     
   3.50000000000000        91.3032947391302     
   3.55000000000000        90.8648128280653     
   3.60000000000000        98.7874664006521     
   3.65000000000000        88.0731450829952     
   3.70000000000000        94.6811315641733     
   3.75000000000000        96.3594931523777     
   3.80000000000000        89.2361684913650     
   3.85000000000000        94.2182025297372     
   3.90000000000000        93.5190481480754     
   3.95000000000000        95.5067307625257     
   4.00000000000000        99.3563546375021     
   4.05000000000000        94.8185955443870     
   4.10000000000000        93.3795416580489     
   4.15000000000000        85.9312957540160     
   4.20000000000000        94.4324145674329     
   4.25000000000000        100.603808745624     
   4.30000000000000        95.0737622439986     
   4.35000000000000        97.5299564480679     
   4.40000000000000        91.5762023526405     
   4.45000000000000        97.2883843685791     
   4.50000000000000        98.2976003544043     
   4.55000000000000        93.9137967837070     
   4.60000000000000        93.0024412547866     
   4.65000000000000        97.1650351449137     
   4.70000000000000        99.1673586348392     
   4.75000000000000        97.8570346129777     
   4.80000000000000        102.468238423969     
   4.85000000000000        94.0453046471529     
   4.90000000000000        91.3144330233991     
   4.95000000000000        93.3926353036900     
   5.00000000000000        90.2707928389868     
   5.05000000000000        105.650166364379     
   5.10000000000000        93.3382438661314     
   5.15000000000000        89.2310333444219     
   5.20000000000000        95.1216019055272     
   5.25000000000000        94.5865802398765     
   5.30000000000000        95.3686492170559     
   5.35000000000000        93.1986723501143     
   5.40000000000000        92.6881679889532     
   5.45000000000000        94.7722084648055     
   5.50000000000000        95.1691794642465     
   5.55000000000000        107.217250288740     
   5.60000000000000        94.9473138034872     
   5.65000000000000        99.4422684794709     
   5.70000000000000        105.771477197214     
   5.75000000000000        94.3961480579486     
   5.80000000000000        94.5660751273899     
   5.85000000000000        98.6499697258452     
   5.90000000000000        91.4043669121591     
   5.95000000000000        92.8322764489243     
   6.00000000000000        99.6354658345523     
   6.05000000000000        104.362225313708     
   6.10000000000000        97.8243438595805     
   6.15000000000000        94.6777728302770     
   6.20000000000000        94.4966814145261     
   6.25000000000000        93.7022227127495     
   6.30000000000000        100.449560458231     
   6.35000000000000        98.9027916850541     
   6.40000000000000        89.1984267596119     
   6.45000000000000        94.2280518397189     
   6.50000000000000        93.8981097638992     
   6.55000000000000        95.8861971660156     
   6.60000000000000        98.1795532271750     
   6.65000000000000        102.138083053337     
   6.70000000000000        88.5368560393257     
   6.75000000000000        87.4057393541407     
   6.80000000000000        93.2859123897797     
   6.85000000000000        99.3807346090248     
   6.90000000000000        94.7757221240221     
   6.95000000000000        98.9800794712149     
   7.00000000000000        99.3438051200039     
   7.05000000000000        95.9447562682635     
   7.10000000000000        94.0462022764849     
   7.15000000000000        89.6631848846903     
   7.20000000000000        90.4715892635499     
   7.25000000000000        92.2436089230187     
   7.30000000000000        98.8407387385530     
   7.35000000000000        98.7632426298977     
   7.40000000000000        101.634800502037     
   7.45000000000000        93.1392313076805     
   7.50000000000000        101.070550086438     
   7.55000000000000        100.758658514390     
   7.60000000000000        99.1149588055661     
   7.65000000000000        90.9063177106722     
   7.70000000000000        93.9746564900211     
   7.75000000000000        94.2924006750793     
   7.80000000000000        89.9987586944209     
   7.85000000000000        92.4944565232035     
   7.90000000000000        95.6380968511825     
   7.95000000000000        98.4782685065150     
   8.00000000000000        95.5507791176437     
   8.05000000000000        98.9289137621354     
   8.10000000000000        97.9106343716310     
   8.15000000000000        95.8533071367777     
   8.20000000000000        102.067242128446     
   8.25000000000000        101.023165270214     
   8.30000000000000        93.0362637035205     
   8.35000000000000        92.0455311081960     
   8.40000000000000        89.7590483788690     
   8.45000000000000        98.7183942536050     
   8.50000000000000        91.1566942575930     
   8.55000000000000        93.8996053620547     
   8.60000000000000        97.8036969571492     
   8.65000000000000        92.6449577097210     
   8.70000000000000        96.6463174536000     
   8.75000000000000        96.6269554447990     
   8.80000000000000        92.6332913586908     
   8.85000000000000        88.8750287879419     
   8.90000000000000        93.4610624291579     
   8.95000000000000        92.9991764190495     
   9.00000000000000        92.2911797412954     
   9.05000000000000        94.4242453319995     
   9.10000000000000        94.0338016806429     
   9.15000000000000        99.8761652656238     
   9.20000000000000        99.5943618481823     
   9.25000000000000        96.8395372472640     
   9.30000000000000        99.5230232382186     
   9.35000000000000        94.2001186446386     
   9.40000000000000        94.7526274604524     
   9.45000000000000        98.1893342722331     
   9.50000000000000        96.6298611684591     
   9.55000000000000        93.7218831690654     
   9.60000000000000        92.5022845984801     
   9.65000000000000        94.4293984567733     
   9.70000000000000        93.5827840934801     
   9.75000000000000        91.6348319225927     
   9.80000000000000        93.1457983942859     
   9.85000000000000        91.8202885519152     
   9.90000000000000        96.4583042378782     
   9.95000000000000        90.5467400682269     
   10.0000000000000        99.9616428481127     
   10.0500000000000        95.5067402873301     
   10.1000000000000        89.3305483890915     
   10.1500000000000        94.1206802607827     
   10.2000000000000        95.2225145443501     
   10.2500000000000        98.6464668303950     
   10.3000000000000        97.4265296800367     
   10.3500000000000        95.5952743803590     
   10.4000000000000        94.0568959153315     
   10.4500000000000        94.8175611051260     
   10.5000000000000        92.8583615364954     
   10.5500000000000        93.8482648761899     
   10.6000000000000        87.7680756203195     
   10.6500000000000        87.9541517534502     
   10.7000000000000        96.5037041466326     
   10.7500000000000        93.5374100707721     
   10.8000000000000        99.2673602318601     
   10.8500000000000        98.9267763401823     
   10.9000000000000        92.7204947867514     
   10.9500000000000        93.9911042931165     
   11.0000000000000        94.6831144875480     
   11.0500000000000        95.3183524926408     
   11.1000000000000        92.6255084488690     
   11.1500000000000        98.0536029931505     
   11.2000000000000        98.2998933736908     
   11.2500000000000        94.6673015183554     
   11.3000000000000        96.0900318106709     
   11.3500000000000        90.2399198859976     
   11.4000000000000        100.204260821388     
   11.4500000000000        91.1326809728684     
   11.5000000000000        91.2982572409213     
   11.5500000000000        102.758591307923     
   11.6000000000000        86.7688940425606     
   11.6500000000000        96.8350400916978     
   11.7000000000000        97.6149155447861     
   11.7500000000000        94.8685798065787     
   11.8000000000000        96.2074161477060     
   11.8500000000000        91.9108955625353     
   11.9000000000000        100.755566906983     
   11.9500000000000        98.2897144548251     
   12.0000000000000        95.3381993670591     
   12.0500000000000        98.3783190557921     
   12.1000000000000        96.2217235362996     
   12.1500000000000        92.0728650337860     
   12.2000000000000        88.3624641710714     
   12.2500000000000        97.0461606353291     
   12.3000000000000        95.1550407051333     
   12.3500000000000        99.1192252993067     
   12.4000000000000        96.3381971901227     
   12.4500000000000        92.1597196668759     
   12.5000000000000        96.0977319871305     
   12.5500000000000        100.855915726660     
   12.6000000000000        99.2663062438645     
   12.6500000000000        94.5115464239693     
   12.7000000000000        93.0704270842787     
   12.7500000000000        90.0090616168010     
   12.8000000000000        92.8984162604463     
   12.8500000000000        93.8454327478521     
   12.9000000000000        94.1858378358774     
   12.9500000000000        94.8949114970169     
   13.0000000000000        93.4313835684920     
   13.0500000000000        95.9830250134329     
   13.1000000000000        92.3010352906074     
   13.1500000000000        94.9438814335848     
   13.2000000000000        91.9811386221837     
   13.2500000000000        104.182077136814     
   13.3000000000000        93.8413163671367     
   13.3500000000000        95.4629697398387     
   13.4000000000000        95.8283415361256     
   13.4500000000000        95.7742346869528     
   13.5000000000000        100.090287512718     
   13.5500000000000        91.6926005880447     
   13.6000000000000        95.3526179709509     
   13.6500000000000        98.0791791039048     
   13.7000000000000        91.6933777598274     
   13.7500000000000        98.0573217413647     
   13.8000000000000        93.5503924636776     
   13.8500000000000        98.6237807043598     
   13.9000000000000        90.9432681573006     
   13.9500000000000        95.0657278750401     
   14.0000000000000        98.2339466148568     
   14.0500000000000        95.5951762171873     
   14.1000000000000        94.8045528250549     
   14.1500000000000        89.9032328473073     
   14.2000000000000        98.1750195353983     
   14.2500000000000        103.083247913521     
   14.3000000000000        93.0065085545218     
   14.3500000000000        94.4398514844874     
   14.4000000000000        94.3414852850881     
   14.4500000000000        96.2133494420050     
   14.5000000000000        101.478826671408     
   14.5500000000000        93.1488372848293     
   14.6000000000000        95.7387310579495     
   14.6500000000000        100.932119981031     
   14.7000000000000        94.8106551302433     
   14.7500000000000        98.0675540007989     
   14.8000000000000        95.0409907863799     
   14.8500000000000        96.1870427981855     
   14.9000000000000        95.1241720464561     
   14.9500000000000        91.5984618269780     
   15.0000000000000        98.0245554933381     
   15.0500000000000        98.3446319186360     
   15.1000000000000        93.7475431204996     
   15.1500000000000        94.9383692281849     
   15.2000000000000        93.2020287237404     
   15.2500000000000        89.0265558081952     
   15.3000000000000        96.3692124489216     
   15.3500000000000        95.6350320417653     
   15.4000000000000        93.7677539330307     
   15.4500000000000        89.5453345110341     
   15.5000000000000        92.1938842844524     
   15.5500000000000        94.1403945140516     
   15.6000000000000        88.8686950783363     
   15.6500000000000        98.8729794385958     
   15.7000000000000        93.1728207440892     
   15.7500000000000        94.6362751447169     
   15.8000000000000        98.8490331174690     
   15.8500000000000        94.2449615772138     
   15.9000000000000        97.8569817848491     
   15.9500000000000        96.5431097230310     
   16.0000000000000        91.4852417657395     
   16.0500000000000        95.2429357024534     
   16.1000000000000        101.271331189827     
   16.1500000000000        97.6333947902481     
   16.2000000000000        88.1071079030353     
   16.2500000000000        101.086492561518     
   16.3000000000000        90.2484819000223     
   16.3500000000000        98.4487312548326     
   16.4000000000000        89.9339032586897     
   16.4500000000000        98.7120374792902     
   16.5000000000000        102.981896311811     
   16.5500000000000        91.9314621185125     
   16.6000000000000        89.9415659780161     
   16.6500000000000        96.7101860245788     
   16.7000000000000        93.5578648879631     
   16.7500000000000        92.2566204345754     
   16.8000000000000        99.5306783295136     
   16.8500000000000        90.7844944632020     
   16.9000000000000        104.165550847475     
   16.9500000000000        99.6479173989365     
   17.0000000000000        100.265095821299     
   17.0500000000000        100.062893757260     
   17.1000000000000        96.6165417317024     
   17.1500000000000        94.6813090999496     
   17.2000000000000        95.0845727193953     
   17.2500000000000        91.5027525531718     
   17.3000000000000        97.3970958215369     
   17.3500000000000        104.559560744068     
   17.4000000000000        91.3469416699486     
   17.4500000000000        89.4267640511675     
   17.5000000000000        94.4027839724682     
   17.5500000000000        94.0655430517664     
   17.6000000000000        93.0531262470635     
   17.6500000000000        93.5206416865576     
   17.7000000000000        101.419396707186     
   17.7500000000000        93.7820520416054     
   17.8000000000000        94.6645573640784     
   17.8500000000000        100.610628323573     
   17.9000000000000        97.7326434854880     
   17.9500000000000        95.9867807590373     
   18.0000000000000        96.1044035961815     
   18.0500000000000        102.224607167067     
   18.1000000000000        100.231826114569     
   18.1500000000000        97.2222446602089     
   18.2000000000000        93.0339174168404     
   18.2500000000000        101.914193392614     
   18.3000000000000        93.9466412705368     
   18.3500000000000        91.5379421095998     
   18.4000000000000        92.3841057587446     
   18.4500000000000        94.0489014879882     
   18.5000000000000        101.741533433137     
   18.5500000000000        93.4567951562570     
   18.6000000000000        93.8009529518495     
   18.6500000000000        99.6171713984043     
   18.7000000000000        94.4015992141164     
   18.7500000000000        92.5722537856023     
   18.8000000000000        91.9468862082150     
   18.8500000000000        93.0377560892556     
   18.9000000000000        95.6980170989718     
   18.9500000000000        97.5136004435204     
   19.0000000000000        95.2027859608102     
   19.0500000000000        91.4586426068423     
   19.1000000000000        93.3428560011499     
   19.1500000000000        103.286787347661     
   19.2000000000000        92.0393482819818     
   19.2500000000000        100.522407051671     
   19.3000000000000        98.2003641457391     
   19.3500000000000        97.7246713743795     
   19.4000000000000        96.6918575453556     
   19.4500000000000        101.786190430529     
   19.5000000000000        91.5477710657369     
   19.5500000000000        98.1260974547904     
   19.6000000000000        97.0602188927674     
   19.6500000000000        92.4414351194027     
   19.7000000000000        96.8723004294596     
   19.7500000000000        98.2126208933540     
   19.8000000000000        88.1365190519563     
   19.8500000000000        95.7662217500966     
   19.9000000000000        92.0112930209249     
   19.9500000000000        92.1766466558741     
   20.0000000000000        92.6185526408553     
   20.0500000000000        95.5933195750134     
   20.1000000000000        95.0287059716545     
   20.1500000000000        93.4442031039517     
   20.2000000000000        97.6623134101119     
   20.2500000000000        93.5696050703716     
   20.3000000000000        92.9595645171046     
   20.3500000000000        98.9758491484218     
   20.4000000000000        93.5215090753166     
   20.4500000000000        93.2404669346316     
   20.5000000000000        95.5306941921689     
   20.5500000000000        95.7610432162305     
   20.6000000000000        95.8325681823119     
   20.6500000000000        100.003332786286     
   20.7000000000000        98.2726609714948     
   20.7500000000000        100.721538526503     
   20.8000000000000        93.0897695753844     
   20.8500000000000        96.6593162002177     
   20.9000000000000        96.4517104312303     
   20.9500000000000        94.5822685238954     
   21.0000000000000        93.5028037572398     
   21.0500000000000        99.5433409894317     
   21.1000000000000        95.1805639369206     
   21.1500000000000        93.6287996529043     
   21.2000000000000        98.7871073185210     
   21.2500000000000        86.9218807915504     
   21.3000000000000        96.2678646178147     
   21.3500000000000        95.3754482001855     
   21.4000000000000        99.1196566703993     
   21.4500000000000        100.258961362686     
   21.5000000000000        90.6429434391099     
   21.5500000000000        93.2314076728662     
   21.6000000000000        102.134230284678     
   21.6500000000000        100.216371872981     
   21.7000000000000        95.9118469737280     
   21.7500000000000        97.2197672656773     
   21.8000000000000        98.9038320860595     
   21.8500000000000        92.1822532789525     
   21.9000000000000        99.9324245771049     
   21.9500000000000        95.4071518805676     
   22.0000000000000        96.8350912223926     
   22.0500000000000        100.457853423745     
   22.1000000000000        92.9620040717317     
   22.1500000000000        95.4493331979287     
   22.2000000000000        94.7061161883552     
   22.2500000000000        98.3888419770791     
   22.3000000000000        98.4817137792754     
   22.3500000000000        94.4223434787027     
   22.4000000000000        90.6813511703774     
   22.4500000000000        98.1052612121652     
   22.5000000000000        102.226439899516     
   22.5500000000000        94.1690973779907     
   22.6000000000000        101.841914199843     
   22.6500000000000        96.9984545463813     
   22.7000000000000        92.9207238662901     
   22.7500000000000        95.4779509069590     
   22.8000000000000        94.1658387129086     
   22.8500000000000        93.4940075835816     
   22.9000000000000        96.8252073086367     
   22.9500000000000        104.719985341620     
   23.0000000000000        101.738755833895     
   23.0500000000000        96.8503715114562     
   23.1000000000000        98.2453411129827     
   23.1500000000000        95.8165987555915     
   23.2000000000000        86.7216923514761     
   23.2500000000000        97.0469933607267     
   23.3000000000000        94.2670797664328     
   23.3500000000000        94.9431136356410     
   23.4000000000000        98.1907838373575     
   23.4500000000000        100.708475121346     
   23.5000000000000        91.0611365105474     
   23.5500000000000        93.8368212802103     
   23.6000000000000        94.3313537362671     
   23.6500000000000        97.9012327298336     
   23.7000000000000        91.1860827018006     
   23.7500000000000        92.4982417890651     
   23.8000000000000        98.0419475704500     
   23.8500000000000        93.3943542946637     
   23.9000000000000        94.8738951134895     
   23.9500000000000        93.3286463069290     
   24.0000000000000        98.2044551025196     
   24.0500000000000        97.3995148625409     
   24.1000000000000        96.8671669175553     
   24.1500000000000        93.4800692265363     
   24.2000000000000        98.3606219906778     
   24.2500000000000        91.1506863630910     
   24.3000000000000        95.4565624474281     
   24.3500000000000        96.7896342926921     
   24.4000000000000        99.2456238018156     
   24.4500000000000        98.3163351342863     
   24.5000000000000        96.8266893703381     
   24.5500000000000        98.0029636303685     
   24.6000000000000        94.8967649096833     
   24.6500000000000        99.2053207245761     
   24.7000000000000        93.9678385052620     
   24.7500000000000        95.6167508378898     
   24.8000000000000        95.9243144358137     
   24.8500000000000        100.874639219401     
   24.9000000000000        89.1889264185547     
   24.9500000000000        96.0657397820518     
   25.0000000000000        93.4999864883108     
   25.0500000000000        97.8830484717563     
   25.1000000000000        96.1998173747773     
   25.1500000000000        94.1968865963086     
   25.2000000000000        99.0068254324839     
   25.2500000000000        94.2880494997604     
   25.3000000000000        94.6638422600609     
   25.3500000000000        95.9633449838591     
   25.4000000000000        95.3137741768682     
   25.4500000000000        95.8357306454763     
   25.5000000000000        99.0536503915850     
   25.5500000000000        92.3676747864332     
   25.6000000000000        102.641387424635     
   25.6500000000000        93.7442621711474     
   25.7000000000000        96.8346449029379     
   25.7500000000000        97.3606460120965     
   25.8000000000000        95.4576018367806     
   25.8500000000000        98.4333528333795     
   25.9000000000000        100.174104804056     
   25.9500000000000        92.1663029212887     
   26.0000000000000        98.5645198160538     
   26.0500000000000        94.2842479006593     
   26.1000000000000        98.9356339461775     
   26.1500000000000        99.6943898496796     
   26.2000000000000        98.8577723649271     
   26.2500000000000        93.5592715632436     
   26.3000000000000        98.7210332756321     
   26.3500000000000        93.5443560903695     
   26.4000000000000        95.2999885711187     
   26.4500000000000        98.9128543551937     
   26.5000000000000        97.7915104543999     
   26.5500000000000        98.6518783687792     
   26.6000000000000        95.9124583337176     
   26.6500000000000        99.0266477790879     
   26.7000000000000        97.5699855632334     
   26.7500000000000        96.5794235114526     
   26.8000000000000        98.2920630585968     
   26.8500000000000        99.3721457504245     
   26.9000000000000        100.013543587716     
   26.9500000000000        94.4050185233233     
   27.0000000000000        92.5372462865588     
   27.0500000000000        100.469383283808     
   27.1000000000000        94.3731788968481     
   27.1500000000000        99.0036709331330     
   27.2000000000000        92.5657996906161     
   27.2500000000000        97.1224722142052     
   27.3000000000000        90.4484051464645     
   27.3500000000000        95.3186204660750     
   27.4000000000000        85.7876676015076     
   27.4500000000000        100.018813317068     
   27.5000000000000        92.4392763971331     
   27.5500000000000        99.6075837324991     
   27.6000000000000        96.9592023293947     
   27.6500000000000        98.2814433273033     
   27.7000000000000        98.1830920573773     
   27.7500000000000        93.3483472409407     
   27.8000000000000        91.3293701930326     
   27.8500000000000        93.9734599706821     
   27.9000000000000        91.6461911430631     
   27.9500000000000        100.898025004726     
   28.0000000000000        96.7199407920183     
   28.0500000000000        94.1000147738162     
   28.1000000000000        102.071924488898     
   28.1500000000000        96.0410594118523     
   28.2000000000000        100.768003097108     
   28.2500000000000        96.1579757976945     
   28.3000000000000        99.1620438574304     
   28.3500000000000        100.294150326467     
   28.4000000000000        96.1868229203873     
   28.4500000000000        100.773310983309     
   28.5000000000000        94.9289351220514     
   28.5500000000000        97.9180076261486     
   28.6000000000000        91.8656704023723     
   28.6500000000000        91.2637454646807     
   28.7000000000000        91.4951982703891     
   28.7500000000000        99.5306469897315     
   28.8000000000000        99.5456892420190     
   28.8500000000000        100.444147525318     
   28.9000000000000        95.6322442699472     
   28.9500000000000        88.6700470564559     
   29.0000000000000        97.1983915722463     
   29.0500000000000        95.3945808296270     
   29.1000000000000        92.1305056286500     
   29.1500000000000        104.118681651244     
   29.2000000000000        94.0177976016419     
   29.2500000000000        100.386476457009     
   29.3000000000000        98.7234172365057     
   29.3500000000000        97.1354017225227     
   29.4000000000000        95.9109725319566     
   29.4500000000000        95.1815758707241     
   29.5000000000000        93.2666392539633     
   29.5500000000000        99.7198618686426     
   29.6000000000000        89.3010319520795     
   29.6500000000000        94.3327896481746     
   29.7000000000000        91.7209418657199     
   29.7500000000000        96.0381310699659     
   29.8000000000000        99.1181506095676     
   29.8500000000000        96.0179639821849     
   29.9000000000000        99.7452194357690     
   29.9500000000000        95.3409996389200     
   30.0000000000000        90.7746150266425     
   30.0500000000000        97.0254461251122     
   30.1000000000000        103.879509822188     
   30.1500000000000        95.8576422859068     
   30.2000000000000        91.8016020387864     
   30.2500000000000        92.8728902737538     
   30.3000000000000        93.2641173100665     
   30.3500000000000        98.8254251460607     
   30.4000000000000        102.194411293996     
   30.4500000000000        99.2973709539627     
   30.5000000000000        91.1399319413329     
   30.5500000000000        91.6910159269799     
   30.6000000000000        91.8303466703859     
   30.6500000000000        100.502207209763     
   30.7000000000000        95.1995087497878     
   30.7500000000000        99.6592232835848     
   30.8000000000000        99.7754207510058     
   30.8500000000000        97.4773216350348     
   30.9000000000000        94.1037211111429     
   30.9500000000000        100.855951216906     
   31.0000000000000        93.7033981879163     
   31.0500000000000        98.2527006365858     
   31.1000000000000        93.5968126667094     
   31.1500000000000        95.8231106361220     
   31.2000000000000        95.3614950052593     
   31.2500000000000        93.4905909085752     
   31.3000000000000        96.4908889759200     
   31.3500000000000        91.3360076296952     
   31.4000000000000        93.0552679149464     
   31.4500000000000        91.8867642689731     
   31.5000000000000        95.0103092713186     
   31.5500000000000        99.1215786850888     
   31.6000000000000        97.7665838938322     
   31.6500000000000        102.121338503435     
   31.7000000000000        95.4477279225252     
   31.7500000000000        101.949455182649     
   31.8000000000000        88.0504438734302     
   31.8500000000000        95.2108024794738     
   31.9000000000000        97.6828347015812     
   31.9500000000000        93.2412123023435     
   32.0000000000000        97.1411949087146     
   32.0500000000000        96.2525756982021     
   32.1000000000000        100.907400456238     
   32.1500000000000        93.9057190746049     
   32.2000000000000        98.8575078375369     
   32.2500000000000        94.3784505590520     
   32.3000000000000        95.5717756102787     
   32.3500000000000        97.4600567709563     
   32.4000000000000        95.5686876041324     
   32.4500000000000        100.619964209213     
   32.5000000000000        98.2596132426099     
   32.5500000000000        94.2188800224046     
   32.6000000000000        92.4009133683254     
   32.6500000000000        97.3013485061026     
   32.7000000000000        98.7537727029331     
   32.7500000000000        92.0554109651180     
   32.8000000000000        93.5132109357976     
   32.8500000000000        99.1585748153951     
   32.9000000000000        91.9321493731796     
   32.9500000000000        96.0140269177525     
   33.0000000000000        93.8733381685785     
   33.0500000000000        95.5113615139174     
   33.1000000000000        97.3985662285859     
   33.1500000000000        95.9476153244135     
   33.2000000000000        99.3757999399310     
   33.2500000000000        101.524884025641     
   33.3000000000000        94.2003952242379     
   33.3500000000000        98.6249111635198     
   33.4000000000000        104.100262689183     
   33.4500000000000        98.1470756622256     
   33.5000000000000        97.3521190603054     
   33.5500000000000        90.6668793301256     
   33.6000000000000        95.0675817627961     
   33.6500000000000        96.9585194246602     
   33.7000000000000        98.0820501348975     
   33.7500000000000        86.0533479044817     
   33.8000000000000        94.7753774863178     
   33.8500000000000        91.9407771969350     
   33.9000000000000        96.7669537972458     
   33.9500000000000        89.2446829479407     
   34.0000000000000        97.1078838517040     
   34.0500000000000        95.2576681781159     
   34.1000000000000        91.0644609295537     
   34.1500000000000        93.2951961012624     
   34.2000000000000        93.1905636228977     
   34.2500000000000        100.585619531317     
   34.3000000000000        94.9116487282069     
   34.3500000000000        103.638898161085     
   34.4000000000000        98.5420037125576     
   34.4500000000000        95.3519614739646     
   34.5000000000000        103.096892573297     
   34.5500000000000        98.0086767327786     
   34.6000000000000        96.6320693971596     
   34.6500000000000        93.7481793537261     
   34.7000000000000        100.972313040229     
   34.7500000000000        91.9991828581741     
   34.8000000000000        97.4427114955100     
   34.8500000000000        93.4787689976648     
   34.9000000000000        94.4410375050062     
   34.9500000000000        102.111260410765     
   35.0000000000000        92.7150620076102     
   35.0500000000000        98.2160307677553     
   35.1000000000000        92.5195746394526     
   35.1500000000000        94.0217434573008     
   35.2000000000000        90.7405130423866     
   35.2500000000000        95.0782253901123     
   35.3000000000000        95.8773969517729     
   35.3500000000000        101.111756360345     
   35.4000000000000        97.1750858586700     
   35.4500000000000        93.4040199913692     
   35.5000000000000        91.7516118995931     
   35.5500000000000        95.8046150876574     
   35.6000000000000        92.7308463264689     
   35.6500000000000        95.8234064137097     
   35.7000000000000        95.3784065789424     
   35.7500000000000        96.5697913093612     
   35.8000000000000        90.5934512863977     
   35.8500000000000        94.4385351875989     
   35.9000000000000        99.9600818943007     
   35.9500000000000        96.9984353495917     
   36.0000000000000        94.9628023525991     
   36.0500000000000        99.4666576030368     
   36.1000000000000        99.6489644402928     
   36.1500000000000        101.420967837546     
   36.2000000000000        103.528116129161     
   36.2500000000000        99.3036729310587     
   36.3000000000000        92.3582284753525     
   36.3500000000000        93.1540361059605     
   36.4000000000000        98.5131392931511     
   36.4500000000000        94.6004284160791     
   36.5000000000000        94.9146481035450     
   36.5500000000000        87.9084068165984     
   36.6000000000000        93.2208446845233     
   36.6500000000000        93.8508402145697     
   36.7000000000000        94.6615658046287     
   36.7500000000000        90.8031936381875     
   36.8000000000000        95.2832230264463     
   36.8500000000000        93.6540360722736     
   36.9000000000000        95.1726459958824     
   36.9500000000000        96.7787160084906     
   37.0000000000000        99.7632248230948     
   37.0500000000000        100.199995624378     
   37.1000000000000        93.7631405570835     
   37.1500000000000        94.2095266505236     
   37.2000000000000        91.8815323891757     
   37.2500000000000        92.3607204253831     
   37.3000000000000        98.1859178078297     
   37.3500000000000        95.9988091410448     
   37.4000000000000        90.9165033165752     
   37.4500000000000        101.360031981948     
   37.5000000000000        97.3999440090855     
   37.5500000000000        93.2708523249653     
   37.6000000000000        94.6481938461120     
   37.6500000000000        90.3461065133551     
   37.7000000000000        91.4518387657553     
   37.7500000000000        92.8897122277873     
   37.8000000000000        101.360724181688     
   37.8500000000000        94.6995649549997     
   37.9000000000000        95.1384891077395     
   37.9500000000000        101.307449053099     
   38.0000000000000        106.510355871065     
   38.0500000000000        99.2308786723138     
   38.1000000000000        95.6469487693021     
   38.1500000000000        96.4589948862759     
   38.2000000000000        91.7898615712379     
   38.2500000000000        92.2919346322830     
   38.3000000000000        93.8620280921450     
   38.3500000000000        97.0762334822697     
   38.4000000000000        91.0656857286254     
   38.4500000000000        94.4467393913752     
   38.5000000000000        97.4991216459548     
   38.5500000000000        90.5044110644725     
   38.6000000000000        98.4424721480843     
   38.6500000000000        97.5120386688631     
   38.7000000000000        93.2631186117888     
   38.7500000000000        95.7779558737874     
   38.8000000000000        90.4441451474574     
   38.8500000000000        97.2718985028473     
   38.9000000000000        95.4824268179475     
   38.9500000000000        92.3738865412919     
   39.0000000000000        100.864400662352     
   39.0500000000000        93.6758518963739     
   39.1000000000000        91.5119114187058     
   39.1500000000000        90.1526738032131     
   39.2000000000000        97.7310247480979     
   39.2500000000000        94.7468956332751     
   39.3000000000000        91.2172782544584     
   39.3500000000000        92.7395219549053     
   39.4000000000000        96.3130149162749     
   39.4500000000000        97.9051436563778     
   39.5000000000000        101.065980810884     
   39.5500000000000        93.8638414617463     
   39.6000000000000        90.4109119643782     
   39.6500000000000        101.333396310278     
   39.7000000000000        96.2174901304260     
   39.7500000000000        99.4581369008715     
   39.8000000000000        93.2972087351405     
   39.8500000000000        97.8819510452742     
   39.9000000000000        93.2027962237809     
   39.9500000000000        106.251588494624     
   40.0000000000000        88.0374635717327     
   40.0500000000000        94.3273285131461     
   40.1000000000000        89.8211115209512     
   40.1500000000000        96.8115823169984     
   40.2000000000000        99.1751283847586     
   40.2500000000000        95.6578651015468     
   40.3000000000000        101.828324692250     
   40.3500000000000        94.4937349352197     
   40.4000000000000        94.9468033844155     
   40.4500000000000        100.747718255178     
   40.5000000000000        105.819545037652     
   40.5500000000000        100.184775196400     
   40.6000000000000        98.1479329737166     
   40.6500000000000        104.188549250066     
   40.7000000000000        93.6221736415282     
   40.7500000000000        95.8390765912500     
   40.8000000000000        100.793838896352     
   40.8500000000000        93.0407642696784     
   40.9000000000000        96.6690717989548     
   40.9500000000000        94.8207926207688     
   41.0000000000000        97.6874086138428     
   41.0500000000000        96.4737577707924     
   41.1000000000000        96.2371201679398     
   41.1500000000000        101.392213688893     
   41.2000000000000        94.1354307855306     
   41.2500000000000        97.7136572180732     
   41.3000000000000        95.9901266934898     
   41.3500000000000        99.5299264035512     
   41.4000000000000        97.7403333768084     
   41.4500000000000        96.6050313872866     
   41.5000000000000        95.8385200566220     
   41.5500000000000        107.405102261301     
   41.6000000000000        97.2408165592839     
   41.6500000000000        95.6654234282606     
   41.7000000000000        92.0545467178926     
   41.7500000000000        100.947465474712     
   41.8000000000000        101.675693072339     
   41.8500000000000        98.6209190901470     
   41.9000000000000        99.1668783172817     
   41.9500000000000        96.0573966700603     
   42.0000000000000        100.544961705789     
   42.0500000000000        91.4520335092469     
   42.1000000000000        88.4638430777544     
   42.1500000000000        92.4274427355346     
   42.2000000000000        95.5388320148585     
   42.2500000000000        96.6111269803756     
   42.3000000000000        104.242641249491     
   42.3500000000000        99.6157850657368     
   42.4000000000000        97.0336426524002     
   42.4500000000000        107.299752250276     
   42.5000000000000        93.4405885999359     
   42.5500000000000        98.5303749814334     
   42.6000000000000        97.3250094243221     
   42.6500000000000        96.8262454332647     
   42.7000000000000        96.1276832921699     
   42.7500000000000        94.5032645317066     
   42.8000000000000        99.4206948120861     
   42.8500000000000        93.6858128016378     
   42.9000000000000        89.2246317073428     
   42.9500000000000        95.8087080703460     
   43.0000000000000        91.1343247844257     
   43.0500000000000        94.0068165914503     
   43.1000000000000        97.3561398094795     
   43.1500000000000        88.1895157799211     
   43.2000000000000        97.2370403920141     
   43.2500000000000        99.0081946355899     
   43.3000000000000        90.3462974712689     
   43.3500000000000        94.3075478066892     
   43.4000000000000        97.2828521329580     
   43.4500000000000        98.3553441139266     
   43.5000000000000        95.6052007940439     
   43.5500000000000        98.5364450364700     
   43.6000000000000        95.2229214796674     
   43.6500000000000        93.3386424517292     
   43.7000000000000        92.3763277654287     
   43.7500000000000        94.3803128333993     
   43.8000000000000        99.0678596082512     
   43.8500000000000        90.5069508697369     
   43.9000000000000        88.5198284584564     
   43.9500000000000        95.0437825201111     
   44.0000000000000        101.562645024056     
   44.0500000000000        95.4637201037616     
   44.1000000000000        98.8911905040165     
   44.1500000000000        98.8406922237122     
   44.2000000000000        96.9177495847438     
   44.2500000000000        95.8667437505196     
   44.3000000000000        95.0248093847369     
   44.3500000000000        94.7841688201746     
   44.4000000000000        101.195692525430     
   44.4500000000000        103.908895820195     
   44.5000000000000        89.4195330366073     
   44.5500000000000        104.499346428191     
   44.6000000000000        92.7580391950466     
   44.6500000000000        94.7601310592955     
   44.7000000000000        90.8937508434825     
   44.7500000000000        102.483543700444     
   44.8000000000000        101.044127334719     
   44.8500000000000        89.8861757556004     
   44.9000000000000        93.9613454647159     
   44.9500000000000        99.6864807141359     
   45.0000000000000        89.0527821090180     
   45.0500000000000        94.9627636496868     
   45.1000000000000        95.4467344848022     
   45.1500000000000        92.6939209228717     
   45.2000000000000        97.2998450348295     
   45.2500000000000        98.0058880182210     
   45.3000000000000        95.2973796615756     
   45.3500000000000        100.080190681257     
   45.4000000000000        89.1333873035080     
   45.4500000000000        89.8230929307456     
   45.5000000000000        91.8965389450494     
   45.5500000000000        96.3271677822627     
   45.6000000000000        90.3221518190915     
   45.6500000000000        93.4356627756842     
   45.7000000000000        99.6039228331476     
   45.7500000000000        90.9421636940614     
   45.8000000000000        96.7227669657620     
   45.8500000000000        94.2970152268433     
   45.9000000000000        93.0842626014260     
   45.9500000000000        99.2137053685793     
   46.0000000000000        102.399455307585     
   46.0500000000000        96.9323651570456     
   46.1000000000000        96.0908507689469     
   46.1500000000000        92.4523478953696     
   46.2000000000000        87.7611916088906     
   46.2500000000000        97.1548619060361     
   46.3000000000000        97.2006509838633     
   46.3500000000000        100.806403071342     
   46.4000000000000        98.3253325657072     
   46.4500000000000        95.3296295678656     
   46.5000000000000        95.1207318663872     
   46.5500000000000        95.6343526099320     
   46.6000000000000        92.9664055802056     
   46.6500000000000        94.7854673971203     
   46.7000000000000        88.5205660204068     
   46.7500000000000        96.3463132507352     
   46.8000000000000        99.2343933823021     
   46.8500000000000        87.3076609494363     
   46.9000000000000        96.9057316870618     
   46.9500000000000        97.5232345378487     
   47.0000000000000        98.6335911114965     
   47.0500000000000        87.2669067814397     
   47.1000000000000        96.8533046593512     
   47.1500000000000        100.643739961578     
   47.2000000000000        87.5510658231069     
   47.2500000000000        98.4379777145433     
   47.3000000000000        97.8254393045032     
   47.3500000000000        89.9600599717033     
   47.4000000000000        102.039590873934     
   47.4500000000000        94.4036809944900     
   47.5000000000000        93.8979045358104     
   47.5500000000000        95.5006972185792     
   47.6000000000000        96.5298389562847     
   47.6500000000000        94.3992993070066     
   47.7000000000000        90.2070727456695     
   47.7500000000000        98.6977609725531     
   47.8000000000000        89.4130592123631     
   47.8500000000000        99.4541585782032     
   47.9000000000000        102.824123911473     
   47.9500000000000        94.2133043825482     
   48.0000000000000        95.8851703918639     
   48.0500000000000        95.6498297524474     
   48.1000000000000        94.2215998693127     
   48.1500000000000        97.3701429008949     
   48.2000000000000        95.3764332496166     
   48.2500000000000        94.8882438716661     
   48.3000000000000        98.5059420402875     
   48.3500000000000        97.3685400930435     
   48.4000000000000        93.1807870875577     
   48.4500000000000        94.8790712343463     
   48.5000000000000        99.8942750442333     
   48.5500000000000        93.9109349503183     
   48.6000000000000        93.0925104995436     
   48.6500000000000        101.082789969068     
   48.7000000000000        98.1742169236930     
   48.7500000000000        91.2735475605024     
   48.8000000000000        91.7565303540212     
   48.8500000000000        87.1618036971533     
   48.9000000000000        89.0842572239472     
   48.9500000000000        95.7866895077633     
   49.0000000000000        93.2126940130505     
   49.0500000000000        91.9222459347711     
   49.1000000000000        98.0521598598067     
   49.1500000000000        86.3084549780631     
   49.2000000000000        103.921797886436     
   49.2500000000000        97.1230583014857     
   49.3000000000000        92.6447996295659     
   49.3500000000000        97.5436685893849     
   49.4000000000000        97.6703795977106     
   49.4500000000000        95.3781270306287     
   49.5000000000000        98.5365376895738     
   49.5500000000000        94.2138214798900     
   49.6000000000000        96.3303483374505     
   49.6500000000000        98.7053808739631     
   49.7000000000000        96.4099053560773     
   49.7500000000000        93.6537306514795     
   49.8000000000000        99.4798174960848     
   49.8500000000000        98.4874712424962     
   49.9000000000000        97.8573058296613     
   49.9500000000000        102.001152324829     
   50.0000000000000        91.2926776378254     
