  1.000000000000000E-002  0.000000000000000E+000
  2.000000000000000E-002  0.000000000000000E+000
  3.000000000000000E-002  0.000000000000000E+000
  4.000000000000000E-002  0.000000000000000E+000
  5.000000000000000E-002  0.000000000000000E+000
  6.000000000000000E-002  0.000000000000000E+000
  7.000000000000001E-002  0.000000000000000E+000
  8.000000000000000E-002  0.000000000000000E+000
  9.000000000000000E-002  0.000000000000000E+000
  0.100000000000000       0.000000000000000E+000
  0.110000000000000       0.000000000000000E+000
  0.120000000000000       0.000000000000000E+000
  0.130000000000000       0.000000000000000E+000
  0.140000000000000       0.000000000000000E+000
  0.150000000000000       0.000000000000000E+000
  0.160000000000000       0.000000000000000E+000
  0.170000000000000       0.000000000000000E+000
  0.180000000000000       0.000000000000000E+000
  0.190000000000000       0.000000000000000E+000
  0.200000000000000       0.000000000000000E+000
  0.210000000000000       0.000000000000000E+000
  0.220000000000000       0.000000000000000E+000
  0.230000000000000       0.000000000000000E+000
  0.240000000000000       0.000000000000000E+000
  0.250000000000000       0.000000000000000E+000
  0.260000000000000       0.000000000000000E+000
  0.270000000000000       0.000000000000000E+000
  0.280000000000000       0.000000000000000E+000
  0.290000000000000       0.000000000000000E+000
  0.300000000000000       0.000000000000000E+000
  0.310000000000000       0.000000000000000E+000
  0.320000000000000       0.000000000000000E+000
  0.330000000000000       0.000000000000000E+000
  0.340000000000000       0.000000000000000E+000
  0.350000000000000       0.000000000000000E+000
  0.360000000000000       0.000000000000000E+000
  0.370000000000000       0.000000000000000E+000
  0.380000000000000       0.000000000000000E+000
  0.390000000000000       0.000000000000000E+000
  0.400000000000000       0.000000000000000E+000
  0.410000000000000       0.000000000000000E+000
  0.420000000000000       0.000000000000000E+000
  0.430000000000000       0.000000000000000E+000
  0.440000000000000       0.000000000000000E+000
  0.450000000000000       0.000000000000000E+000
  0.460000000000000       0.000000000000000E+000
  0.470000000000000       0.000000000000000E+000
  0.480000000000000       0.000000000000000E+000
  0.490000000000000       0.000000000000000E+000
  0.500000000000000       0.000000000000000E+000
  0.510000000000000       0.000000000000000E+000
  0.520000000000000       0.000000000000000E+000
  0.530000000000000       0.000000000000000E+000
  0.540000000000000       0.000000000000000E+000
  0.550000000000000       0.000000000000000E+000
  0.560000000000000       0.000000000000000E+000
  0.570000000000000       0.000000000000000E+000
  0.580000000000000       0.000000000000000E+000
  0.590000000000000       0.000000000000000E+000
  0.600000000000000       0.000000000000000E+000
  0.610000000000000       0.000000000000000E+000
  0.620000000000000       0.000000000000000E+000
  0.630000000000000       0.000000000000000E+000
  0.640000000000000       7.191491722446526E-006
  0.650000000000000       1.742558195786308E-005
  0.660000000000000       1.520781754133176E-004
  0.670000000000000       7.868739763301630E-004
  0.680000000000000       3.417702119524170E-003
  0.690000000000000       9.887956282325581E-003
  0.700000000000000       2.381854589167998E-002
  0.710000000000000       5.022470321856132E-002
  0.720000000000000       9.210334689068932E-002
  0.730000000000000       0.154030926008681     
  0.740000000000000       0.231227499991359     
  0.750000000000000       0.327911448122390     
  0.760000000000000       0.434494096897682     
  0.770000000000000       0.546460614302672     
  0.780000000000000       0.666558955674742     
  0.790000000000000       0.779693477470077     
  0.800000000000000       0.888318731838197     
  0.810000000000000       0.984736783440950     
  0.820000000000000        1.07714473548190     
  0.830000000000000        1.15456574075621     
  0.840000000000000        1.21742508829596     
  0.850000000000000        1.27571974758674     
  0.860000000000000        1.32245340242639     
  0.870000000000000        1.35910325612287     
  0.880000000000000        1.38586757884455     
  0.890000000000000        1.40989909317746     
  0.900000000000000        1.42057011766436     
  0.910000000000000        1.43054111993836     
  0.920000000000000        1.43386671935083     
  0.930000000000000        1.43253611362878     
  0.940000000000000        1.42498004854756     
  0.950000000000000        1.41387861230085     
  0.960000000000000        1.40456469942111     
  0.970000000000000        1.38879337720720     
  0.980000000000000        1.37713602621250     
  0.990000000000000        1.35994428288581     
   1.00000000000000        1.34676617234432     
   1.01000000000000        1.32668458814196     
   1.02000000000000        1.31256432486856     
   1.03000000000000        1.29585417375678     
   1.04000000000000        1.27627291844487     
   1.05000000000000        1.26007745352843     
   1.06000000000000        1.24333237242321     
   1.07000000000000        1.22927799961318     
   1.08000000000000        1.21180514155723     
   1.09000000000000        1.19684855974793     
   1.10000000000000        1.18301488018490     
   1.11000000000000        1.16786753036112     
   1.12000000000000        1.15412978791862     
   1.13000000000000        1.13863281796338     
   1.14000000000000        1.12702664224039     
   1.15000000000000        1.11286126784571     
   1.16000000000000        1.10317483947750     
   1.17000000000000        1.09008319721504     
   1.18000000000000        1.07815872977794     
   1.19000000000000        1.06901779750673     
   1.20000000000000        1.05858777332955     
   1.21000000000000        1.04864686711187     
   1.22000000000000        1.03797504150798     
   1.23000000000000        1.03017530173477     
   1.24000000000000        1.02162218288106     
   1.25000000000000        1.01318457875020     
   1.26000000000000        1.00635893100395     
   1.27000000000000       0.999717673703151     
   1.28000000000000       0.992151385772639     
   1.29000000000000       0.986427570291380     
   1.30000000000000       0.979240755415650     
   1.31000000000000       0.973043821550530     
   1.32000000000000       0.968812181244776     
   1.33000000000000       0.963696759611104     
   1.34000000000000       0.961143232940101     
   1.35000000000000       0.956521431152360     
   1.36000000000000       0.953560815437418     
   1.37000000000000       0.951343466592605     
   1.38000000000000       0.949072643715781     
   1.39000000000000       0.946677273831520     
   1.40000000000000       0.943881759512227     
   1.41000000000000       0.942272010326953     
   1.42000000000000       0.941247681143878     
   1.43000000000000       0.941465151515804     
   1.44000000000000       0.939992469438020     
   1.45000000000000       0.939974299637237     
   1.46000000000000       0.940213691804731     
   1.47000000000000       0.942156661077836     
   1.48000000000000       0.943209611654201     
   1.49000000000000       0.943367746979613     
   1.50000000000000       0.945831711392685     
   1.51000000000000       0.948284096482998     
   1.52000000000000       0.950459396512743     
   1.53000000000000       0.953319858428817     
   1.54000000000000       0.953043327669147     
   1.55000000000000       0.956550548654932     
   1.56000000000000       0.960345931991882     
   1.57000000000000       0.960861514914444     
   1.58000000000000       0.965263540457550     
   1.59000000000000       0.969740354215528     
   1.60000000000000       0.972093877410410     
   1.61000000000000       0.974888873687329     
   1.62000000000000       0.979432611807414     
   1.63000000000000       0.982369437406406     
   1.64000000000000       0.986334538128714     
   1.65000000000000       0.989339516489830     
   1.66000000000000       0.991921624563334     
   1.67000000000000       0.993704711192610     
   1.68000000000000       0.997376164116995     
   1.69000000000000       0.999872436343503     
   1.70000000000000        1.00305255216009     
   1.71000000000000        1.00606505081795     
   1.72000000000000        1.00877463565342     
   1.73000000000000        1.00982247494516     
   1.74000000000000        1.01168955042057     
   1.75000000000000        1.01362570850538     
   1.76000000000000        1.01536319837552     
   1.77000000000000        1.01411300601956     
   1.78000000000000        1.01817490897491     
   1.79000000000000        1.01841188118756     
   1.80000000000000        1.02040964873560     
   1.81000000000000        1.02069151948854     
   1.82000000000000        1.02130489139647     
   1.83000000000000        1.02156364807916     
   1.84000000000000        1.02273185381068     
   1.85000000000000        1.02333176100736     
   1.86000000000000        1.02368993582085     
   1.87000000000000        1.02302116952083     
   1.88000000000000        1.02275546117729     
   1.89000000000000        1.02346120265988     
   1.90000000000000        1.02345435385596     
   1.91000000000000        1.02119180612498     
   1.92000000000000        1.02212823836168     
   1.93000000000000        1.02206047594474     
   1.94000000000000        1.02167773758839     
   1.95000000000000        1.02072411915478     
   1.96000000000000        1.02078656667747     
   1.97000000000000        1.01962516798374     
   1.98000000000000        1.01931734397765     
   1.99000000000000        1.01918400444340     
   2.00000000000000        1.01694964612907     
   2.01000000000000        1.01697588795290     
   2.02000000000000        1.01636229577438     
   2.03000000000000        1.01558885247418     
   2.04000000000000        1.01536478790252     
   2.05000000000000        1.01335364885843     
   2.06000000000000        1.01324860885941     
   2.07000000000000        1.01209161136468     
   2.08000000000000        1.01054442307131     
   2.09000000000000        1.01035908852326     
   2.10000000000000        1.00960894949451     
   2.11000000000000        1.00789779402169     
   2.12000000000000        1.00731246509066     
   2.13000000000000        1.00671628518581     
   2.14000000000000        1.00618661315993     
   2.15000000000000        1.00561263568614     
   2.16000000000000        1.00578086597087     
   2.17000000000000        1.00408326979440     
   2.18000000000000        1.00300629658133     
   2.19000000000000        1.00426423439908     
   2.20000000000000        1.00318559077708     
   2.21000000000000        1.00258615841153     
   2.22000000000000        1.00217975513841     
   2.23000000000000        1.00122116090119     
   2.24000000000000        1.00104764724980     
   2.25000000000000        1.00085474842238     
   2.26000000000000        1.00199853470450     
   2.27000000000000        1.00075150437167     
   2.28000000000000        1.00091524753923     
   2.29000000000000       0.999923951117401     
   2.30000000000000        1.00022306052590     
   2.31000000000000        1.00008528316614     
   2.32000000000000        1.00147875084716     
   2.33000000000000        1.00103135552111     
   2.34000000000000        1.00006475836515     
   2.35000000000000        1.00085955401432     
   2.36000000000000       0.999536867394847     
   2.37000000000000        1.00036864284211     
   2.38000000000000        1.00024875299272     
   2.39000000000000        1.00033351709449     
   2.40000000000000        1.00018811423560     
   2.41000000000000        1.00119974727838     
   2.42000000000000        1.00090017990192     
   2.43000000000000        1.00151162335169     
   2.44000000000000        1.00107422927865     
   2.45000000000000        1.00079067866132     
   2.46000000000000        1.00130992972580     
   2.47000000000000        1.00168355282667     
   2.48000000000000        1.00156825790817     
   2.49000000000000        1.00201453049201     
   2.50000000000000        1.00162653364366     
   2.51000000000000        1.00191105416112     
   2.52000000000000        1.00151823520079     
   2.53000000000000        1.00227639584247     
   2.54000000000000        1.00177442129780     
   2.55000000000000        1.00210584632595     
   2.56000000000000        1.00206579710339     
   2.57000000000000        1.00264338189819     
   2.58000000000000        1.00256185543342     
   2.59000000000000        1.00331646922155     
   2.60000000000000        1.00313937860204     
   2.61000000000000        1.00255917132572     
   2.62000000000000        1.00272137428727     
   2.63000000000000        1.00374881961599     
   2.64000000000000        1.00324434978871     
   2.65000000000000        1.00353225415406     
   2.66000000000000        1.00417591521649     
   2.67000000000000        1.00330076600431     
   2.68000000000000        1.00438642791402     
   2.69000000000000        1.00363512322659     
   2.70000000000000        1.00434555693353     
   2.71000000000000        1.00449176558015     
   2.72000000000000        1.00403538871874     
   2.73000000000000        1.00447265313418     
   2.74000000000000        1.00431553929413     
   2.75000000000000        1.00380865960474     
   2.76000000000000        1.00329278649773     
   2.77000000000000        1.00424420670325     
   2.78000000000000        1.00448765159701     
   2.79000000000000        1.00373861327546     
   2.80000000000000        1.00431330217933     
   2.81000000000000        1.00384554505705     
   2.82000000000000        1.00349575605471     
   2.83000000000000        1.00416968953648     
   2.84000000000000        1.00405670746900     
   2.85000000000000        1.00383057275167     
   2.86000000000000        1.00431299341568     
   2.87000000000000        1.00425850327811     
   2.88000000000000        1.00459567875673     
   2.89000000000000        1.00407067324575     
   2.90000000000000        1.00438459752320     
   2.91000000000000        1.00436956856657     
   2.92000000000000        1.00418640681377     
   2.93000000000000        1.00371060632327     
   2.94000000000000        1.00367595610095     
   2.95000000000000        1.00355410015502     
   2.96000000000000        1.00330546293595     
   2.97000000000000        1.00362382917100     
   2.98000000000000        1.00327995007995     
   2.99000000000000        1.00341527114917     
   3.00000000000000        1.00358832683053     
   3.01000000000000        1.00331055366425     
   3.02000000000000        1.00298678489878     
   3.03000000000000        1.00408900618383     
   3.04000000000000        1.00401279250758     
   3.05000000000000        1.00358518441668     
   3.06000000000000        1.00349461511955     
   3.07000000000000        1.00364006758001     
   3.08000000000000        1.00348486075185     
   3.09000000000000        1.00405737841698     
   3.10000000000000        1.00366476284597     
   3.11000000000000        1.00357910721615     
   3.12000000000000        1.00294698307284     
   3.13000000000000        1.00359127062840     
   3.14000000000000        1.00315861811012     
   3.15000000000000        1.00321411622346     
   3.16000000000000        1.00378814246455     
   3.17000000000000        1.00334876154731     
   3.18000000000000        1.00369268832340     
   3.19000000000000        1.00312406230411     
   3.20000000000000        1.00324213044681     
   3.21000000000000        1.00285857144389     
   3.22000000000000        1.00305625707921     
   3.23000000000000        1.00309670610485     
   3.24000000000000        1.00254099322137     
   3.25000000000000        1.00281038622342     
   3.26000000000000        1.00347822430488     
   3.27000000000000        1.00329620369703     
   3.28000000000000        1.00266159032150     
   3.29000000000000        1.00249805206594     
   3.30000000000000        1.00257323419800     
   3.31000000000000        1.00215593364254     
   3.32000000000000        1.00281392318696     
   3.33000000000000        1.00259394201384     
   3.34000000000000        1.00228334344843     
   3.35000000000000        1.00267319067286     
   3.36000000000000        1.00212356756746     
   3.37000000000000        1.00221811106535     
   3.38000000000000        1.00254177562475     
   3.39000000000000        1.00232873040117     
   3.40000000000000        1.00214620767790     
   3.41000000000000        1.00263572830121     
   3.42000000000000        1.00205488665664     
   3.43000000000000        1.00271259451138     
   3.44000000000000        1.00324724029515     
   3.45000000000000        1.00197937501207     
   3.46000000000000        1.00262582340277     
   3.47000000000000        1.00278499781075     
   3.48000000000000        1.00287350629631     
   3.49000000000000        1.00365803450071     
   3.50000000000000        1.00322364776821     
   3.51000000000000        1.00243654735065     
   3.52000000000000        1.00258496615885     
   3.53000000000000        1.00304042809920     
   3.54000000000000        1.00199440030026     
   3.55000000000000        1.00261540612588     
   3.56000000000000        1.00281306535106     
   3.57000000000000        1.00286815205750     
   3.58000000000000        1.00209998201882     
   3.59000000000000        1.00227049289564     
   3.60000000000000        1.00305297771161     
   3.61000000000000        1.00246085316729     
   3.62000000000000        1.00321994935454     
   3.63000000000000        1.00266511895935     
   3.64000000000000        1.00311776481497     
   3.65000000000000        1.00274103754330     
   3.66000000000000        1.00254584248764     
   3.67000000000000        1.00282413076623     
   3.68000000000000        1.00253445045750     
   3.69000000000000        1.00285489200154     
   3.70000000000000        1.00296029237636     
   3.71000000000000        1.00255508956661     
   3.72000000000000        1.00278087600228     
   3.73000000000000        1.00215717997585     
   3.74000000000000        1.00264505941945     
   3.75000000000000        1.00294968805088     
   3.76000000000000        1.00245574761347     
   3.77000000000000        1.00206929837940     
   3.78000000000000        1.00200771100299     
   3.79000000000000        1.00205139971249     
   3.80000000000000        1.00199654943969     
   3.81000000000000        1.00284487341569     
   3.82000000000000        1.00254312097888     
   3.83000000000000        1.00231247118245     
   3.84000000000000        1.00231922407484     
   3.85000000000000        1.00148097681050     
   3.86000000000000        1.00225497789010     
   3.87000000000000        1.00189641273604     
   3.88000000000000        1.00261663024166     
   3.89000000000000        1.00236983399688     
   3.90000000000000        1.00206427880814     
   3.91000000000000        1.00184045797216     
   3.92000000000000        1.00165456334737     
   3.93000000000000        1.00248634229250     
   3.94000000000000        1.00263770938930     
   3.95000000000000        1.00257267977466     
   3.96000000000000        1.00229359943231     
   3.97000000000000        1.00239737204352     
   3.98000000000000        1.00248640556331     
   3.99000000000000        1.00277931624077     
   4.00000000000000        1.00228553334426     
   4.01000000000000        1.00282524149803     
   4.02000000000000        1.00291442183711     
   4.03000000000000        1.00232303970952     
   4.04000000000000        1.00221463901808     
   4.05000000000000        1.00226803397191     
   4.06000000000000        1.00233543085806     
   4.07000000000000        1.00278111549350     
   4.08000000000000        1.00234585041672     
   4.09000000000000        1.00246342668303     
   4.10000000000000        1.00302486555367     
   4.11000000000000        1.00287302123855     
   4.12000000000000        1.00333484641212     
   4.13000000000000        1.00233676084940     
   4.14000000000000        1.00264003825184     
   4.15000000000000        1.00285201313991     
   4.16000000000000        1.00267080499104     
   4.17000000000000        1.00268655597680     
   4.18000000000000        1.00285427162111     
   4.19000000000000        1.00234441698172     
   4.20000000000000        1.00225093521568     
   4.21000000000000        1.00242145779598     
   4.22000000000000        1.00281534598353     
   4.23000000000000        1.00311167203455     
   4.24000000000000        1.00299191058877     
   4.25000000000000        1.00246184548318     
   4.26000000000000        1.00303996742445     
   4.27000000000000        1.00255730493445     
   4.28000000000000        1.00224120938299     
   4.29000000000000        1.00273255008246     
   4.30000000000000        1.00266391782179     
   4.31000000000000        1.00244701740592     
   4.32000000000000        1.00206467583747     
   4.33000000000000        1.00187420083133     
   4.34000000000000        1.00207880300172     
   4.35000000000000        1.00242213090520     
   4.36000000000000        1.00231629133513     
   4.37000000000000        1.00198356058297     
   4.38000000000000        1.00228356807787     
   4.39000000000000        1.00231403954521     
   4.40000000000000        1.00187619551678     
   4.41000000000000        1.00245091259404     
   4.42000000000000        1.00191319720220     
   4.43000000000000        1.00179898910867     
   4.44000000000000        1.00206107990718     
   4.45000000000000        1.00195498165152     
   4.46000000000000        1.00181256065364     
   4.47000000000000        1.00161743473784     
   4.48000000000000        1.00196575986747     
   4.49000000000000        1.00147382241328     
   4.50000000000000        1.00171705228996     
   4.51000000000000        1.00165727113460     
   4.52000000000000        1.00219745834561     
   4.53000000000000        1.00198154647309     
   4.54000000000000        1.00198233415280     
   4.55000000000000        1.00180593959324     
   4.56000000000000        1.00191626807338     
   4.57000000000000        1.00164649453787     
   4.58000000000000        1.00173741151381     
   4.59000000000000        1.00206471607470     
   4.60000000000000        1.00160919557157     
   4.61000000000000        1.00175998025797     
   4.62000000000000        1.00175892980575     
   4.63000000000000        1.00218728244094     
   4.64000000000000        1.00218936912194     
   4.65000000000000        1.00223658060217     
   4.66000000000000        1.00201846501524     
   4.67000000000000        1.00184204339930     
   4.68000000000000        1.00215777332881     
   4.69000000000000        1.00178689828652     
   4.70000000000000        1.00153907557937     
   4.71000000000000        1.00180389993232     
   4.72000000000000        1.00125924028116     
   4.73000000000000        1.00165495816151     
   4.74000000000000        1.00197502795474     
   4.75000000000000        1.00198630770067     
   4.76000000000000        1.00156455449517     
   4.77000000000000        1.00171377203689     
   4.78000000000000        1.00205543056104     
   4.79000000000000        1.00208297813402     
   4.80000000000000        1.00234556664300     
   4.81000000000000        1.00206631835658     
   4.82000000000000        1.00158636870137     
   4.83000000000000        1.00151389387301     
   4.84000000000000        1.00197590168185     
   4.85000000000000        1.00264063945451     
   4.86000000000000        1.00184480354809     
   4.87000000000000        1.00172420387740     
   4.88000000000000        1.00192915043378     
   4.89000000000000        1.00201082954025     
   4.90000000000000        1.00201280114161     
   4.91000000000000        1.00174626182830     
   4.92000000000000        1.00240895022289     
   4.93000000000000        1.00202475963032     
   4.94000000000000        1.00193687271073     
   4.95000000000000        1.00167612878342     
   4.96000000000000        1.00177139315322     
   4.97000000000000        1.00220625787501     
   4.98000000000000        1.00208777481749     
   4.99000000000000        1.00182109367143     
   5.00000000000000        1.00168972812625     
   5.01000000000000        1.00160530019061     
   5.02000000000000        1.00160328358067     
   5.03000000000000        1.00163078839712     
   5.04000000000000        1.00201838456522     
   5.05000000000000        1.00189344598285     
   5.06000000000000        1.00206175967194     
   5.07000000000000        1.00158821628656     
   5.08000000000000        1.00205109182454     
   5.09000000000000        1.00181578553882     
   5.10000000000000        1.00174725029535     
   5.11000000000000        1.00260268286463     
   5.12000000000000        1.00196061200386     
   5.13000000000000        1.00181085744409     
   5.14000000000000        1.00177949027460     
   5.15000000000000        1.00187784219065     
   5.16000000000000        1.00203232952792     
   5.17000000000000        1.00146753028847     
   5.18000000000000        1.00150809748216     
   5.19000000000000        1.00211430844978     
   5.20000000000000        1.00185039685834     
   5.21000000000000        1.00177581385443     
   5.22000000000000        1.00216796472006     
   5.23000000000000        1.00229416119459     
   5.24000000000000        1.00216923819596     
   5.25000000000000        1.00208162022620     
   5.26000000000000        1.00223728123296     
   5.27000000000000        1.00220297790612     
   5.28000000000000        1.00248031609793     
   5.29000000000000        1.00178876329733     
   5.30000000000000        1.00204853427443     
   5.31000000000000        1.00232627706009     
   5.32000000000000        1.00211786323693     
   5.33000000000000        1.00208843371160     
   5.34000000000000        1.00152228366266     
   5.35000000000000        1.00211368547996     
   5.36000000000000        1.00186461966162     
   5.37000000000000        1.00186473350344     
   5.38000000000000        1.00207747759914     
   5.39000000000000        1.00197273030381     
   5.40000000000000        1.00204051072946     
   5.41000000000000        1.00200519208579     
   5.42000000000000        1.00199969311304     
   5.43000000000000        1.00178134641298     
   5.44000000000000        1.00185792489941     
   5.45000000000000        1.00151349968213     
   5.46000000000000        1.00218268988535     
   5.47000000000000        1.00181573796683     
   5.48000000000000        1.00155646445432     
   5.49000000000000        1.00198554475404     
   5.50000000000000        1.00179349716840     
   5.51000000000000        1.00172976466649     
   5.52000000000000        1.00148180769179     
   5.53000000000000        1.00208016081539     
   5.54000000000000        1.00157610319423     
   5.55000000000000        1.00162942738603     
   5.56000000000000        1.00152688085156     
   5.57000000000000        1.00136672759639     
   5.58000000000000        1.00122567586080     
   5.59000000000000        1.00168600860423     
   5.60000000000000        1.00121808780001     
   5.61000000000000        1.00146918034243     
   5.62000000000000        1.00132082147936     
   5.63000000000000        1.00145327041034     
   5.64000000000000        1.00142157755145     
   5.65000000000000        1.00170746965052     
   5.66000000000000        1.00139747386251     
   5.67000000000000        1.00145010255747     
   5.68000000000000        1.00136098930137     
   5.69000000000000        1.00148545902421     
   5.70000000000000        1.00130335562596     
   5.71000000000000        1.00155192543377     
   5.72000000000000        1.00134283738768     
   5.73000000000000        1.00166831291802     
   5.74000000000000        1.00148261215937     
   5.75000000000000        1.00137854455249     
   5.76000000000000        1.00121267858715     
   5.77000000000000        1.00106200448502     
   5.78000000000000        1.00152193393901     
   5.79000000000000        1.00162567021364     
   5.80000000000000        1.00117625281068     
   5.81000000000000        1.00118097433675     
   5.82000000000000        1.00156938435532     
   5.83000000000000        1.00155451243850     
   5.84000000000000        1.00137492921434     
   5.85000000000000        1.00146457658775     
   5.86000000000000        1.00110447345516     
   5.87000000000000        1.00110615669271     
   5.88000000000000        1.00123220966562     
   5.89000000000000        1.00078188293876     
   5.90000000000000        1.00133283250767     
   5.91000000000000        1.00117141057225     
   5.92000000000000        1.00141902471842     
   5.93000000000000        1.00133417866812     
   5.94000000000000        1.00161282999335     
   5.95000000000000        1.00160583766493     
   5.96000000000000        1.00186084661412     
   5.97000000000000        1.00177551044564     
   5.98000000000000        1.00193514869530     
