  5.000000000000000E-002   79.9699662935587        10.1920569697854     
  0.100000000000000        86.0890997928754        9.84075912874610     
  0.150000000000000        85.0903432975827        9.95506204359583     
  0.200000000000000        77.6590378146726        11.5011422883042     
  0.250000000000000        77.3302053668806        11.9516059169153     
  0.300000000000000        79.6832519321030        13.0748740750489     
  0.350000000000000        84.5256031202583        12.7138515963703     
  0.400000000000000        81.1046652160621        12.5491850360389     
  0.450000000000000        85.7781000825392        10.9830854026728     
  0.500000000000000        82.2453030909621        13.5335421848282     
  0.550000000000000        84.7502723877254        13.0780625978588     
  0.600000000000000        87.0446894409573        13.1872585504283     
  0.650000000000000        80.6462391787058        14.2446420694171     
  0.700000000000000        81.7224250928849        13.4219734944147     
  0.750000000000000        87.3645343044688        12.5760260290702     
  0.800000000000000        85.1561917113272        14.0868771111704     
  0.850000000000000        80.6936530848154        14.4204184223823     
  0.900000000000000        79.0468313321848        14.8496010377735     
  0.950000000000000        85.9367271973064        14.5724611937564     
   1.00000000000000        87.1225111956599        15.4211512250375     
   1.05000000000000        78.0623787663851        13.3310042347999     
   1.10000000000000        84.6279236898925        14.0815042976885     
   1.15000000000000        87.4854441459333        13.9187038519298     
   1.20000000000000        87.6622503372705        14.8936631918948     
   1.25000000000000        83.8432349948390        14.4268993594841     
   1.30000000000000        81.3373860290903        14.2436459620766     
   1.35000000000000        84.1245597331075        15.0996993699188     
   1.40000000000000        84.5705479498076        14.4595910144088     
   1.45000000000000        83.1501493735552        14.5146390785551     
   1.50000000000000        81.1435002143530        14.4330133442410     
   1.55000000000000        80.8794305906739        14.1386856320930     
   1.60000000000000        80.5942616539435        12.8722964850932     
   1.65000000000000        84.7779533690040        15.4246293040992     
   1.70000000000000        82.5242112492831        13.3459832333131     
   1.75000000000000        77.5631775570066        14.1786878191162     
   1.80000000000000        77.4228140801205        12.4386554308353     
   1.85000000000000        80.2839031776764        12.9461893724580     
   1.90000000000000        83.4830339767899        14.0132124772945     
   1.95000000000000        78.0648181628791        13.2808766498834     
   2.00000000000000        86.7264059403310        13.7983563844780     
   2.05000000000000        76.6675628602101        14.9647785902941     
   2.10000000000000        79.1823911064237        14.7977163080656     
   2.15000000000000        77.0369007193493        12.2871826161842     
   2.20000000000000        86.0233291349241        11.8356943378809     
   2.25000000000000        84.9830084939719        13.1174522975413     
   2.30000000000000        81.6202880238000        13.3473923676655     
   2.35000000000000        82.8137266369475        12.3174008036626     
   2.40000000000000        78.9897847147086        12.7712260278525     
   2.45000000000000        91.8040131859206        13.6124070085358     
   2.50000000000000        83.5719281145331        13.3093828263772     
   2.55000000000000        83.3565953353944        13.6588410853507     
   2.60000000000000        80.1925957776455        13.3365220251028     
   2.65000000000000        83.4163342270546        12.1082467332973     
   2.70000000000000        79.7861189432514        13.8773157583955     
   2.75000000000000        87.1423380267299        13.8106412825693     
   2.80000000000000        81.8530558972463        14.0735638573329     
   2.85000000000000        77.4316334061501        13.7978264234421     
   2.90000000000000        78.0782156483811        13.7506963900014     
   2.95000000000000        82.8652635934262        13.7295257715310     
   3.00000000000000        82.0001328497268        12.2360448737791     
   3.05000000000000        78.1701913195670        13.7222253744986     
   3.10000000000000        86.6877119381242        12.6962602244209     
   3.15000000000000        81.8263096159721        14.9811957919278     
   3.20000000000000        87.6119670853195        14.3621276621529     
   3.25000000000000        83.1016949093555        13.2295188297356     
   3.30000000000000        76.4438631869511        13.5877334839734     
   3.35000000000000        75.5474962572096        13.0671363203454     
   3.40000000000000        79.3945629616652        13.1168678717975     
   3.45000000000000        83.4188927374918        13.1904865794120     
   3.50000000000000        80.9900487986922        14.3896890690210     
   3.55000000000000        81.4215305337556        12.6578578481921     
   3.60000000000000        78.6619650978749        13.5870067812279     
   3.65000000000000        83.7359168520106        12.6606259747485     
   3.70000000000000        77.8230769011071        14.0485567440875     
   3.75000000000000        82.6168878704490        14.2248054551112     
   3.80000000000000        80.4255805155021        14.0944219974055     
   3.85000000000000        87.3340441190552        14.8338356075589     
   3.90000000000000        81.5656603732528        12.8229430101838     
   3.95000000000000        77.6262948372415        12.5470099240040     
   4.00000000000000        84.1645028451155        14.7133814672637     
   4.05000000000000        91.1615665872994        14.7891977356365     
   4.10000000000000        83.0441045789731        14.4129242410073     
   4.15000000000000        80.7396253375020        13.4038761563378     
   4.20000000000000        83.1733598427737        12.5147915505555     
   4.25000000000000        87.4420089560643        13.0418298547880     
   4.30000000000000        86.5108652464757        15.1057314654935     
   4.35000000000000        82.7280829556528        13.0503946881112     
   4.40000000000000        78.6101463981028        12.5829566073985     
   4.45000000000000        83.9998767302850        13.8346305130059     
   4.50000000000000        80.9976492550941        14.0703139872295     
   4.55000000000000        79.2768706207476        13.1328800221580     
   4.60000000000000        78.2247303012948        14.0762461672670     
   4.65000000000000        82.2835312993675        13.1140889729529     
   4.70000000000000        76.7734334789031        14.6978387433826     
   4.75000000000000        83.6683731154712        15.3815641607018     
   4.80000000000000        76.2787676037406        13.0315423625093     
   4.85000000000000        81.0828890261721        13.7655639415663     
   4.90000000000000        81.0047881504018        14.1717261629666     
   4.95000000000000        83.6192350973396        13.1622713947830     
   5.00000000000000        76.2783678504969        12.5017497101724     
   5.05000000000000        81.1229071853078        14.2368595772632     
   5.10000000000000        74.5325030442557        13.7913738888801     
   5.15000000000000        78.9200653475748        15.2069598250206     
   5.20000000000000        80.9776558015993        13.5197399471457     
   5.25000000000000        82.9404715861663        12.8267295718860     
   5.30000000000000        82.7266546715840        13.3297500132496     
   5.35000000000000        82.6701364205115        13.9964567678833     
   5.40000000000000        83.8298032901780        13.3512259333573     
   5.45000000000000        80.9771765864180        14.1341363102121     
   5.50000000000000        80.1714062075243        14.1156510873704     
   5.55000000000000        83.9229720946882        12.4135193412764     
   5.60000000000000        80.1387457846760        13.8087978325287     
   5.65000000000000        78.6543067083530        13.9898207419476     
   5.70000000000000        79.1026644686666        14.6827353230025     
   5.75000000000000        78.8850015504209        14.8142811295729     
   5.80000000000000        77.1550351774538        13.9430361997378     
   5.85000000000000        89.5863915090575        13.2165917038387     
   5.90000000000000        83.5499537876918        13.7084245537703     
   5.95000000000000        79.2262843811483        14.0027541423353     
   6.00000000000000        81.5420535746125        13.3539444233169     
   6.05000000000000        83.8282233798727        14.1129780716942     
   6.10000000000000        76.9335627327744        13.1136287792620     
   6.15000000000000        82.4649906740793        11.6683776135766     
   6.20000000000000        81.0094512773494        12.9346849903054     
   6.25000000000000        81.4170170678878        12.3376980964818     
   6.30000000000000        80.3316372242755        13.9428545350802     
   6.35000000000000        84.6616511804281        13.6205595312503     
   6.40000000000000        74.7182676630890        14.1129332207972     
   6.45000000000000        87.1158161600432        15.5050616197934     
   6.50000000000000        74.2436343542651        11.5144251814113     
   6.55000000000000        76.4682675292674        13.3060166576826     
   6.60000000000000        87.8447816279396        13.8861044358009     
   6.65000000000000        90.7702485182442        12.4597536127142     
   6.70000000000000        76.9438366072177        14.2180641886273     
   6.75000000000000        77.1202578180762        13.2523921335263     
   6.80000000000000        84.8654949747324        13.5666001253853     
   6.85000000000000        81.8597426530851        12.0392234261431     
   6.90000000000000        87.3234114612016        14.3005361852890     
   6.95000000000000        82.0941948928183        12.3734140333274     
   7.00000000000000        79.0972383354358        13.4326180012827     
   7.05000000000000        83.2013745311534        12.6740306729199     
   7.10000000000000        84.1456646326099        14.3453533637592     
   7.15000000000000        86.5008443063672        12.8485172690626     
   7.20000000000000        81.7652789308656        13.8653191944162     
   7.25000000000000        86.8495120507653        13.7822979122287     
   7.30000000000000        72.7144958275241        15.3616790294632     
   7.35000000000000        83.7731902273945        14.4918583073323     
   7.40000000000000        85.1047948038006        12.7816309520461     
   7.45000000000000        81.7968529236169        12.3528490123869     
   7.50000000000000        83.5568426864581        12.9262676646937     
   7.55000000000000        86.0681406159541        12.9736058769136     
   7.60000000000000        82.6248269915092        12.9777545983980     
   7.65000000000000        92.6055810807734        14.3116290406311     
   7.70000000000000        81.9413134045852        12.7026320733000     
   7.75000000000000        84.0946819448135        10.7849697745170     
   7.80000000000000        85.2807553352152        14.6298112418462     
   7.85000000000000        82.0787941692685        13.8885535924463     
   7.90000000000000        85.0519598783510        14.0586988814855     
   7.95000000000000        80.9604260471851        12.1649364010926     
   8.00000000000000        82.7694623641706        12.9619247098795     
   8.05000000000000        77.6974064315529        14.4606135196415     
   8.10000000000000        87.7513275198953        14.3241782348950     
   8.15000000000000        86.8919076143016        12.2608498483663     
   8.20000000000000        81.4328801526987        12.9554779006211     
   8.25000000000000        78.0174613975235        13.0465881277320     
   8.30000000000000        85.3568799705071        14.9838352532950     
   8.35000000000000        80.1264899634239        12.2281391758734     
   8.40000000000000        83.4822853740747        13.2270216252494     
   8.45000000000000        85.6662682044664        13.1148839998226     
   8.50000000000000        82.1929643111073        14.1316296831749     
   8.55000000000000        78.9552971884121        12.5394947710614     
   8.60000000000000        83.2128053762572        13.9335913785654     
   8.65000000000000        81.6998446126373        11.8635345383747     
   8.70000000000000        84.0808673020424        12.7469333606967     
   8.75000000000000        78.7192363709908        11.4470286777558     
   8.80000000000000        82.3005974838734        13.5368915564000     
   8.85000000000000        86.0260462574865        12.9704538769252     
   8.90000000000000        77.4113494066320        13.5545779500860     
   8.95000000000000        84.1602377068672        13.9432122939403     
   9.00000000000000        85.2072958355282        12.8792145846775     
   9.05000000000000        83.7416360605419        12.8174938453478     
   9.10000000000000        92.4477430557338        11.2440379871578     
   9.15000000000000        84.1275236278496        12.0321681808055     
   9.20000000000000        80.0632278925474        12.2601042196477     
   9.25000000000000        86.1311530643365        14.4232283584051     
   9.30000000000000        80.7261907858699        13.6866578606727     
   9.35000000000000        80.3712025437683        14.2388525876269     
   9.40000000000000        86.2205132600423        14.6450136481001     
   9.45000000000000        85.6698655494668        12.6122438457171     
   9.50000000000000        78.5393791596588        14.4743620950141     
   9.55000000000000        85.5483522539203        11.7414642184354     
   9.60000000000000        86.5370630005726        14.3525470909659     
   9.65000000000000        83.2007179217753        13.8303369454928     
   9.70000000000000        79.0145138595039        13.2758790631456     
   9.75000000000000        82.0817783522498        12.0873806392118     
   9.80000000000000        87.1892507882166        12.2242033876854     
   9.85000000000000        78.9967159866310        13.9902690653126     
   9.90000000000000        77.5325271181516        13.3276800158494     
   9.95000000000000        79.4104349075679        14.1915964824391     
   10.0000000000000        85.7374064433018        13.4229535520488     
   10.0500000000000        83.8323368388086        13.8191952407553     
   10.1000000000000        87.8555913925251        13.3746650116169     
   10.1500000000000        88.0340440671008        12.1561145367108     
   10.2000000000000        85.5241495694904        12.9238988029629     
   10.2500000000000        79.5032129360317        11.2366451603767     
   10.3000000000000        82.8395814119061        12.2862456648096     
   10.3500000000000        82.7103041950701        12.5691464059632     
   10.4000000000000        83.5806807395154        12.5665783650311     
   10.4500000000000        83.5074705923899        12.1332074939622     
   10.5000000000000        83.2731993674370        11.0461881012781     
   10.5500000000000        79.5984188782275        13.3723929374173     
   10.6000000000000        78.6472528537506        14.7934462570652     
   10.6500000000000        83.3736213784262        13.4970785127584     
   10.7000000000000        84.3649312183262        15.6945066542070     
   10.7500000000000        82.7596328153826        16.7058396786537     
   10.8000000000000        77.6404255234618        14.9164972793918     
   10.8500000000000        78.7938650237986        13.8847605951436     
   10.9000000000000        88.1292900292015        14.0640823542679     
   10.9500000000000        86.3127151843812        15.7344060186933     
   11.0000000000000        83.0722284092148        13.2783140932178     
   11.0500000000000        80.7448527547548        14.1311857431305     
   11.1000000000000        84.9878058461764        14.1772796266476     
   11.1500000000000        82.0161360876861        12.3013380269346     
   11.2000000000000        81.1865286609954        13.7780360866463     
   11.2500000000000        80.8143603501400        13.2085406163929     
   11.3000000000000        81.5845463483904        15.0498045248905     
   11.3500000000000        81.3550688413078        14.1455759267759     
   11.4000000000000        85.3908895811025        13.9769818577856     
   11.4500000000000        77.9801359089055        13.0535417265130     
   11.5000000000000        84.8018968838558        13.6480143987366     
   11.5500000000000        80.5668211937628        13.2918964216110     
   11.6000000000000        78.1525143685460        13.7201797576801     
   11.6500000000000        77.7783169496059        13.5273773982408     
   11.7000000000000        84.2130762619171        13.2151115097637     
   11.7500000000000        78.9841921275122        15.3596159106033     
   11.8000000000000        85.7073552028577        13.3412182840159     
   11.8500000000000        83.7021594214140        13.4969516342240     
   11.9000000000000        86.2876829109448        13.9602211936182     
   11.9500000000000        85.0035427176256        15.2473534047300     
   12.0000000000000        85.8611651327388        14.7658356960793     
   12.0500000000000        81.6679233386707        13.6039460100590     
   12.1000000000000        84.0994818129568        15.5295033225606     
   12.1500000000000        78.7144052770804        12.6231035792988     
   12.2000000000000        78.1804766818412        13.8611174181938     
   12.2500000000000        83.7657545196639        13.2883314845684     
   12.3000000000000        79.8148104016417        12.7025117780265     
   12.3500000000000        80.1935109571813        13.5383067826710     
   12.4000000000000        84.6866542590044        13.3515000673952     
   12.4500000000000        83.7326524011611        16.2950505063830     
   12.5000000000000        81.2134349675642        12.4489442449002     
   12.5500000000000        81.8938312537166        12.7459644058518     
   12.6000000000000        79.9264768315158        13.3656213745468     
   12.6500000000000        85.6502875338881        15.4019533206156     
   12.7000000000000        81.5890321290110        12.5344405257235     
   12.7500000000000        80.7999691786311        13.3537420260943     
   12.8000000000000        81.1208142682303        12.6276948972525     
   12.8500000000000        78.8066835169528        13.4453290233976     
   12.9000000000000        81.1786814740735        13.1047413573996     
   12.9500000000000        79.9950414116582        14.7221616781090     
   13.0000000000000        82.5715893692366        13.4863067392872     
   13.0500000000000        80.9546426176845        13.4391674666567     
   13.1000000000000        80.5947631513703        14.7864814727601     
   13.1500000000000        89.3765667556891        13.1485414853654     
   13.2000000000000        85.2498667462376        15.6801249449890     
   13.2500000000000        76.3004629425826        13.1986436048266     
   13.3000000000000        84.0219106580298        12.7433336041339     
   13.3500000000000        77.2069391718917        13.7534226195195     
   13.4000000000000        79.0391604814253        13.9231295125678     
   13.4500000000000        80.5896992846464        13.8539908153191     
   13.5000000000000        78.7355861212621        14.2205605918387     
   13.5500000000000        79.1582800135051        13.3867270005128     
   13.6000000000000        81.2286137262252        14.2823991372608     
   13.6500000000000        76.9067088192305        13.8061062285363     
   13.7000000000000        81.2003767106059        14.9504484982513     
   13.7500000000000        79.0015878622665        12.8940284035188     
   13.8000000000000        88.4363021427601        13.3765365291545     
   13.8500000000000        83.7123699595963        14.5734693037856     
   13.9000000000000        86.7104389854699        13.5936337443394     
   13.9500000000000        81.6688979735878        12.8052628744461     
   14.0000000000000        85.0176737582693        12.9727556250139     
   14.0500000000000        79.8634823065667        12.1490901488236     
   14.1000000000000        78.4227318878975        14.4046539610354     
   14.1500000000000        86.1738324902817        13.5718294918591     
   14.2000000000000        86.7561206598523        13.8965394092253     
   14.2500000000000        86.9137553000375        13.7048163536670     
   14.3000000000000        85.0116208881512        14.7998301584953     
   14.3500000000000        83.6240339130698        15.3727413906019     
   14.4000000000000        87.1178108021166        14.2446650444852     
   14.4500000000000        78.8752613254618        13.1322959025928     
   14.5000000000000        79.4636029824504        12.9519931025142     
   14.5500000000000        82.4982589353469        14.2238363802714     
   14.6000000000000        75.0582631056404        12.8670899146411     
   14.6500000000000        79.2526102344007        14.1799107307681     
   14.7000000000000        77.7716600569038        13.3467250501364     
   14.7500000000000        79.0238302081681        12.3734282470656     
   14.8000000000000        87.2793705890119        13.0877723286019     
   14.8500000000000        87.3370411372264        14.0667285157900     
   14.9000000000000        78.6954570950649        13.2393173494937     
   14.9500000000000        80.7156264358409        12.0820087699828     
   15.0000000000000        79.4046338681398        12.7425975120053     
   15.0500000000000        85.3144136038076        13.5394351846008     
   15.1000000000000        79.3017786092221        14.8039228890698     
   15.1500000000000        82.1576457538226        12.2961038840903     
   15.2000000000000        84.1577646875878        13.0338957521397     
   15.2500000000000        87.5459880893284        13.7639831915728     
   15.3000000000000        78.6484867967406        13.4001876338655     
   15.3500000000000        85.0023977380678        13.7669197687438     
   15.4000000000000        87.8594778217447        13.8066609253257     
   15.4500000000000        79.6949111682617        12.7314464735009     
   15.5000000000000        81.9882246169166        14.8757608677050     
   15.5500000000000        75.5092293795050        12.1742447477318     
   15.6000000000000        83.0412654669078        14.4261243780544     
   15.6500000000000        81.1329391231787        12.7659435387178     
   15.7000000000000        84.3854623070425        13.2988314461013     
   15.7500000000000        82.7255589437963        14.2660508535608     
   15.8000000000000        80.5534321913955        14.5875053040699     
   15.8500000000000        79.2603639545852        12.8482826980597     
   15.9000000000000        82.3787699210277        14.0338290586089     
   15.9500000000000        81.5073193772403        15.8028585253118     
   16.0000000000000        78.3836395317343        15.3720696252588     
   16.0500000000000        79.9021418152203        13.9037105384409     
   16.1000000000000        84.0812652455598        12.2355808524929     
   16.1500000000000        81.8390351454405        14.9424775670324     
   16.2000000000000        80.5204757113893        12.9692641328599     
   16.2500000000000        85.7456384970170        11.8251507504849     
   16.3000000000000        85.7299301169151        12.6118865783431     
   16.3500000000000        83.0096595486228        12.5090367951457     
   16.4000000000000        83.2261052994344        12.7616678995727     
   16.4500000000000        90.8837950629919        13.0424405858223     
   16.5000000000000        85.2868377290076        13.2035928684397     
   16.5500000000000        78.8931392244968        11.6348248004716     
   16.6000000000000        79.2046946199739        13.5818844851948     
   16.6500000000000        86.5501913196053        12.5890389043078     
   16.7000000000000        85.0967428782030        11.7157939575863     
   16.7500000000000        77.9714313084122        11.4682353043509     
   16.8000000000000        79.4074532043682        12.3608425866346     
   16.8500000000000        80.5317963374845        13.6454806563304     
   16.9000000000000        78.8165011758763        12.1183793356377     
   16.9500000000000        86.6037603257380        15.5520368789549     
   17.0000000000000        82.3034465713690        12.9489267560515     
   17.0500000000000        85.0185993724893        16.0146542668669     
   17.1000000000000        81.2026480054404        13.3512527551312     
   17.1500000000000        83.2402355078304        13.4941888584961     
   17.2000000000000        81.1191451270477        15.6918739593430     
   17.2500000000000        79.8505476997237        12.8861942352352     
   17.3000000000000        85.9174630221947        13.6080992833245     
   17.3500000000000        81.2562102084982        14.7203775358015     
   17.4000000000000        80.2270086477964        14.2840909914175     
   17.4500000000000        88.9465289057326        13.9675598631822     
   17.5000000000000        84.5100649405570        14.1342074474246     
   17.5500000000000        80.7477338054175        13.7669129894958     
   17.6000000000000        79.5735107110935        14.3996335076916     
   17.6500000000000        77.8220619723273        13.8844701673907     
   17.7000000000000        81.0350298516729        12.5074295898373     
   17.7500000000000        80.8027936398953        13.8039254472300     
   17.8000000000000        86.2821524573382        12.8232837506276     
   17.8500000000000        80.0993219830683        13.6556947845582     
   17.9000000000000        83.3101614488730        14.5648039595305     
   17.9500000000000        79.4679331212819        14.4058482787974     
   18.0000000000000        88.1952506407173        13.9254954819915     
   18.0500000000000        84.0408955107787        12.9156453233681     
   18.1000000000000        80.3173854893540        13.1070244533132     
   18.1500000000000        82.9494391849554        13.7694901422822     
   18.2000000000000        73.8419103203207        13.0363090705748     
   18.2500000000000        76.8440617005674        13.6876802680619     
   18.3000000000000        82.1680437873086        12.8725522588808     
   18.3500000000000        77.6835209177913        13.6927822797910     
   18.4000000000000        83.5949544806774        13.1767653353261     
   18.4500000000000        79.8937247493468        13.2885719401542     
   18.5000000000000        80.2810296437206        11.4340084609956     
   18.5500000000000        84.4220469339362        12.3934344544479     
   18.6000000000000        78.0550860209166        11.7692852932218     
   18.6500000000000        84.9440981455505        13.1997113562971     
   18.7000000000000        86.2945420767648        13.1490738907542     
   18.7500000000000        78.4210853053958        13.2879784041487     
   18.8000000000000        83.4885305991087        13.6483993662142     
   18.8500000000000        92.3639480338553        15.1217879774930     
   18.9000000000000        83.6414255596634        12.4176315791894     
   18.9500000000000        74.8537069179746        13.2060049000961     
   19.0000000000000        81.2750682298822        13.5201236863360     
   19.0500000000000        78.9904670009712        13.4372760846810     
   19.1000000000000        82.3987072124104        14.2791094123206     
   19.1500000000000        77.2978978097165        11.8240821704789     
   19.2000000000000        78.4287001372205        12.5460987872469     
   19.2500000000000        85.0491658538108        13.2403213194237     
   19.3000000000000        84.1359814500711        14.4100858684939     
   19.3500000000000        79.7899406052382        12.7782132488269     
   19.4000000000000        83.6284700137189        14.0692134364318     
   19.4500000000000        80.3600658893085        12.2923752921663     
   19.5000000000000        86.8859231399718        13.1639548117350     
   19.5500000000000        84.4674825629098        12.3183383015594     
   19.6000000000000        84.3933624371797        13.1069547990006     
   19.6500000000000        80.1362431857604        12.4195405409160     
   19.7000000000000        79.8601951885612        14.0088314240866     
   19.7500000000000        85.3774296532846        14.3825594280580     
   19.8000000000000        81.3095120401128        12.6588447069472     
   19.8500000000000        85.4971135753850        14.5691761447440     
   19.9000000000000        80.1643158085018        14.1877768170140     
   19.9500000000000        78.1542274083937        11.5060930609189     
   20.0000000000000        83.6225014453529        12.6004140875539     
   20.0500000000000        80.6722448517238        13.6216146023919     
   20.1000000000000        76.8256102638117        12.9874485395411     
   20.1500000000000        88.7995235333485        13.0689041593404     
   20.2000000000000        80.1969000412221        11.6558148656231     
   20.2500000000000        84.2386491554249        13.0800911334226     
   20.3000000000000        80.1115690383841        11.8485823986489     
   20.3500000000000        88.4549599621555        13.8541431746193     
   20.4000000000000        83.7055784485210        13.0771065726977     
   20.4500000000000        88.1556107913796        13.1811498315990     
   20.5000000000000        83.4445428246212        14.4692732579710     
   20.5500000000000        80.9032472285178        12.7308423672013     
   20.6000000000000        82.2224224550251        13.9237149672483     
   20.6500000000000        83.4613171112764        14.8531079830882     
   20.7000000000000        86.6478644725518        13.2351421878040     
   20.7500000000000        79.4993055939290        14.0997140008092     
   20.8000000000000        80.9958613078797        13.1316713191625     
   20.8500000000000        82.0022932037906        14.7794596445432     
   20.9000000000000        81.2260860077276        13.7907934069499     
   20.9500000000000        80.1465649550410        12.8252599590782     
   21.0000000000000        81.5391201800896        13.4928673535655     
   21.0500000000000        78.1523314937876        12.3923243235807     
   21.1000000000000        86.2395875046478        11.0916609674519     
   21.1500000000000        77.0583806791954        13.1678120784236     
   21.2000000000000        81.2583781210744        13.4044413645813     
   21.2500000000000        88.8557408986272        13.3891882569689     
   21.3000000000000        84.0373388025852        12.5165936499656     
   21.3500000000000        87.8890680237784        13.6497435515300     
   21.4000000000000        84.9492838646134        13.0648722807851     
   21.4500000000000        78.6831670448675        12.3357469600544     
   21.5000000000000        87.8694733732921        13.6866673469386     
   21.5500000000000        84.0219532146247        13.2232149699250     
   21.6000000000000        85.7574843099666        12.7192902757269     
   21.6500000000000        87.0728917676842        13.5863843074649     
   21.7000000000000        83.4758650059002        13.2569413900241     
   21.7500000000000        84.4285820942654        12.1544797869708     
   21.8000000000000        80.3298987357316        12.4811985206500     
   21.8500000000000        77.8388548772730        12.8410236117362     
   21.9000000000000        80.1654227249740        13.3284841832672     
   21.9500000000000        88.6347249791554        13.7951279193899     
   22.0000000000000        83.3342254294348        13.9115602203707     
   22.0500000000000        75.7445291921417        13.4189418888598     
   22.1000000000000        81.1346709028885        12.9110091507402     
   22.1500000000000        78.1706234544364        14.5685619260785     
   22.2000000000000        79.5455225875392        13.8868717013962     
   22.2500000000000        78.4967923575766        12.6084078428207     
   22.3000000000000        79.5268068498281        12.6080455294950     
   22.3500000000000        82.6800459993672        13.5293838375698     
   22.4000000000000        79.8509624630639        15.2977408436585     
   22.4500000000000        86.3904599445371        13.3086174728312     
   22.5000000000000        80.8847966860044        15.5742258652299     
   22.5500000000000        83.6461090404712        14.9127530914998     
   22.6000000000000        76.6928986404370        12.1098266855479     
   22.6500000000000        75.8678736905362        12.4881924191101     
   22.7000000000000        77.1469338903396        12.0820205781783     
   22.7500000000000        80.9499398220700        13.9643341522126     
   22.8000000000000        81.1511765151225        12.1005312915218     
   22.8500000000000        78.5601078812626        12.4659521919734     
   22.9000000000000        83.3867557300941        13.7846338543960     
   22.9500000000000        87.0206864951519        13.1974560825978     
   23.0000000000000        79.0547619677993        12.6629546081106     
   23.0500000000000        83.1976250234886        14.7669223658949     
   23.1000000000000        90.2921322264668        13.5645629757895     
   23.1500000000000        80.1393362585899        12.9875104777462     
   23.2000000000000        79.5064218542048        12.9650128832331     
   23.2500000000000        91.9996450800405        13.1305705588122     
   23.3000000000000        81.5395834831067        13.1788078577090     
   23.3500000000000        84.5364842116243        14.2980590526629     
   23.4000000000000        82.6437003595953        12.4897995406704     
   23.4500000000000        79.8859481887740        14.5007167680776     
   23.5000000000000        78.0967571430104        12.3360344777041     
   23.5500000000000        84.8855316614038        13.0827176718496     
   23.6000000000000        84.3347454208624        12.9164352048054     
   23.6500000000000        82.4560406960701        13.1191866762557     
   23.7000000000000        78.2790884592847        13.5585042156119     
   23.7500000000000        82.6692700772671        13.4802401722709     
   23.8000000000000        81.9447277127772        13.8862141462771     
   23.8500000000000        85.2908576950187        13.1502059571745     
   23.9000000000000        84.3453869446652        15.1827699162199     
   23.9500000000000        84.0813299627745        15.4239352498415     
   24.0000000000000        78.0753774514269        12.3926568166583     
   24.0500000000000        78.0274607768489        13.6041819400449     
   24.1000000000000        85.4524212423914        13.0257555098856     
   24.1500000000000        84.8638617813702        15.6925136812959     
   24.2000000000000        83.9237849542792        14.0130335541546     
   24.2500000000000        86.6081324401571        14.2218662974932     
   24.3000000000000        80.0421662880470        14.6681798789228     
   24.3500000000000        77.3046744007669        13.3239029667645     
   24.4000000000000        81.6690845938847        14.8471938566025     
   24.4500000000000        87.8313042602085        15.1942683455100     
   24.5000000000000        81.8136324893827        13.6125275321550     
   24.5500000000000        88.8387064042952        14.6951153853124     
   24.6000000000000        84.9960319819505        15.0788313903576     
   24.6500000000000        82.9565891253643        13.3790777058962     
   24.7000000000000        80.5294606161135        12.5827396540499     
   24.7500000000000        79.3483922015029        13.3021837441566     
   24.8000000000000        77.5531862050457        14.6448091110358     
   24.8500000000000        81.6636420971241        12.9000179319640     
   24.9000000000000        80.5089654431135        13.8403862706387     
   24.9500000000000        79.0819311844734        12.7399668091138     
   25.0000000000000        83.0838668808057        14.4727321991971     
   25.0500000000000        80.9388763001947        14.2184546395125     
   25.1000000000000        81.5027432148233        12.7411494625295     
   25.1500000000000        74.0690922999154        13.1436018680361     
   25.2000000000000        84.2064179130432        12.9822696935258     
   25.2500000000000        85.2562211451099        14.8699654395458     
   25.3000000000000        77.3771522992554        13.6003205215599     
   25.3500000000000        84.5962338311373        16.3740189374347     
   25.4000000000000        82.3896881056343        13.0686190839278     
   25.4500000000000        86.0716030170875        14.7993117727339     
   25.5000000000000        81.6555113756590        14.4752185282481     
   25.5500000000000        81.2433742188480        13.7026031990887     
   25.6000000000000        81.4938846457192        14.6508515078869     
   25.6500000000000        81.3663954496981        13.0967781303799     
   25.7000000000000        78.2068394362369        13.2349110711566     
   25.7500000000000        79.4246679046235        13.8146566255234     
   25.8000000000000        84.7953474036717        14.7471347537146     
   25.8500000000000        86.0473575093209        13.9643697501927     
   25.9000000000000        83.2464794532901        13.2887579879718     
   25.9500000000000        82.3211069694239        11.5701943243109     
   26.0000000000000        78.5506805749387        14.0744690833005     
   26.0500000000000        81.8936877077058        12.4051317340277     
   26.1000000000000        85.2632282285521        13.6411973297251     
   26.1500000000000        81.9392539147189        13.6638654246210     
   26.2000000000000        92.4502913576287        14.9390989139848     
   26.2500000000000        77.5492356557745        13.2862542715175     
   26.3000000000000        80.7285686528717        13.6673070665210     
   26.3500000000000        80.4870391498562        11.7149677010467     
   26.4000000000000        84.0509696114490        13.1994926569727     
   26.4500000000000        85.0776219895126        12.0830126980148     
   26.5000000000000        86.7630141430067        13.3111888445168     
   26.5500000000000        77.5328901428067        10.9962394247635     
   26.6000000000000        86.3261280298114        12.4231057202311     
   26.6500000000000        84.3574186746011        13.7188935770107     
   26.7000000000000        84.3640668082817        13.9561128646763     
   26.7500000000000        82.9499067623924        14.0775056758351     
   26.8000000000000        82.7258248341781        12.4564451934168     
   26.8500000000000        87.0372635247315        13.2408957643340     
   26.9000000000000        75.6542545564980        13.7800303554167     
   26.9500000000000        83.8672966293680        13.0629437847716     
   27.0000000000000        81.1283357469734        15.4229118079592     
   27.0500000000000        81.9194089140006        13.9063044366169     
   27.1000000000000        81.3582613851278        12.9238877177629     
   27.1500000000000        83.2608779060442        12.5109731431269     
   27.2000000000000        81.9401988181377        13.7111590181284     
   27.2500000000000        83.8919560571218        14.5313656662260     
   27.3000000000000        80.7854753492469        14.8331715409451     
   27.3500000000000        76.8893462684792        14.0980535916047     
   27.4000000000000        78.1736867885904        12.8716879637243     
   27.4500000000000        77.9971102704754        11.2022585477170     
   27.5000000000000        81.6768932555476        14.1034490846477     
   27.5500000000000        75.3742567272521        12.2261073471482     
   27.6000000000000        75.0397179571213        12.7608289438234     
   27.6500000000000        77.9677545569281        13.9452131499622     
   27.7000000000000        84.7003580585322        12.9135220251613     
   27.7500000000000        81.5162107195128        13.0963670933341     
   27.8000000000000        81.0869759288734        13.6558735683569     
   27.8500000000000        80.7118660736290        12.8736585219691     
   27.9000000000000        81.1578597453917        13.0254949587187     
   27.9500000000000        78.6370293334208        13.0192749461273     
   28.0000000000000        78.5355852081570        12.9603023680013     
   28.0500000000000        78.5963299633519        13.6014975471964     
   28.1000000000000        79.8909563357432        13.3675164684359     
   28.1500000000000        81.8295926436872        13.4194689022458     
   28.2000000000000        82.4690844841227        13.0603195839146     
   28.2500000000000        78.4981718036753        14.3088409312963     
   28.3000000000000        80.8309336334464        12.8095867680080     
   28.3500000000000        81.5524756355745        12.6491004932916     
   28.4000000000000        83.1848677119703        12.1222885397057     
   28.4500000000000        86.0156308130774        14.4166871492831     
   28.5000000000000        77.1101838785769        11.7925684624327     
   28.5500000000000        85.9341650934282        15.1988392227821     
   28.6000000000000        83.3177176574317        12.4252188800224     
   28.6500000000000        81.8781473278390        14.5467720329751     
   28.7000000000000        75.9974596771563        14.2380911805744     
   28.7500000000000        85.6372491052230        13.4254647345363     
   28.8000000000000        81.5479505106865        13.4492163339661     
   28.8500000000000        85.4593194816730        13.7238815076019     
   28.9000000000000        81.1342111234871        13.8712555667447     
   28.9500000000000        83.7819736565864        13.7624532871852     
   29.0000000000000        78.8731893681084        12.5629970639643     
   29.0500000000000        85.4201833280809        14.3231790699550     
   29.1000000000000        87.4884685090505        13.8582435524281     
   29.1500000000000        81.6779405290768        14.1890708166717     
   29.2000000000000        83.2007440618018        14.0776079160684     
   29.2500000000000        85.6678990563353        12.6393442827935     
   29.3000000000000        80.3688593501882        15.4131801307769     
   29.3500000000000        75.7212127769114        13.0442219824919     
   29.4000000000000        84.7629709204226        14.5930314022034     
   29.4500000000000        83.9234893512661        14.8036583818850     
   29.5000000000000        86.3842158757893        14.0433193306534     
   29.5500000000000        81.0269434442680        13.3461691120302     
   29.6000000000000        83.1873863037211        15.0545588297396     
   29.6500000000000        76.9888927160221        13.5869368270765     
   29.7000000000000        88.2381032256908        12.5729241093070     
   29.7500000000000        77.0102595537044        12.3343511117861     
   29.8000000000000        83.8714029303646        12.2357399026193     
   29.8500000000000        81.1753080876919        13.2901251528283     
   29.9000000000000        86.1529573452578        13.9606934416329     
   29.9500000000000        81.8062958724962        14.0270042907257     
   30.0000000000000        87.0013065269248        15.3640456257923     
   30.0500000000000        80.7546036181138        15.2529489931089     
   30.1000000000000        82.5240415089724        12.2420670314487     
   30.1500000000000        81.5961576605227        13.2865732982704     
   30.2000000000000        89.6316916206874        13.9362901562387     
   30.2500000000000        81.7269025645194        14.9317347431668     
   30.3000000000000        81.0137919288443        15.2256899735487     
   30.3500000000000        89.0217746035592        14.0696911816491     
   30.4000000000000        86.4447576141661        13.4572415821077     
   30.4500000000000        79.8828622251374        13.2547507880412     
   30.5000000000000        79.4656933046614        13.0808387245022     
   30.5500000000000        82.3811890047801        15.1851603756127     
   30.6000000000000        81.8854388135290        13.8586987869165     
   30.6500000000000        81.8611166909797        14.5147766675189     
   30.7000000000000        76.1264184402579        14.0541086948613     
   30.7500000000000        84.6999883319280        15.7410576982100     
   30.8000000000000        79.9839800961589        14.6442738458572     
   30.8500000000000        72.9760622789206        14.9865618874832     
   30.9000000000000        87.9579150528537        14.0743150915678     
   30.9500000000000        93.4411040675927        14.5273403508133     
   31.0000000000000        82.6743696160942        11.6958267203049     
   31.0500000000000        78.7726635169978        12.4180245930018     
   31.1000000000000        77.1513258040630        12.5493341814561     
   31.1500000000000        76.9686004668682        13.6840058622793     
   31.2000000000000        80.1525376779990        11.6054333319434     
   31.2500000000000        80.7057170377669        12.3099774497249     
   31.3000000000000        80.5614166339362        13.8281730792299     
   31.3500000000000        80.8160376864952        13.6445509399666     
   31.4000000000000        79.2487108617989        14.6377129412966     
   31.4500000000000        80.2649320188979        13.3342669525775     
   31.5000000000000        81.5715163890087        13.1695835203142     
   31.5500000000000        80.4068355897419        14.7494169509808     
   31.6000000000000        78.8764990988987        14.8498472916153     
   31.6500000000000        85.7001641242663        12.9419754967458     
   31.7000000000000        81.8302922857091        13.4948469095133     
   31.7500000000000        84.3434835909436        14.5160688778369     
   31.8000000000000        83.6918300446305        13.1017400037098     
   31.8500000000000        84.5296142403568        13.0597784024112     
   31.9000000000000        79.7481994106562        14.4347313954767     
   31.9500000000000        86.8824379035404        14.4947637998760     
   32.0000000000000        83.5280548275327        14.8560830397051     
   32.0500000000000        85.5826872027604        15.7130508703497     
   32.1000000000000        74.7724171948950        14.3574504635631     
   32.1500000000000        83.9656868466170        14.5320044740501     
   32.2000000000000        79.5749976031008        14.2364487535316     
   32.2500000000000        85.3354531548997        14.1098132000874     
   32.3000000000000        82.3756390253617        14.0738475081706     
   32.3500000000000        83.6488415968502        14.7956834402243     
   32.4000000000000        82.0937504139709        15.4380174353633     
   32.4500000000000        81.4748657814355        14.4388249510305     
   32.5000000000000        81.6181024528560        13.2098767306339     
   32.5500000000000        82.5513066344175        14.6230734989407     
   32.6000000000000        87.2438223985154        13.9813168673305     
   32.6500000000000        80.7235320043539        12.7224705157412     
   32.7000000000000        83.0463928591785        13.9925302036665     
   32.7500000000000        81.1298561970811        14.0559603819928     
   32.8000000000000        85.5649836744230        13.4259036201943     
   32.8500000000000        86.9731575969180        14.3099585754651     
   32.9000000000000        88.9716470788354        13.4895761886756     
   32.9500000000000        82.6828748123268        12.9660145281397     
   33.0000000000000        81.4997980868930        13.3652325141384     
   33.0500000000000        82.2558931468342        13.6260933684267     
   33.1000000000000        79.4194546535254        14.7562268938659     
   33.1500000000000        81.4843410932995        15.7331881499070     
   33.2000000000000        82.1470125450640        13.4195072831273     
   33.2500000000000        77.1949904507486        14.0670445452725     
   33.3000000000000        76.3360050341836        14.2823553649208     
   33.3500000000000        80.5453768569591        14.1702420936526     
   33.4000000000000        79.5280299476183        13.6833480638310     
   33.4500000000000        81.2175206072854        13.8974957662090     
   33.5000000000000        78.5089750423000        12.7656302239690     
   33.5500000000000        88.7064129376331        13.6222183539754     
   33.6000000000000        80.8562165814349        11.7098701079984     
   33.6500000000000        77.4175343181737        12.1817868124714     
   33.7000000000000        77.2993536451389        12.5308288919676     
   33.7500000000000        79.8539795665478        12.1483871325367     
   33.8000000000000        87.8419033636615        11.9292388947303     
   33.8500000000000        84.0762022931224        15.0176332770341     
   33.9000000000000        90.3904591941150        15.0500076992808     
   33.9500000000000        78.6195967338883        13.9742941783144     
   34.0000000000000        82.4142543716725        13.6374891002504     
   34.0500000000000        87.5937716907287        11.6797315310331     
   34.1000000000000        75.5181615726321        13.9350153898155     
   34.1500000000000        79.2574736989366        12.8877219987776     
   34.2000000000000        83.9769903880396        12.6491633281513     
   34.2500000000000        82.4742211251035        11.5995372669871     
   34.3000000000000        79.9794854430425        13.0617505726397     
   34.3500000000000        80.9990095555973        12.1321268216792     
   34.4000000000000        85.8655753433281        13.6058573788174     
   34.4500000000000        86.7134064794495        14.0673851260539     
   34.5000000000000        81.8407552388882        12.3316619318656     
   34.5500000000000        84.9115438637471        14.6287839073777     
   34.6000000000000        78.9991869623670        13.2591722465628     
   34.6500000000000        83.0236287146562        14.2476072472486     
   34.7000000000000        80.4162668374255        13.6772328850849     
   34.7500000000000        86.1044324563955        14.7640900061122     
   34.8000000000000        83.5463927559418        12.3133336740993     
   34.8500000000000        88.2970068433330        15.4478486995130     
   34.9000000000000        77.2004798759169        14.1460036984180     
   34.9500000000000        84.7268456184474        13.7488324289651     
   35.0000000000000        78.8992368165793        13.2749487021412     
   35.0500000000000        78.9734876492650        12.0995145056852     
   35.1000000000000        80.0681012441165        13.7684315166042     
   35.1500000000000        84.5284573636396        15.2271197147238     
   35.2000000000000        88.0412959178735        14.6711565403320     
   35.2500000000000        83.3737683508608        12.2206391943067     
   35.3000000000000        78.6940539567547        13.1567560501468     
   35.3500000000000        80.7587835113071        14.7574301528218     
   35.4000000000000        86.9233384047010        12.2332750929567     
   35.4500000000000        79.9701459689355        12.0649347885554     
   35.5000000000000        80.0401856231932        12.8703694298736     
   35.5500000000000        82.6166843951605        13.5426314429270     
   35.6000000000000        77.9434340418404        15.2676894729532     
   35.6500000000000        82.8211027268030        12.8451871729075     
   35.7000000000000        84.9854493388073        14.3297117020417     
   35.7500000000000        75.3792837381319        13.7783488096856     
   35.8000000000000        77.6464876939249        13.8126872095537     
   35.8500000000000        86.9153172053399        13.7048575583069     
   35.9000000000000        80.0147729106762        13.8362201494336     
   35.9500000000000        84.8279441557147        13.2393075529913     
   36.0000000000000        80.6896985409407        12.8957240803696     
   36.0500000000000        78.8676475261235        12.6220200803373     
   36.1000000000000        81.7470909025717        12.9703086445521     
   36.1500000000000        84.6607302141033        13.5804734438762     
   36.2000000000000        84.9705030845574        14.4722346406240     
   36.2500000000000        86.0214837421157        13.7939664165570     
   36.3000000000000        83.3869535759420        15.3573970097375     
   36.3500000000000        78.3600504558138        14.3748047552590     
   36.4000000000000        79.4928253108122        13.9413300676635     
   36.4500000000000        83.1828764863258        13.4425846870155     
   36.5000000000000        78.4673551246282        14.5760931416675     
   36.5500000000000        87.5422316066520        13.4911964349496     
   36.6000000000000        77.0194670486028        14.2389078866397     
   36.6500000000000        76.5589484189220        12.7266392414487     
   36.7000000000000        77.2130802886752        12.9361000036140     
   36.7500000000000        82.7366911102231        13.6013865424612     
   36.8000000000000        83.7073655450007        15.0461444725094     
   36.8500000000000        75.1902472355378        15.0070392406865     
   36.9000000000000        86.6663411607683        13.4823654131777     
   36.9500000000000        93.4326135765275        14.4285805105205     
   37.0000000000000        86.2288426141109        13.8366570271219     
   37.0500000000000        75.2714127091209        15.4241278837904     
   37.1000000000000        75.3955949297964        14.0110782304399     
   37.1500000000000        82.6304988266059        13.7227943956360     
   37.2000000000000        83.7603149387083        14.0492107402269     
   37.2500000000000        81.1374519639992        12.9375291358585     
   37.3000000000000        84.2551005990054        13.9634047410571     
   37.3500000000000        77.3252564886906        14.7367343132643     
   37.4000000000000        88.8368803670183        13.8193163389279     
   37.4500000000000        84.7395305361774        13.3499958238246     
   37.5000000000000        83.9735939001420        13.1553106903452     
   37.5500000000000        84.1001753178091        11.9616837065622     
   37.6000000000000        82.6071858836497        14.8898951640208     
   37.6500000000000        83.3878145582527        13.5351049431752     
   37.7000000000000        78.7633416987179        13.3288759397895     
   37.7500000000000        83.0618456365639        14.4726026099446     
   37.8000000000000        89.6332731286829        13.2169157896849     
   37.8500000000000        89.1465231429578        13.6175309257610     
   37.9000000000000        81.3247369605227        14.2107078708559     
   37.9500000000000        81.4888222189239        11.4321720402783     
   38.0000000000000        82.2144061573728        13.8830555464970     
   38.0500000000000        82.2595040610741        15.1855422602960     
   38.1000000000000        83.3291510804511        14.3733708770970     
   38.1500000000000        84.4396822610516        14.5095505737509     
   38.2000000000000        80.0077881282520        14.2590038671277     
   38.2500000000000        83.6800753788579        12.6721890075044     
   38.3000000000000        81.7742891585226        12.0196627770837     
   38.3500000000000        84.4981609449328        13.4629922632359     
   38.4000000000000        70.4180400689557        12.1547393387383     
   38.4500000000000        81.4679713296682        13.4293350137168     
   38.5000000000000        77.4184083975037        12.4948133544459     
   38.5500000000000        87.3939687621758        14.3083666808579     
   38.6000000000000        84.8196962599060        15.8050677245831     
   38.6500000000000        78.9510964815592        13.0222054802433     
   38.7000000000000        81.8894763714017        13.1408671949032     
   38.7500000000000        80.6119536045261        11.6966012135788     
   38.8000000000000        78.9726847605234        11.6782109083357     
   38.8500000000000        78.2333777242834        12.7531107166416     
   38.9000000000000        85.8398825622103        12.7792508392632     
   38.9500000000000        95.7816585280131        14.4958800566317     
   39.0000000000000        79.9755712494955        13.1438766245100     
   39.0500000000000        81.0665994816804        14.1024842625152     
   39.1000000000000        80.2576657209259        15.1881242335935     
   39.1500000000000        83.7189190520530        12.8168178620209     
   39.2000000000000        77.4711638766744        14.0447441616341     
   39.2500000000000        86.1333724131814        13.0155322815971     
   39.3000000000000        78.4235732477750        12.1780659922032     
   39.3500000000000        78.9559750601936        12.2277241238921     
   39.4000000000000        79.4943797665212        13.4086771503637     
   39.4500000000000        84.5406112956375        13.5432081485272     
   39.5000000000000        82.5281329776959        13.6325224522594     
   39.5500000000000        78.1505082608490        14.6954500510638     
   39.6000000000000        79.2116083961467        14.5920362283982     
   39.6500000000000        77.3297477445757        14.0723455681996     
   39.7000000000000        88.6090869916391        14.5379745987597     
   39.7500000000000        86.6330839779438        14.3319579035754     
   39.8000000000000        79.4177890074398        12.5241446831464     
   39.8500000000000        85.4468057605562        12.9774468416949     
   39.9000000000000        87.3799005697758        13.2420274211727     
   39.9500000000000        85.0822231630337        13.9661893197927     
   40.0000000000000        77.9574329526932        13.2536981440005     
   40.0500000000000        81.7256531304038        13.4491592183322     
   40.1000000000000        74.9915729474573        13.7037863966781     
   40.1500000000000        83.8198180421175        13.3308460170587     
   40.2000000000000        86.0343461959801        13.0064147934572     
   40.2500000000000        83.9250935067527        12.5472545442260     
   40.3000000000000        86.5039893049027        13.8145300833897     
   40.3500000000000        78.9924413012780        13.4830923054678     
   40.4000000000000        80.5752266556177        15.2990701418434     
   40.4500000000000        82.5179547888104        13.7217185395977     
   40.5000000000000        80.1588267277237        14.2541849704607     
   40.5500000000000        76.9471197569310        14.8051516668785     
   40.6000000000000        83.4611924731429        13.7958131315034     
   40.6500000000000        82.3564722048720        13.0591414425568     
   40.7000000000000        78.2850690998539        15.3046013092832     
   40.7500000000000        80.9572544471188        12.3972392396380     
   40.8000000000000        82.0898066859252        12.5697420333383     
   40.8500000000000        87.0751082952787        14.1724897104469     
   40.9000000000000        77.7175756431420        12.2888186201149     
   40.9500000000000        78.7435501739611        12.6990349732532     
   41.0000000000000        89.5487421846446        14.0110994247711     
   41.0500000000000        83.7188303602127        13.8345617784861     
   41.1000000000000        84.4253479169487        12.7577355328228     
   41.1500000000000        78.7929434620091        14.2137689185567     
   41.2000000000000        78.6167110815813        11.8971397306617     
   41.2500000000000        79.8618907441478        12.6294766158519     
   41.3000000000000        75.4943355152285        13.2533530776688     
   41.3500000000000        82.7883685244622        13.6521997558540     
   41.4000000000000        91.3324772474269        13.0286637571913     
   41.4500000000000        78.4175037541513        14.2677658862227     
   41.5000000000000        82.7101355681719        15.7300596088576     
   41.5500000000000        79.8955682025303        13.9923162122356     
   41.6000000000000        80.8355226038342        14.2692262509347     
   41.6500000000000        78.2690228117504        13.7533107572060     
   41.7000000000000        82.9906609451572        15.6055126560693     
   41.7500000000000        82.6032978923855        12.8187368614093     
   41.8000000000000        86.2858597523706        14.5621934383918     
   41.8500000000000        82.8767576846934        14.3302497878265     
   41.9000000000000        84.0816428871756        13.2736949421565     
   41.9500000000000        89.3004466054912        13.8460909755284     
   42.0000000000000        85.9067339911793        14.5832516894000     
   42.0500000000000        82.0292034043456        14.7034430388203     
   42.1000000000000        82.8419287705759        13.5483381365987     
   42.1500000000000        88.3725519738373        13.8266883224396     
   42.2000000000000        79.1299023044027        12.8904967220171     
   42.2500000000000        79.0875169357479        12.2146148405286     
   42.3000000000000        83.4565083150985        15.1186333382667     
   42.3500000000000        83.6981702227728        13.3751589050672     
   42.4000000000000        80.9081623472023        13.0070029979205     
   42.4500000000000        80.8020269799093        12.9523423232853     
   42.5000000000000        85.4662752142026        15.4877767432087     
   42.5500000000000        77.8058029989268        13.6986889248916     
   42.6000000000000        87.2203220983823        13.5341441240183     
   42.6500000000000        83.5597701402878        13.3924011961738     
   42.7000000000000        79.1210698074041        13.1008032470963     
   42.7500000000000        80.7693412328243        14.7578192122621     
   42.8000000000000        81.4467250855145        12.1234703579516     
   42.8500000000000        78.0298250007913        12.8023886723175     
   42.9000000000000        83.2728817151565        13.4809551457883     
   42.9500000000000        79.4001020736557        13.6657859953367     
   43.0000000000000        80.7264240047159        13.1677252958628     
   43.0500000000000        79.8991574604893        14.1053403352178     
   43.1000000000000        79.7729767449853        14.0604991497905     
   43.1500000000000        80.9005183338462        15.4610979704005     
   43.2000000000000        76.5600202063259        13.3795302102127     
   43.2500000000000        76.7429208374145        13.0610955227906     
   43.3000000000000        81.1013639661949        11.9583934962918     
   43.3500000000000        81.6124414551556        13.8463386748200     
   43.4000000000000        82.3711131560482        12.7796182177636     
   43.4500000000000        81.3183632717464        14.7141089564884     
   43.5000000000000        76.1578131982605        13.0023007869157     
   43.5500000000000        80.7320850835570        13.9978634240216     
   43.6000000000000        83.0427534827249        13.1851382393910     
   43.6500000000000        81.3575628786373        12.5915996112059     
   43.7000000000000        80.2854889924027        16.3634555875481     
   43.7500000000000        80.2960602889051        13.3115662712215     
   43.8000000000000        81.1003665070876        14.4087040824450     
   43.8500000000000        84.6316546419334        15.7062536208079     
   43.9000000000000        74.9271386749692        13.1596766838340     
   43.9500000000000        82.9656948910837        13.4601706461170     
   44.0000000000000        82.3231972324377        12.2522329293419     
   44.0500000000000        79.6761687509139        13.0079036286892     
   44.1000000000000        84.4262157500867        14.1976330266425     
   44.1500000000000        86.1644853962899        15.1742302945684     
   44.2000000000000        85.5094848255289        14.6527388006801     
   44.2500000000000        83.7619081097364        13.8292906112768     
   44.3000000000000        92.1756538472497        14.4830705952791     
   44.3500000000000        83.3386195975437        14.1133662033335     
   44.4000000000000        81.5056314228659        13.0766894596328     
   44.4500000000000        86.4273355835455        14.8010152816836     
   44.5000000000000        83.0035148189039        13.8115260618378     
   44.5500000000000        82.8068243293109        13.8399343150642     
   44.6000000000000        84.9846553914842        15.7515221008384     
   44.6500000000000        77.8296097070562        14.2432430600115     
   44.7000000000000        84.7742260699042        13.5234152019378     
   44.7500000000000        85.3599593170876        13.6924377310849     
   44.8000000000000        81.0275184277726        13.2759691095303     
   44.8500000000000        76.9970278139062        13.7834351775563     
   44.9000000000000        82.8812548304161        12.0831659855953     
   44.9500000000000        86.2854716378253        13.6210026400507     
   45.0000000000000        77.7148269811048        14.7158282445315     
   45.0500000000000        84.7462527362696        14.0831855073348     
   45.1000000000000        78.1673529375655        12.5433759582527     
   45.1500000000000        79.1358814804970        12.9242489030113     
   45.2000000000000        81.4306463240841        13.8802976006540     
   45.2500000000000        91.4848336047377        15.3939509413618     
   45.3000000000000        81.3239127665928        14.1085294513408     
   45.3500000000000        83.2212732023794        13.7901206500195     
   45.4000000000000        84.3596531468966        13.1779215665897     
   45.4500000000000        82.1834405194699        13.2756842680839     
   45.5000000000000        81.1172856553281        14.4480750896345     
   45.5500000000000        83.8168739078877        12.7912560019773     
   45.6000000000000        83.1972494504980        13.0608054893031     
   45.6500000000000        74.7945153145701        14.0844136541825     
   45.7000000000000        87.4915362548178        13.9718031783537     
   45.7500000000000        76.8066692345040        12.8646167346097     
   45.8000000000000        84.0116297991660        14.9390496292701     
   45.8500000000000        82.0231097070631        13.0852045118595     
   45.9000000000000        75.9170448300648        12.3686305765485     
   45.9500000000000        76.7845290797398        15.0603172770315     
   46.0000000000000        80.6967463814740        13.5094894092687     
   46.0500000000000        80.4755656227837        13.7882997575510     
   46.1000000000000        76.8815333602474        13.3642483297719     
   46.1500000000000        82.7108215543929        14.4558357059086     
   46.2000000000000        77.6096407654298        14.6507211330989     
   46.2500000000000        76.4744475063842        13.8074861781717     
   46.3000000000000        83.9394637177016        14.7815195983901     
   46.3500000000000        88.0891063829601        12.7096173300221     
   46.4000000000000        86.4332699639423        14.7165016408681     
   46.4500000000000        84.3907006360043        12.9402467691401     
   46.5000000000000        86.4800235981595        13.2713017714433     
   46.5500000000000        86.5254085693615        13.7077511250169     
   46.6000000000000        79.0895601679155        14.0181447898617     
   46.6500000000000        81.2966525537946        12.0030333779404     
   46.7000000000000        84.7106787179931        12.0659056501808     
   46.7500000000000        78.4330756066642        13.3090668067790     
   46.8000000000000        82.1019717319538        12.8356720277130     
   46.8500000000000        79.0834734568658        14.1592585669042     
   46.9000000000000        83.2444387072854        13.9432304962753     
   46.9500000000000        78.5239557080822        13.8507066215524     
   47.0000000000000        93.6378351484768        13.6846030663361     
   47.0500000000000        80.4402372544224        13.7016653109765     
   47.1000000000000        76.9929029573841        12.6285121157337     
   47.1500000000000        81.8412580575868        13.6911324500299     
   47.2000000000000        81.9500789811604        13.9714612641401     
   47.2500000000000        82.8224580488025        13.1126706111018     
   47.3000000000000        86.8251172602610        14.2144260826196     
   47.3500000000000        80.9930752811030        14.5191647723388     
   47.4000000000000        79.2729025956733        12.5636020852362     
   47.4500000000000        82.6676381998675        13.3649615888997     
   47.5000000000000        83.4281804598934        13.6056088464569     
   47.5500000000000        81.7014088973556        12.7532761992300     
   47.6000000000000        82.8247370830623        14.7056200373530     
   47.6500000000000        79.3951591902762        12.8231602096543     
   47.7000000000000        82.6289574784523        12.8975237898655     
   47.7500000000000        84.0171361861468        13.5259851804026     
   47.8000000000000        87.0027553680467        14.2421259724398     
   47.8500000000000        85.2758534976712        12.6331464613215     
   47.9000000000000        82.8265121028958        14.3262463837648     
   47.9500000000000        78.5920243686267        15.2729863857459     
   48.0000000000000        74.9449669743821        13.5130628890620     
   48.0500000000000        85.8986390304474        15.4471392330599     
   48.1000000000000        82.0455385817250        13.0365503247263     
   48.1500000000000        78.5338005793308        13.1711855551171     
   48.2000000000000        80.9063204072737        14.5635135373048     
   48.2500000000000        81.9797222753041        13.6389154760745     
   48.3000000000000        83.8020272365676        14.4627866734832     
   48.3500000000000        79.5102685912202        14.4424038314995     
   48.4000000000000        81.1856286196327        14.3405599775983     
   48.4500000000000        90.2906660415280        14.3654504399597     
   48.5000000000000        81.6923797249109        13.4609262187153     
   48.5500000000000        83.4856441648867        12.1262242414270     
   48.6000000000000        81.0071107624033        13.6344652773657     
   48.6500000000000        83.0118017035951        12.9338010054421     
   48.7000000000000        83.5311270896673        15.4499597882520     
   48.7500000000000        83.2317252908194        13.0549217225202     
   48.8000000000000        87.3550171996485        14.3649226399718     
   48.8500000000000        86.3199015839665        13.5815688443366     
   48.9000000000000        79.7812559232447        15.5956311541113     
   48.9500000000000        88.2483584504482        14.0604097464988     
   49.0000000000000        85.6807099132778        14.2022699211357     
   49.0500000000000        87.6382362468490        13.0143284292092     
   49.1000000000000        77.4152299765081        11.6847850907096     
   49.1500000000000        74.9370434245129        12.8502932402091     
   49.2000000000000        81.9724209221232        13.0314933081320     
   49.2500000000000        82.3900631252872        13.1504874135197     
   49.3000000000000        85.3413793755334        14.3520438035210     
   49.3500000000000        82.2154702373863        13.6123899609285     
   49.4000000000000        86.7241432070715        13.3644902832625     
   49.4500000000000        83.0979446816898        13.9499899187335     
   49.5000000000000        77.8514314672356        14.0780690468649     
   49.5500000000000        79.7860086687341        13.3201225899646     
   49.6000000000000        80.9587740898859        12.8418613274047     
   49.6500000000000        80.1873642328323        11.6516235362763     
   49.7000000000000        82.4636491003234        14.4992292335114     
   49.7500000000000        83.4757050545297        13.2750950988429     
   49.8000000000000        80.8067107625358        12.6981467772834     
   49.8500000000000        82.7111314572931        13.2086681113238     
   49.9000000000000        87.2563641784366        12.9419441353303     
   49.9500000000000        83.0385995999663        13.0921213955917     
   50.0000000000000        89.0637955477317        14.2645136839369     
