  0.123888401863174        3.63375529841302       0.463116876650079     
  0.247776803726349        3.91180260548847       0.447154254051094     
  0.371665205589523        3.86642010909886       0.452348064198951     
  0.495553607452697        3.52874901926091       0.522600404438255     
  0.619442009315871        3.51380720166569       0.543069021258713     
  0.743330411179046        3.62072728454283       0.594109203096149     
  0.867218813042220        3.84075888018142       0.577704702687469     
  0.991107214905394        3.68531488275265       0.570222418852570     
   1.11499561676857        3.89767108965050       0.499060417612047     
   1.23888401863174        3.73714432715023       0.614950623336407     
   1.36277242049492        3.85096762702586       0.594254086384108     
   1.48666082235809        3.95522364350766       0.599215841272912     
   1.61054922422127        3.66448446204121       0.647262290992246     
   1.73443762608444        3.71338527379560       0.609881053612708     
   1.85832602794761        3.96975707426076       0.571442046734922     
   1.98221442981079        3.86941219517100       0.640093609054471     
   2.10610283167396        3.66663890252093       0.655249392694630     
   2.22999123353714        3.59180896890314       0.674751021555388     
   2.35387963540031        3.90487894711840       0.662158064183098     
   2.47776803726349        3.95875978621959       0.700721690514477     
   2.60165643912666        3.54707642876577       0.605747501425072     
   2.72554484098983        3.84540822454502       0.639849473782669     
   2.84943324285301        3.97525109654706       0.632451984327837     
   2.97332164471618        3.98328499307523       0.676753161776507     
   3.09721004657936        3.80975275493049       0.655543879995596     
   3.22109844844253        3.69588948377583       0.647217028870797     
   3.34498685030571        3.82253586971267       0.686115239669741     
   3.46887525216888        3.84280112829131       0.657029356103724     
   3.59276365403205        3.77825963738498       0.659530685090467     
   3.71665205589523        3.68707950623999       0.655821693348965     
   3.84054045775840        3.67508044660963       0.642447736436674     
   3.96442885962158        3.66212265529354       0.584904279986150     
   4.08831726148475        3.85222542313417       0.700879730948966     
   4.21220566334793        3.74981763495617       0.606428132138514     
   4.33609406521110        3.52439322501282       0.644265395812819     
   4.45998246707427        3.51801524898660       0.565200064121723     
   4.58387086893745        3.64802027649044       0.588261898895118     
   4.70775927080062        3.79338558087136       0.636746361755786     
   4.83164767266380        3.54718727250306       0.603469754094052     
   4.95553607452697        3.94076115952270       0.626983515754296     
   5.07942447639014        3.48369738880509       0.679984574364372     
   5.20331287825332        3.59796866948479       0.672393431322193     
   5.32720128011649        3.50047973178651       0.558317290896796     
   5.45108968197967        3.90881405256181       0.537802115018969     
   5.57497808384284        3.86154292295759       0.596043914947978     
   5.69886648570602        3.70874426751345       0.606492161794355     
   5.82275488756919        3.76297292465626       0.559690375117623     
   5.94664328943237        3.58921682765165       0.580311739479589     
   6.07053169129554        4.17148255515504       0.618534162060856     
   6.19442009315871        3.79742484159627       0.604765046247753     
   6.31830849502189        3.78764033544498       0.620644080077252     
   6.44219689688506        3.64387135954043       0.605998224298644     
   6.56608529874824        3.79035481094314       0.550186623314296     
   6.68997370061141        3.62540145866240       0.630571350745734     
   6.81386210247458        3.95966069759658       0.627541729238666     
   6.93775050433776        3.71932100691497       0.639488668113351     
   7.06163890620093        3.51841599034205       0.626959434854787     
   7.18552730806411        3.54779604084679       0.624817893265273     
   7.30941570992728        3.76531471242169       0.623855921532596     
   7.43330411179046        3.72600403655874       0.555993643019651     
   7.55719251365363        3.55197532336980       0.623524198791840     
   7.68108091551681        3.93900294275642       0.576905368337459     
   7.80496931737998        3.71810568264016       0.680730555589407     
   7.92885771924315        3.98100017238984       0.652600718840566     
   8.05274612110633        3.77605791498621       0.601136106104356     
   8.17663452296950        3.47353269935187       0.617413021778267     
   8.30052292483268        3.43280268243135       0.593757607260176     
   8.42441132669585        3.60760954641510       0.596017359226606     
   8.54829972855902        3.79047106709889       0.599362519681903     
   8.67218813042220        3.68010682736378       0.653853081607244     
   8.79607653228537        3.69971292592332       0.575160402764003     
   8.91996493414855        3.57432103208234       0.617380001132213     
   9.04385333601172        3.80487632583851       0.575286183666599     
   9.16774173787490        3.53620279130940       0.638352369894593     
   9.29163013973807        3.75402876794533       0.646360935074796     
   9.41551854160124        3.65445795304390       0.640436441140110     
   9.53940694346442        3.96837163072575       0.674034656171868     
   9.66329534532759        3.70626204170023       0.582661707439743     
   9.78718374719077        3.52726121110942       0.570123583936818     
   9.91107214905394        3.82435084477920       0.668561340490994     
   10.0349605509171        4.14229042416030       0.672006355909587     
   10.1588489527803        3.77344106796396       0.654908864587132     
   10.2827373546435        3.66872783571075       0.609058728667834     
   10.4066257565066        3.77931429789579       0.568659613265691     
   10.5305141583698        3.97327744495461       0.592607706771714     
   10.6544025602330        3.93096720593461       0.686389332060557     
   10.7782909620962        3.75908136142191       0.592996884233085     
   10.9021793639593        3.57196644218339       0.571756965283581     
   11.0260677658225        3.81687039874742       0.628631775880475     
   11.1499561676857        3.68045218450222       0.639340997265722     
   11.2738445695489        3.60226172413615       0.596744935326838     
   11.3977329714120        3.55445352016054       0.639610549594446     
   11.5216213732752        3.73888137871196       0.595891088842007     
   11.6455097751384        3.48850804384788       0.667855094660560     
   11.7693981770016        3.80180720599390       0.698922893898130     
   11.8932865788647        3.46603092114637       0.592140253410062     
   12.0171749807279        3.68432539446024       0.625493459940832     
   12.1410633825911        3.68077656876611       0.643949065119039     
   12.2649517844543        3.79957442358801       0.598080449907545     
   12.3888401863174        3.46601275675873       0.568067005080525     
   12.5127285881806        3.68614377959320       0.646908662331261     
   12.6366169900438        3.38668240582793       0.626666238136822     
   12.7605053919069        3.58604884932845       0.690989047489112     
   12.8843937937701        3.67954370196887       0.614323463458356     
   13.0082821956333        3.76873208840381       0.582833765016927     
   13.1321705974965        3.75901646162211       0.605690510852050     
   13.2560589993596        3.75644832881162       0.635984999075848     
   13.3799474012228        3.80914243170240       0.606666355185821     
   13.5038358030860        3.67952192691025       0.642241019799727     
   13.6277242049492        3.64290852666370       0.641401069759025     
   13.7516126068123        3.81337592901054       0.564057905348258     
   13.8755010086755        3.64142446970989       0.627457964712272     
   13.9993894105387        3.57397304252085       0.635683464693356     
   14.1232778124019        3.59434597079174       0.667168810341910     
   14.2471662142650        3.58445558544958       0.673146120246662     
   14.3710546161282        3.50584764342832       0.633557621879888     
   14.4949430179914        4.07071604378006       0.600548710430726     
   14.6188314198546        3.79642635015893       0.622897103298770     
   14.7427198217177        3.59996313599500       0.636271145473573     
   14.8666082235809        3.70518937237682       0.606789880651098     
   14.9904966254441        3.80907064215804       0.641279610599714     
   15.1143850273073        3.49578415701454       0.595870178100885     
   15.2382734291704        3.74712671123949       0.530199410383307     
   15.3621618310336        3.68098845659148       0.587739151274487     
   15.4860502328968        3.69950783854776       0.560612663806036     
   15.6099386347600        3.65018926383385       0.633549367219507     
   15.7338270366231        3.84694076798747       0.618904604540482     
   15.8577154384863        3.39512336434310       0.641277572619805     
   15.9816038403495        3.95845557049620       0.704534494941793     
   16.1054922422127        3.37355650142345       0.523203965818150     
   16.2293806440758        3.47464160826238       0.604612090908439     
   16.3532690459390        3.99157903239195       0.630970699458358     
   16.4771574478022        4.12450932242050       0.566158744408121     
   16.6010458496654        3.49625099159536       0.646054618667037     
   16.7249342515285        3.50426739499557       0.602175446155300     
   16.8488226533917        3.85620322615686       0.616452743097383     
   16.9727110552549        3.71962484641353       0.547050273260516     
   17.0965994571180        3.96788849338554       0.649802063723347     
   17.2204878589812        3.73027812173477       0.562235560260364     
   17.3443762608444        3.59409941272387       0.610364729360284     
   17.4682646627076        3.78058725732108       0.575895279746806     
   17.5921530645707        3.82349485524116       0.651838511495854     
   17.7160414664339        3.93051186443702       0.583823776188935     
   17.8399298682971        3.71533250933960       0.630026238875077     
   17.9638182701603        3.94635497807472       0.626253834833758     
   18.0877066720234        3.30407397590687       0.698019333419779     
   18.2115950738866        3.80656999074258       0.658495549626871     
   18.3354834757498        3.86707677108990       0.580784528830022     
   18.4593718776130        3.71676719999623       0.561301106273847     
   18.5832602794761        3.79673937482997       0.587356676416018     
   18.7071486813393        3.91085024144834       0.589507677441077     
   18.8310370832025        3.75438951366719       0.589696191196607     
   18.9549254850657        4.20790499872926       0.650306111977236     
   19.0788138869288        3.72333133979095       0.577194898778677     
   19.2027022887920        3.82117825289038       0.490058241584280     
   19.3265906906552        3.87507224167684       0.664763993018252     
   19.4504790925184        3.72957832825739       0.631081986687165     
   19.5743674943815        3.86467600491239       0.638813218475820     
   19.6982558962447        3.67876079915804       0.552762545129248     
   19.8221442981079        3.76096160036555       0.588976896892215     
   19.9460326999711        3.53049245084333       0.657075817718992     
   20.0699211018342        3.98733257117652       0.650876334815392     
   20.1938095036974        3.94828139008625       0.557120756259915     
   20.3176979055606        3.70022864125847       0.588683960326321     
   20.4415863074238        3.54503542844207       0.592823917936013     
   20.5654747092869        3.87853126897987       0.680850490074470     
   20.6893631111501        3.64086757744802       0.555634416012514     
   20.8132515130133        3.79335156511258       0.601022635629707     
   20.9371399148765        3.89258956094275       0.595927214067940     
   21.0610283167396        3.73476610533240       0.642127121173783     
   21.1849167186028        3.58764974894426       0.569782102902257     
   21.3088051204660        3.78110666349175       0.633128458650633     
   21.4326935223291        3.71235923935363       0.539067145889206     
   21.5565819241923        3.82055052933750       0.579207904976698     
   21.6804703260555        3.57692338146145       0.520141536088548     
   21.8043587279187        3.73965684906972       0.615102815431261     
   21.9282471297818        3.90893751589393       0.589364453713602     
   22.0521355316450        3.51749430568795       0.615906467473958     
   22.1760239335082        3.82415704116234       0.633565623424353     
   22.2999123353714        3.87173431547056       0.585218631513162     
   22.4238007372345        3.80513620095496       0.582414102838760     
   22.5476891390977        4.20073299670949       0.510917842098465     
   22.6715775409609        3.82267054612586       0.546729689967623     
   22.7954659428241        3.63799301220946       0.557086875636571     
   22.9193543446872        3.91371346409039       0.655377073377570     
   23.0432427465504        3.66811738311914       0.621908046531107     
   23.1671311484136        3.65198707238629       0.646999222729179     
   23.2910195502768        3.91777390202306       0.665454775156021     
   23.4149079521399        3.89275302070222       0.573087748105539     
   23.5387963540031        3.56875084963574       0.657700539235347     
   23.6626847558663        3.88723157806589       0.533520392621487     
   23.7865731577295        3.93215760568302       0.652165387266399     
   23.9104615595926        3.78055742164755       0.628436680466247     
   24.0343499614558        3.59034049526200       0.603242668750271     
   24.1582383633190        3.72971392654788       0.549238488865143     
   24.2821267651822        3.96179236656577       0.555455577733035     
   24.4060151670453        3.58953177771652       0.635703836058740     
   24.5299035689085        3.52300049972169       0.605596452240180     
   24.6537919707717        3.60833075176498       0.644851952565551     
   24.7776803726349        3.89582201137719       0.609925586451544     
   24.9015687744980        3.80925755361862       0.627930412544679     
   25.0254571763612        3.99207021728495       0.607731403462862     
   25.1493455782244        4.00017892836499       0.552361688433603     
   25.2732339800876        3.88613183228807       0.587249037707833     
   25.3971223819507        3.61254649260034       0.510581919442355     
   25.5210107838139        3.76414773977560       0.558274716763284     
   25.6448991856771        3.75827351231979       0.571129443540563     
   25.7687875875402        3.79782255212284       0.571012754328649     
   25.8926759894034        3.79449595624761       0.551320815318150     
   26.0165643912666        3.78385090605697       0.501927741133974     
   26.1404527931298        3.61687255540778       0.607628162683307     
   26.2643411949929        3.57365252242157       0.672199404474785     
   26.3882295968561        3.78841398181431       0.613293750541227     
   26.5121179987193        3.83345810962952       0.713142687860513     
   26.6360064005825        3.76051495549817       0.759096649158344     
   26.7598948024456        3.52790329536058       0.677790719878282     
   26.8837832043088        3.58031443281638       0.630909636682729     
   27.0076716061720        4.00450680963689       0.639057838095578     
   27.1315600080352        3.92196346526310       0.714955675083405     
   27.2554484098983        3.77471898668631       0.603353314081724     
   27.3793368117615        3.66896536432330       0.642106948982108     
   27.5032252136247        3.86176090984441       0.644201408955241     
   27.6271136154879        3.72673120768837       0.558960498605880     
   27.7510020173510        3.68903467582697       0.626060181741123     
   27.8748904192142        3.67212371995001       0.600182877068277     
   27.9987788210774        3.70712020152451       0.683848067806501     
   28.1226672229406        3.69669297308018       0.642760824536770     
   28.2465556248037        3.88007663167572       0.635100078635918     
   28.3704440266669        3.54333939556476       0.593139882511026     
   28.4943324285301        3.85331339250552       0.620152126264191     
   28.6182208303933        3.66087578822339       0.603970481501584     
   28.7421092322564        3.55117210039236       0.623431248009225     
   28.8659976341196        3.53416894387314       0.614670501598666     
   28.9898860359828        3.82655797226525       0.600481451892153     
   29.1137744378460        3.58896270608203       0.697925587361902     
   29.2376628397091        3.89445651306265       0.606211617607400     
   29.3615512415723        3.80334242194963       0.613287985307506     
   29.4854396434355        3.92082602379042       0.634338490816816     
   29.6093280452987        3.86247597754619       0.692824491357527     
   29.7332164471618        3.90144548246652       0.670944808194145     
   29.8571048490250        3.71090876858586       0.618149702751069     
   29.9809932508882        3.82139635409895       0.705645101473833     
   30.1048816527513        3.57670386138526       0.573581203539758     
   30.2287700546145        3.55244267994618       0.629835314365307     
   30.3526584564777        3.80623211961901       0.603808494327302     
   30.4765468583409        3.62670516984020       0.577189432681745     
   30.6004352602040        3.64391294438336       0.615167121897788     
   30.7243236620672        3.84807688287490       0.606678811562368     
   30.8482120639304        3.80472799245636       0.740430799959539     
   30.9721004657936        3.69025727149115       0.565667577544020     
   31.0959888676567        3.72117379833763       0.579163876637499     
   31.2198772695199        3.63177918074725       0.607320469638030     
   31.3437656713831        3.89186341525234       0.699849356935450     
   31.4676540732463        3.70732403091013       0.569552443048350     
   31.5915424751094        3.67146979950782       0.606780683923700     
   31.7154308769726        3.68604867953411       0.573789828436254     
   31.8393192788358        3.58089689232682       0.610942305494164     
   31.9632076806990        3.68867810750042       0.595466342538881     
   32.0870960825621        3.63489468670434       0.668960304491594     
   32.2109844844253        3.75197044934874       0.612804291926470     
   32.3348728862885        3.67849800590497       0.610662330517412     
   32.4587612881517        3.66214544283512       0.671882931640746     
   32.5826496900148        4.06118181681176       0.597456576553517     
   32.7065380918780        3.87366869508229       0.712489197375355     
   32.8304264937412        3.46701673564801       0.599733166759716     
   32.9543148956044        3.81787159839021       0.579044335638239     
   33.0782032974675        3.50820610903159       0.624941770408347     
   33.2020916993307        3.59146041311548       0.632653081921569     
   33.3259801011939        3.66191534579505       0.629511488657286     
   33.4498685030571        3.57766629776403       0.646168052732558     
   33.5737569049202        3.59687308553366       0.608279488176299     
   33.6976453067834        3.69094697910595       0.648977934397995     
   33.8215337086466        3.49456394203701       0.627335660918462     
   33.9454221105098        3.68966391735322       0.679333429312042     
   34.0693105123729        3.58975315087353       0.585891756627490     
   34.1931989142361        4.01845713306488       0.607816443348253     
   34.3170873160993        3.80380637859410       0.662203871694712     
   34.4409757179624        3.94003563706077       0.617681123709037     
   34.5648641198256        3.71095305502186       0.581858339751958     
   34.6887525216888        3.86311807790200       0.589469042845007     
   34.8126409235520        3.62891677252808       0.552042507272394     
   34.9365293254151        3.56345051425418       0.654533071335489     
   35.0604177272783        3.91565277452591       0.616690360280585     
   35.1843061291415        3.94211136666303       0.631444854215789     
   35.3081945310047        3.94927412707841       0.622733150294274     
   35.4320829328678        3.86284304153670       0.672489482571869     
   35.5559713347310        3.79979247697598       0.698521996047560     
   35.6798597365942        3.95854620503738       0.647263334956365     
   35.8037481384574        3.58401299936766       0.596718393517916     
   35.9276365403205        3.61074665591956       0.588525614585144     
   36.0515249421837        3.74863838776323       0.646316901283153     
   36.1754133440469        3.41057241725720       0.584667698631375     
   36.2993017459101        3.60115935644093       0.644320963695374     
   36.4231901477732        3.53386646132565       0.606461839553149     
   36.5470785496364        3.59076382082895       0.562236206118414     
   36.6709669514996        3.96588732019411       0.594695286839342     
   36.7948553533628        3.96850781223443       0.639178077028981     
   36.9187437552259        3.57584287494266       0.601581341043644     
   37.0426321570891        3.66763734961817       0.548994396499248     
   37.1665205589523        3.60806715833440       0.579010888348011     
   37.2904089608155        3.87660163974341       0.615218395353075     
   37.4142973626786        3.60339351822444       0.672675452156443     
   37.5381857645418        3.73316126540795       0.558722664389178     
   37.6620741664050        3.82404466963930       0.592247189081477     
   37.7859625682682        3.97800215279099       0.625421632241876     
   37.9098509701313        3.57370859155709       0.608891125895215     
   38.0337393719945        3.86242395082006       0.625555067371948     
   38.1576277738577        3.99224681274226       0.627360865785875     
   38.2815161757209        3.62125706857465       0.578504196309408     
   38.4054045775840        3.72546293836807       0.675939698067649     
   38.5292929794472        3.43106387377533       0.553185507092183     
   38.6531813813104        3.77331206155082       0.655508665614415     
   38.7770697831735        3.68659962081812       0.580071708455799     
   38.9009581850367        3.83439102176971       0.604285602079398     
   39.0248465868999        3.75896667284716       0.648235084734949     
   39.1487349887631        3.66026740534482       0.662841653511630     
   39.2726233906262        3.60151167773240       0.583813117517133     
   39.3965117924894        3.74320892644158       0.637683158594130     
   39.5204001943526        3.70361108518242       0.718066088531644     
   39.6442885962158        3.56167419668248       0.698491471702136     
   39.7681769980789        3.63067342194180       0.631770703156217     
   39.8920653999421        3.82056861149299       0.555972558356426     
   40.0159538018053        3.71868391797367       0.678971238168384     
   40.1398422036685        3.65876989584982       0.589310392933022     
   40.2637306055316        3.89619606766596       0.537323024951283     
   40.3876190073948        3.89548229458251       0.573071514233333     
   40.5115074092580        3.77187592022987       0.568398122934624     
   40.6353958111212        3.78171099870100       0.579877427688686     
   40.7592842129843        4.12966876386729       0.592635457779179     
   40.8831726148475        3.87534861956838       0.599958056349031     
   41.0070610167107        3.58482535322191       0.528674804108630     
   41.1309494185739        3.59898211883700       0.617147249122766     
   41.2548378204370        3.93275414337155       0.572033338772842     
   41.3787262223002        3.86671089964267       0.532353961638765     
   41.5026146241634        3.54294386722294       0.521105143994399     
   41.6265030260266        3.60819526615329       0.561664326294091     
   41.7503914278897        3.65928429377896       0.620036995542998     
   41.8742798297529        3.58134299693064       0.550647038632042     
   41.9981682316161        3.93518826544121       0.706669003742831     
   42.1220566334793        3.73978630875644       0.588386282868225     
   42.2459450353424        3.86316013688654       0.727689875232166     
   42.3698334372056        3.68976712271920       0.606667573940409     
   42.4937218390688        3.78235306124030       0.613162447541204     
   42.6176102409319        3.68597283542792       0.713023060838586     
   42.7414986427951        3.62832903692775       0.585535779854851     
   42.8653870446583        3.90400360226550       0.618338423334980     
   42.9892754465215        3.69220093566395       0.668879234849285     
   43.1131638483847        3.64543504594722       0.649054810559019     
   43.2370522502478        4.04164132694758       0.634671952623138     
   43.3609406521110        3.84005284083397       0.642244252203524     
   43.4848290539742        3.66909627638437       0.625554759329700     
   43.6087174558373        3.61574075320138       0.654304946955999     
   43.7326058577005        3.53615667396058       0.630896439936065     
   43.8564942595637        3.68215072143016       0.568325093132615     
   43.9803826614269        3.67159814020320       0.627236568396684     
   44.1042710632900        3.92057472550899       0.582677190344769     
   44.2281594651532        3.63963309158864       0.620501115315540     
   44.3520478670164        3.78553042607534       0.661810127117107     
   44.4759362688796        3.61094341309793       0.654587339940276     
   44.5998246707427        4.00750399386356       0.632760589206213     
   44.7237130726059        3.81873425111427       0.586874007848522     
   44.8476014744691        3.64954167925076       0.595570084134098     
   44.9714898763323        3.76913956712519       0.625671862575160     
   45.0953782781954        3.35530256304505       0.592356847857849     
   45.2192666800586        3.49171731961208       0.621954503700463     
   45.3431550819218        3.73363374165151       0.584915902091285     
   45.4670434837850        3.52986150698352       0.622186334011425     
   45.5909318856481        3.79847113664750       0.598739040071883     
   45.7148202875113        3.63029095888557       0.603819420388666     
   45.8387086893745        3.64788970598102       0.519549910459178     
   45.9625970912377        3.83605339063113       0.563145268175658     
   46.0864854931008        3.54674505370443       0.534784554438706     
   46.2103738949640        3.85977487563567       0.599781684318783     
   46.3342622968272        3.92113769742612       0.597480768521980     
   46.4581506986904        3.56337569519188       0.603792450706114     
   46.5820391005535        3.79363534189290       0.620169618801408     
   46.7059275024167        4.19692543471035       0.687118923909306     
   46.8298159042799        3.80058273600555       0.564244761326785     
   46.9537043061430        3.40127758864585       0.600067656655468     
   47.0775927080062        3.69305782529762       0.614340900183419     
   47.2014811098694        3.58924783005713       0.610576388011818     
   47.3253695117326        3.74411485702472       0.648828452586434     
   47.4492579135958        3.51233917857571       0.537274469744392     
   47.5731463154589        3.56372170553516       0.570082182793711     
   47.6970347173221        3.86454904723131       0.601626960433291     
   47.8209231191853        3.82305486110978       0.654779891778493     
   47.9448115210484        3.62557511116142       0.580629231813447     
   48.0686999229116        3.79999404895337       0.639290989338026     
   48.1925883247748        3.65148103394429       0.558553240900743     
   48.3164767266380        3.94800946155718       0.598156942690428     
   48.4403651285011        3.83811794017606       0.559732974084556     
   48.5642535303643        3.83474999578301       0.595566919111786     
   48.6881419322275        3.64131075411777       0.564331502638683     
   48.8120303340907        3.62876740917303       0.636547291079069     
   48.9359187359538        3.87946502601560       0.653529117851527     
   49.0598071378170        3.69462291759069       0.575205244638973     
   49.1836955396802        3.88490334375192       0.662008794841021     
   49.3075839415434        3.64258634602251       0.644678390788301     
   49.4314723434065        3.55124993921000       0.522825362595095     
   49.5553607452697        3.79972284317539       0.572550215724361     
   49.6792491471329        3.66566613381748       0.618952545918084     
   49.8031375489961        3.49087890477734       0.590136674188208     
   49.9270259508592        4.03496154983182       0.593837936096267     
   50.0509143527224        3.64406694097309       0.529628571679049     
   50.1748027545856        3.82771997897335       0.594346261011590     
   50.2986911564488        3.64018958553513       0.538387735612207     
   50.4225795583119        4.01930492572038       0.629518411711526     
   50.5464679601751        3.80349777912235       0.594210645556811     
   50.6703563620383        4.00570279874950       0.598938267198025     
   50.7942447639015        3.79163658140796       0.657469307568944     
   50.9181331657646        3.67616265081662       0.578476746323258     
   51.0420215676278        3.73610465393389       0.632679684396794     
   51.1659099694910        3.79239878821929       0.674910373643545     
   51.2897983713541        3.93719231376828       0.601391625871624     
   51.4136867732173        3.61236894688254       0.640676904482769     
   51.5375751750805        3.68037094196875       0.596690013071423     
   51.6614635769437        3.72610220088704       0.671563866788397     
   51.7853519788069        3.69083212210514       0.626639861618397     
   51.9092403806700        3.64177976499211       0.582766987280556     
   52.0331287825332        3.70505608186309       0.613102399678663     
   52.1570171843964        3.55116379074621       0.563094824939184     
   52.2809055862595        3.91864061662369       0.503993982700046     
   52.4047939881227        3.50145575968196       0.598332213031489     
   52.5286823899859        3.69229944344350       0.609084411165212     
   52.6525707918491        4.03751601069272       0.608391325208412     
   52.7764591937122        3.81857263785067       0.568741498860787     
   52.9003475955754        3.99359136193247       0.620230697237973     
   53.0242359974386        3.86001050952417       0.593654731566592     
   53.1481243993018        3.57528442735174       0.560524006117910     
   53.2720128011649        3.99270100060902       0.621908477577545     
   53.3959012030281        3.81787353211933       0.600849665018421     
   53.5197896048913        3.89673432956057       0.577951830838755     
   53.6436780067545        3.95650512903180       0.617351716546896     
   53.7675664086176        3.79305983000310       0.602382159821307     
   53.8914548104808        3.83635034178132       0.552287407040165     
   54.0153432123440        3.65011026865291       0.567133179579813     
   54.1392316142072        3.53691972676841       0.583483271893683     
   54.2631200160703        3.64263664320009       0.605632992803478     
   54.3870084179335        4.02747326832784       0.626836817529157     
   54.5108968197967        3.78662386928809       0.632127384853426     
   54.6347852216599        3.44175566196173       0.609743300487898     
   54.7586736235230        3.68667831115635       0.586663344800485     
   54.8825620253862        3.55199495914613       0.661980885359080     
   55.0064504272494        3.61446900085519       0.631005563239742     
   55.1303388291126        3.56681574793592       0.572913443969930     
   55.2542272309757        3.61361857644934       0.572896980814725     
   55.3781156328389        3.75689861016524       0.614761672195332     
   55.5020040347021        3.62834788335916       0.695114046194997     
   55.6258924365652        3.92549610941982       0.604730269347979     
   55.7497808384284        3.67532427661535       0.707677249090182     
   55.8736692402916        3.80079554868997       0.677620587724659     
   55.9975576421548        3.48484862132282       0.550258414764613     
   56.1214460440180        3.44736031262427       0.567450975331944     
   56.2453344458811        3.50547952904314       0.548994933051842     
   56.3692228477443        3.67828431557504       0.634525379542389     
   56.4931112496075        3.68742830967065       0.549836041355459     
   56.6169996514706        3.56969274201669       0.566440401651078     
   56.7408880533338        3.78901079361975       0.626359977709899     
   56.8647764551970        3.95413297365321       0.599679206937161     
   56.9886648570602        3.59216932905483       0.575391994437937     
   57.1125532589233        3.78041688344230       0.670994185383898     
   57.2364416607865        4.10278419623842       0.616360177056901     
   57.3603300626497        3.64145130025406       0.590139488598310     
   57.4842184645129        3.61269230263321       0.589117220401227     
   57.6081068663760        4.18037187279196       0.596639995621867     
   57.7319952682392        3.70507713388889       0.598831850246441     
   57.8558836701024        3.84125330609200       0.649689505293951     
   57.9797720719656        3.75524710063965       0.567524001328521     
   58.1036604738287        3.62993759974970       0.658898069224680     
   58.2275488756919        3.54863854782125       0.560537070632396     
   58.3514372775551        3.85711367316253       0.594465608291174     
   58.4753256794183        3.83208649717857       0.586909899271153     
   58.5992140812814        3.74672003318873       0.596122723382381     
   58.7231024831446        3.55692350050144       0.616084873053188     
   58.8469908850078        3.75640896304094       0.612528633187818     
   58.9708792868710        3.72348648254088       0.630975684592685     
   59.0947676887341        3.87553128280395       0.597532208488052     
   59.2186560905973        3.83257003737864       0.689889882223115     
   59.3425444924605        3.82057155217851       0.700848193817547     
   59.4664328943236        3.54766707601539       0.563109933092136     
   59.5903212961868        3.54548979023924       0.618160423173702     
   59.7142096980500        3.88287256883302       0.591877304613690     
   59.8380980999132        3.85612901548368       0.713052129164404     
   59.9619865017763        3.81341286453749       0.636738231667232     
   60.0858749036395        3.93538692994830       0.646227382691794     
   60.2097633055027        3.63703599396257       0.666507425518371     
   60.3336517073659        3.51264710009645       0.605424826906814     
   60.4575401092291        3.71096153486153       0.674641641650159     
   60.5814285110922        3.99096663427962       0.690412359351630     
   60.7053169129554        3.71752964668506       0.618539638533590     
   60.8292053148186        4.03674198030477       0.667731347993212     
   60.9530937166817        3.86213469722785       0.685167019546459     
   61.0769821185449        3.76946445326743       0.607931911878217     
   61.2008705204081        3.65917816093558       0.571747107140375     
   61.3247589222713        3.60551159324409       0.604437927150732     
   61.4486473241344        3.52393922797107       0.665445481196356     
   61.5725357259976        3.71071423325122       0.586163914810512     
   61.6964241278608        3.65824688076964       0.628893311751552     
   61.8203125297240        3.59340387109129       0.578891351839320     
   61.9442009315871        3.77524782719693       0.657626478399316     
   62.0680893334503        3.67778160020455       0.646072360364807     
   62.1919777353135        3.70340314893836       0.578945090427876     
   62.3158661371767        3.36562548501585       0.597232125281690     
   62.4397545390398        3.82625542355077       0.589901352604118     
   62.5636429409030        3.87395743261265       0.675676359607521     
   62.6875313427662        3.51594042332587       0.617984964179159     
   62.8114197446294        3.84396826905305       0.744019046498097     
   62.9353081464925        3.74370503783192       0.593824982554595     
   63.0591965483557        3.91100756949344       0.672465927641254     
   63.1830849502189        3.71034478139857       0.657739454705065     
   63.3069733520821        3.69161768113024       0.622632586763390     
   63.4308617539452        3.70300062441683       0.665720041666872     
   63.5547501558084        3.69720764283883       0.595104501466331     
   63.6786385576716        3.55364057714317       0.601381124162287     
   63.8025269595347        3.60897748491819       0.627724182407157     
   63.9264153613979        3.85301579067544       0.670095056074040     
   64.0503037632611        3.90990587786603       0.634526997079006     
   64.1741921651243        3.78263677987805       0.603827874215451     
   64.2980805669874        3.74058877958365       0.525738059902361     
   64.4219689688506        3.56926437464464       0.639529800676092     
   64.5458573707138        3.72116727575044       0.563676780862484     
   64.6697457725770        3.87427582747718       0.619842365465378     
   64.7936341744401        3.72323775863091       0.620872381029354     
   64.9175225763033        4.20084878899929       0.678817715552556     
   65.0414109781665        3.52375971896274       0.603714107843482     
   65.1652993800297        3.66822543101784       0.621028765795647     
   65.2891877818928        3.65725057193031       0.532316417367860     
   65.4130761837560        3.81919200817463       0.599771746840185     
   65.5369645856192        3.86584206558146       0.549040013985094     
   65.6608529874824        3.94242459964408       0.604847109906000     
   65.7847413893455        3.52301699519899       0.499658123221827     
   65.9086297912087        3.92257293154660       0.564493500821581     
   66.0325181930719        3.83311674715520       0.623372805245789     
   66.1564065949351        3.83341883170151       0.634151812458028     
   66.2802949967982        3.76916081337635       0.639667780404270     
   66.4041833986614        3.75897875464022       0.566008413143666     
   66.5280718005246        3.95488621730027       0.601653062635574     
   66.6519602023878        3.43765367279271       0.626150799319781     
   66.7758486042509        3.81084609154185       0.593567102636238     
   66.8997370061141        3.68639044800672       0.700801689641857     
   67.0236254079773        3.72233602164328       0.631888567295435     
   67.1475138098405        3.69683803907882       0.587248534007428     
   67.2714022117036        3.78329103117274       0.568486108650541     
   67.3952906135668        3.72328069409736       0.623021354624735     
   67.5191790154300        3.81196659127956       0.660290724507645     
   67.6430674172932        3.67081121439443       0.674004481649003     
   67.7669558191563        3.49377500509343       0.640601457148925     
   67.8908442210195        3.55213415398676       0.584876629383669     
   68.0147326228827        3.54411069358013       0.509019426149714     
   68.1386210247458        3.71131635263883       0.640846622957307     
   68.2625094266090        3.42493085142961       0.555542091747067     
   68.3863978284722        3.40972974425364       0.579839306378393     
   68.5102862303354        3.54277679931226       0.633656540321131     
   68.6341746321985        3.84869956982164       0.586777527301305     
   68.7580630340617        3.70401509888394       0.595085824354008     
   68.8819514359249        3.68451109923208       0.620509239072568     
   69.0058398377881        3.66746648251963       0.584966169579752     
   69.1297282396512        3.68773198897086       0.591865465429217     
   69.2536166415144        3.57318797588131       0.591582834277078     
   69.3775050433776        3.56857845627345       0.588903179299610     
   69.5013934452408        3.57133863720475       0.618038447047059     
   69.6252818471039        3.63016516493984       0.607406580809258     
   69.7491702489671        3.71825486013651       0.609767247449146     
   69.8730586508303        3.74731272987405       0.593447861573494     
   69.9969470526935        3.56687842858720       0.650179423077172     
   70.1208354545566        3.67287679337017       0.582054813151514     
   70.2447238564198        3.70566294040487       0.574762477314679     
   70.3686122582830        3.77983720396422       0.550824668955686     
   70.4925006601462        3.90846424851542       0.655079847376275     
   70.6163890620093        3.50380964525866       0.535842518364479     
   70.7402774638725        3.90476252768029       0.690620055443994     
   70.8641658657357        3.78587377263604       0.564589520689337     
   70.9880542675989        3.72046113642968       0.660990774406354     
   71.1119426694620        3.45324857027031       0.646964625154120     
   71.2358310713252        3.89127096209223       0.610039692072594     
   71.3597194731884        3.70545732325508       0.611118940999085     
   71.4836078750516        3.88318601792774       0.623599451823921     
   71.6074962769147        3.68665741924013       0.630295981697314     
   71.7313846787779        3.80696910098163       0.625352114916407     
   71.8552730806411        3.58391885169748       0.570850023589473     
   71.9791614825043        3.88140771024467       0.650830933759687     
   72.1030498843674        3.97538852058275       0.629704728778781     
   72.2269382862306        3.71136393970072       0.644737188838745     
   72.3508266880938        3.78055860942421       0.639672426098230     
   72.4747150899569        3.89266366522082       0.574319164865854     
   72.5986034918201        3.65188060001320       0.700359491962371     
   72.7224918936833        3.44069618737008       0.592716402662451     
   72.8463802955465        3.85154463565308       0.663092753884722     
   72.9702686974096        3.81339943263218       0.672663433214471     
   73.0941570992728        3.92521238517999       0.638114387065561     
   73.2180455011360        3.68178328316409       0.606436578281540     
   73.3419339029992        3.77995164625478       0.684064098664538     
   73.4658223048623        3.49829829612333       0.617376822485529     
   73.5897107067255        4.00945117247216       0.571301098602800     
   73.7135991085887        3.49926918386077       0.560460580168450     
   73.8374875104519        3.81103267775284       0.555979785435120     
   73.9613759123150        3.68852482419663       0.603889996819363     
   74.0852643141782        3.91470422881117       0.634359949294359     
   74.2091527160414        3.71719627815036       0.637373047966287     
   74.3330411179046        3.95325236727694       0.698126869190375     
   74.4569295197677        3.66940843380347       0.693078749297875     
   74.5808179216309        3.74980992212620       0.556267283841998     
   74.7047063234941        3.70764780793649       0.603728604100111     
   74.8285947253573        4.07277443555241       0.633251088409331     
   74.9524831272204        3.71358872562920       0.678483094994757     
   75.0763715290836        3.68118569145476       0.691840126708077     
   75.2002599309468        4.04506041621113       0.639312697602953     
   75.3241483328100        3.92796334123009       0.611483600249390     
   75.4480367346731        3.62979737664802       0.602282621057806     
   75.5719251365363        3.61084163807051       0.594380230802655     
   75.6958135383995        3.74331884718820       0.689998502307467     
   75.8197019402627        3.72079245424794       0.629725414178699     
   75.9435903421258        3.71968728132142       0.659536936995394     
   76.0674787439890        3.45910832750688       0.638604644985802     
   76.1913671458522        3.84868276981448       0.715257920748963     
   76.3152555477154        3.63439207158936       0.665421159281905     
   76.4391439495785        3.31595929389187       0.680974385605350     
   76.5630323514417        3.99671970208662       0.639522803445751     
   76.6869207533049        4.24587032772734       0.660107818200607     
   76.8108091551680        3.75664068098570       0.531446670343935     
   76.9346975570312        3.57935105754886       0.564262619481408     
   77.0585859588944        3.50567909321082       0.570229195871186     
   77.1824743607576        3.49737623661402       0.621787542376109     
   77.3063627626207        3.64205115955060       0.527339285170175     
   77.4302511644839        3.66718707647909       0.559353065338048     
   77.5541395663471        3.66063021042943       0.628338356547129     
   77.6780279682103        3.67219993643665       0.619994750161142     
   77.8019163700734        3.60098217284928       0.665123038339577     
   77.9258047719366        3.64715824600670       0.605895756058169     
   78.0496931737998        3.70652813320016       0.598412705579555     
   78.1735815756630        3.65360620236228       0.670198756835616     
   78.2974699775261        3.58406924255486       0.674762211083708     
   78.4213583793893        3.89412975764254       0.588070424596634     
   78.5452467812525        3.71828665117034       0.613192348721376     
   78.6691351831157        3.83248355088889       0.659595653740029     
   78.7930235849788        3.80287306539797       0.595329964028571     
   78.9169119868420        3.84094114146757       0.593423270827162     
   79.0408003887052        3.62367843302081       0.655899759879064     
   79.1646887905684        3.94785109589897       0.658627572302566     
   79.2885771924315        3.79543128330826       0.675045557241161     
   79.4124655942947        3.88879172380623       0.713985318497821     
   79.5363539961579        3.39758386491884       0.652388191613844     
   79.6602423980211        3.81531684462343       0.660319751296362     
   79.7841307998842        3.61580831608730       0.646889994911723     
   79.9080192017474        3.87755765590549       0.641135801998773     
   80.0319076036106        3.74306666167341       0.639501556923763     
   80.1557960054738        3.80091971331928       0.672301059840351     
   80.2796844073369        3.73025792506043       0.701488074245474     
   80.4035728092001        3.70213642624265       0.656085766949875     
   80.5274612110633        3.70864495735532       0.600243588763272     
   80.6513496129264        3.75104882216130       0.664457836718367     
   80.7752380147896        3.96427204596614       0.635297057134631     
   80.8991264166528        3.66799657074584       0.578096337764764     
   81.0230148185160        3.77354504512821       0.635806579924404     
   81.1469032203791        3.68645953573917       0.638688783797372     
   81.2707916222423        3.88798729318211       0.610059634598008     
   81.3946800241055        3.95197330804636       0.650230207710560     
   81.5185684259687        4.04278267161520       0.612952852437233     
   81.6424568278319        3.75702714859732       0.589162734144138     
   81.7663452296950        3.70326932527033       0.607302800209937     
   81.8902336315582        3.73762552869900       0.619156056567941     
   82.0141220334214        3.60874060000154       0.670508193830373     
   82.1380104352845        3.70256697493844       0.714900336343626     
   82.2618988371477        3.73267810303516       0.609768991438022     
   82.3857872390109        3.50766317109156       0.639192437092638     
   82.5096756408741        3.46863173274827       0.648975945426636     
   82.6335640427372        3.65990137900336       0.643881630493481     
   82.7574524446004        3.61367415278983       0.621757652672417     
   82.8813408464636        3.69044291887444       0.631488310120770     
   83.0052292483268        3.56736931694707       0.580057471746927     
   83.1291176501899        4.03073069747311       0.618979979786289     
   83.2530060520531        3.67402562524382       0.532084787837339     
   83.3768944539163        3.51777534188350       0.553528210971889     
   83.5007828557795        3.51240533028147       0.569388334022114     
   83.6246712576426        3.62848497752436       0.552010562915333     
   83.7485596595058        3.99144824694141       0.542052686137650     
   83.8724480613690        3.82033855599719       0.682386238475152     
   83.9963364632322        4.10725207532139       0.683857299847622     
   84.1202248650953        3.57239585599115       0.634977953168427     
   84.2441132669585        3.74482130439443       0.619673867226278     
   84.3680016688217        3.98017339185502       0.530715321038614     
   84.4918900706849        3.43146974369883       0.633193164297827     
   84.6157784725480        3.60138034740598       0.585605199902457     
   84.7396668744112        3.81583046624213       0.574765332467866     
   84.8635552762744        3.74754613370358       0.527071373874628     
   84.9874436781376        3.63418783904641       0.593512884270178     
   85.1113320800007        3.68051399519678       0.551271710650282     
   85.2352204818639        3.90164587802549       0.618236553436083     
   85.3591088837271        3.94017047701971       0.639207912742763     
   85.4829972855902        3.71876207729984       0.560338386522041     
   85.6068856874534        3.85829564162480       0.664717311967334     
   85.7307740893166        3.58964405638299       0.602483527711569     
   85.8546624911798        3.77251066516527       0.647397025707729     
   85.9785508930430        3.65403474882578       0.621479785065374     
   86.1024392949061        3.91249930638615       0.670865485787730     
   86.2263276967693        3.79626454043724       0.559505568817397     
   86.3502160986325        4.01212769395421       0.701934797057173     
   86.4741045004956        3.50791260508179       0.642780262052415     
   86.5979929023588        3.84990313805663       0.624733196739744     
   86.7218813042220        3.58510242170855       0.603200394076592     
   86.8457697060852        3.58847630529495       0.549789839623829     
   86.9696581079483        3.63821445243141       0.625623759682979     
   87.0935465098115        3.84088857414642       0.691905092717336     
   87.2174349116747        4.00050844521226       0.666642682036147     
   87.3413233135379        3.78842066009476       0.555293624350103     
   87.4652117154010        3.57577911774098       0.597829838162618     
   87.5891001172642        3.66959836397029       0.670562868714069     
   87.7129885191274        3.94970957377121       0.555867786948860     
   87.8368769209906        3.63376346268246       0.548218571857169     
   87.9607653228537        3.63694599453228       0.584816716524028     
   88.0846537247169        3.75401952223170       0.615363630135160     
   88.2085421265801        3.54167169942719       0.693748541961523     
   88.3324305284433        3.76330808680320       0.583672459949745     
   88.4563189303064        3.86165383250607       0.651127770029074     
   88.5802073321696        3.42515927377698       0.626074391563304     
   88.7040957340328        3.52817875432425       0.627634694114911     
   88.8279841358960        3.94934509849344       0.622735022591909     
   88.9518725377591        3.63579126628822       0.628704007370114     
   89.0757609396223        3.85449695449152       0.601580895900371     
   89.1996493414855        3.66645921200180       0.585968806487915     
   89.3235377433487        3.58366703593952       0.573531970430448     
   89.4474261452118        3.71450606352196       0.589357854499805     
   89.5713145470750        3.84689892019864       0.617083132816290     
   89.6952029489382        3.86097468965920       0.657603869835315     
   89.8190913508013        3.90873019975800       0.626784040001936     
   89.9429797526645        3.78901978353723       0.697824762725464     
   90.0668681545277        3.56060233266173       0.653176753274214     
   90.1907565563909        3.61207448929800       0.633480096944563     
   90.3146449582540        3.77974672466216       0.610817605593298     
   90.4385333601172        3.56547814950798       0.662323096264231     
   90.5624217619804        3.97783146197466       0.613026474807676     
   90.6863101638436        3.49968756322146       0.647001735461021     
   90.8101985657067        3.47876205720740       0.578285760492186     
   90.9340869675699        3.50848515523711       0.587803448064214     
   91.0579753694331        3.75947250735743       0.618033403102895     
   91.1818637712963        3.80357898299929       0.683681758686356     
   91.3057521731594        3.41656964413560       0.681904856057555     
   91.4296405750226        3.93803187600415       0.612625202009380     
   91.5535289768858        4.24548452830383       0.655620269817542     
   91.6774173787490        3.91815237954259       0.628723858655393     
   91.8013057806121        3.42025772208975       0.700856946911552     
   91.9251941824753        3.42590043801502       0.636649383712957     
   92.0490825843385        3.75464723618215       0.623550054543304     
   92.1729709862017        3.80598495049996       0.638382086825171     
   92.2968593880648        3.68680467979216       0.587868386404274     
   92.4207477899280        3.82846751611821       0.634483148028892     
   92.5446361917912        3.51358232958961       0.669622470460416     
   92.6685245936544        4.03665900699694       0.627935915124545     
   92.7924129955175        3.85047952803336       0.606610460238768     
   92.9163013973807        3.81567613322855       0.597764162458598     
   93.0401897992439        3.82142786626593       0.543526945942478     
   93.1640782011071        3.75358791936716       0.676581946357941     
   93.2879666029702        3.78905890571245       0.615021633512937     
   93.4118550048334        3.57892748344804       0.605650793828094     
   93.5357434066966        3.77424720387983       0.657620589993274     
   93.6596318085598        4.07284629769422       0.600563436567494     
   93.7835202104229        4.05072886509286       0.618766987735652     
   93.9074086122861        3.69531472274919       0.645720354943823     
   94.0312970141493        3.70277059280568       0.519466465338206     
   94.1551854160124        3.73574040138486       0.630832160977277     
   94.2790738178756        3.73778960503115       0.690015854765589     
   94.4029622197388        3.78639329594462       0.653111599284410     
   94.5268506216020        3.83685472225992       0.659299468520666     
   94.6507390234651        3.63547388475964       0.647914876718414     
   94.7746274253283        3.80233894513993       0.575811596311993     
   94.8985158271915        3.71574192507411       0.546161456927904     
   95.0224042290547        3.83951193517680       0.611744905449174     
   95.1462926309178        3.19972532269328       0.552299200812930     
   95.2701810327810        3.70182314924879       0.610215553688278     
   95.3940694346442        3.51781505917417       0.567751824012665     
   95.5179578365074        3.97109454658451       0.650157873611502     
   95.6418462383705        3.85412217835387       0.718166472337332     
   95.7657346402337        3.58745887302557       0.591715994816775     
   95.8896230420969        3.72097591684012       0.597107864469207     
   96.0135114439601        3.66292655983606       0.531481862543806     
   96.1373998458232        3.58843982283342       0.530646225463866     
   96.2612882476864        3.55484645041371       0.579488597853480     
   96.3851766495496        3.90047842374427       0.580676378885283     
   96.5090650514128        4.35222278185439       0.658678293893289     
   96.6329534532759        3.63400998200583       0.597244609941111     
   96.7568418551391        3.68358521384807       0.640802782404430     
   96.8807302570023        3.64682807269315       0.690133177050255     
   97.0046186588655        3.80410396280624       0.582383386832366     
   97.1285070607286        3.52021221539221       0.638179129960491     
   97.2523954625918        3.91381430908255       0.591412771343492     
   97.3762838644550        3.56348874480565       0.553359140619722     
   97.5001722663182        3.58768055076014       0.555615556465533     
   97.6240606681813        3.61214512221096       0.609276881035374     
   97.7479490700445        3.84144083666247       0.615389835060929     
   97.8718374719077        3.74999583437352       0.619448187708214     
   97.9957258737709        3.55108094486472       0.667746554870290     
   98.1196142756340        3.59929627391251       0.663047534182187     
   98.2435026774972        3.51378640776578       0.639433310273423     
   98.3673910793604        4.02630830381309       0.660591027793041     
   98.4912794812235        3.93652070287379       0.651229835180561     
   98.6151678830867        3.60866491470906       0.569084610257490     
   98.7390562849499        3.88261740695392       0.589682207039776     
   98.8629446868131        3.97045530199004       0.601704483990666     
   98.9868330886762        3.86605113830509       0.634609676502059     
   99.1107214905394        3.54230779593743       0.602234789965240     
   99.2346098924026        3.71353195259242       0.611116345721798     
   99.3584982942658        3.40754208315951       0.622686350078657     
   99.4823866961289        3.80868871201578       0.605740312169129     
   99.6062750979921        3.90931465679914       0.590998481799900     
   99.7301634998553        3.81347232385333       0.570134699235085     
   99.8540519017185        3.93065477002548       0.627718432459142     
   99.9779403035816        3.58933754028877       0.612658231268150     
   100.101828705445        3.66125772400461       0.695174448175224     
   100.225717107308        3.74953334764876       0.623501168720780     
   100.349605509171        3.64233692768104       0.647695910872765     
   100.473493911034        3.49640017463519       0.672731286591291     
   100.597382312898        3.79239312478714       0.626867952882383     
   100.721270714761        3.74219574051718       0.593394328008340     
   100.845159116624        3.55719525482826       0.695425778892520     
   100.969047518487        3.67861668482263       0.563318153809911     
   101.092935920350        3.73007872600175       0.571156508252860     
   101.216824322213        3.95660584582917       0.643983759952999     
   101.340712724077        3.53140891964873       0.558391629279399     
   101.464601125940        3.57802817635462       0.577031450149653     
   101.588489527803        4.06900529612806       0.636650346762176     
   101.712377929666        3.80409993273770       0.628628652652631     
   101.836266331529        3.83620338399823       0.579698744875934     
   101.960154733392        3.58027255797023       0.645859445890297     
   102.084043135256        3.57226473483597       0.540594132221536     
   102.207931537119        3.62884445352333       0.573870787947692     
   102.331819938982        3.43038711147647       0.602219110496193     
   102.455708340845        3.76182067738304       0.620342304706252     
   102.579596742708        4.15005643364583       0.592009452463016     
   102.703485144571        3.56321295308488       0.648313014104075     
   102.827373546435        3.75826585008217       0.714758178566882     
   102.951261948298        3.63037472355477       0.635796856367771     
   103.075150350161        3.67308531159562       0.648379371616220     
   103.199038752024        3.55646612754312       0.624936687496684     
   103.322927153887        3.77101264268700       0.709098889579133     
   103.446815555751        3.75341125293211       0.582470584245576     
   103.570703957614        3.92074318128797       0.661691507647086     
   103.694592359477        3.76583699243479       0.651152220109047     
   103.818480761340        3.82058577115037       0.603143424476649     
   103.942369163203        4.05772299330691       0.629152527837035     
   104.066257565066        3.90351608582520       0.662648373514646     
   104.190145966930        3.72732497349006       0.668109748240954     
   104.314034368793        3.76425440140620       0.615622936588910     
   104.437922770656        4.01556038913919       0.628270890683333     
   104.561811172519        3.59558363080975       0.585731280551733     
   104.685699574382        3.59365768204345       0.555019883738781     
   104.809587976245        3.79218028132976       0.686975580257502     
   104.933476378109        3.80316115675258       0.607753845487349     
   105.057364779972        3.67638598889453       0.591025209222511     
   105.181253181835        3.67156330394010       0.588541482827762     
   105.305141583698        3.88350207945815       0.703749087434662     
   105.429029985561        3.53541788246823       0.622454726058150     
   105.552918387424        3.96320421582839       0.614977974851269     
   105.676806789288        3.79687239540454       0.608537317952941     
   105.800695191151        3.59518229097863       0.595287398744808     
   105.924583593014        3.67007809627831       0.670580547185979     
   106.048471994877        3.70085774116069       0.550878369594964     
   106.172360396740        3.54559721821096       0.581727738881437     
   106.296248798604        3.78383647225500       0.612561120869474     
   106.420137200467        3.60786123812484       0.620959649842103     
   106.544025602330        3.66812798035028       0.598328269718709     
   106.667914004193        3.63053781584717       0.640932559491960     
   106.791802406056        3.62480429031539       0.638895020867331     
   106.915690807919        3.67603865257164       0.702536830677027     
   107.039579209783        3.47881075815524       0.607952473221853     
   107.163467611646        3.48712157993128       0.593483119460082     
   107.287356013509        3.68516487725993       0.543377442078002     
   107.411244415372        3.70838772728081       0.629163783045146     
   107.535132817235        3.74286101069767       0.580693072196959     
   107.659021219098        3.69502510870488       0.668594396873875     
   107.782909620962        3.46053487391576       0.590811545456664     
   107.906798022825        3.66838521411174       0.636048916124119     
   108.030686424688        3.77337967550154       0.599119496459687     
   108.154574826551        3.69680629964240       0.572149694733587     
   108.278463228414        3.64809233432579       0.743539058442596     
   108.402351630277        3.64857268346756       0.604864259798032     
   108.526240032141        3.68511955371555       0.654717104802218     
   108.650128434004        3.84557775527481       0.713676458275890     
   108.774016835867        3.40461425425193       0.597962548836732     
   108.897905237730        3.76987821015595       0.611616693988909     
   109.021793639593        3.74068375904473       0.556729212076367     
   109.145682041457        3.62040543187278       0.591066132984007     
   109.269570443320        3.83624281746819       0.645126247097607     
   109.393458845183        3.91522805192202       0.689501850354892     
   109.517347247046        3.88546548098721       0.665805798364105     
   109.641235648909        3.80605734259831       0.628389136085805     
   109.765124050772        4.18836953516518       0.658096244778888     
   109.889012452636        3.78682353589279       0.641297246913271     
   110.012900854499        3.70353438622360       0.594191692356253     
   110.136789256362        3.92717170158073       0.672543333384420     
   110.260677658225        3.77159670985618       0.627581932723847     
   110.384566060088        3.76265929069956       0.628872775342201     
   110.508454461951        3.86161775633365       0.715733412739997     
   110.632342863815        3.53649963547893       0.647198721403864     
   110.756231265678        3.85205605839038       0.614490463360852     
   110.880119667541        3.87867119140915       0.622170678062769     
   111.004008069404        3.68180940983956       0.603246760367947     
   111.127896471267        3.49866794683609       0.626305511032980     
   111.251784873130        3.76604133823928       0.549046979219465     
   111.375673274994        3.92072554575114       0.618924738961264     
   111.499561676857        3.53128402319442       0.668672519603266     
   111.623450078720        3.85078497808335       0.639925866267785     
   111.747338480583        3.55184635013004       0.569958460167045     
   111.871226882446        3.59585531859230       0.587264945903929     
   111.995115284310        3.70012713832006       0.630706842676119     
   112.119003686173        4.15697935416568       0.699485736824540     
   112.242892088036        3.69527727220121       0.641077469739473     
   112.366780489899        3.78149143304292       0.626609292216237     
   112.490668891762        3.83321827934184       0.598791578064270     
   112.614557293625        3.73433335376419       0.603233817457463     
   112.738445695489        3.68588834289245       0.656506083997901     
   112.862334097352        3.80855493350051       0.581221881473848     
   112.986222499215        3.78039981778118       0.593469940628446     
   113.110110901078        3.39858798137875       0.639981672032400     
   113.233999302941        3.97552791588266       0.634864764621213     
   113.357887704804        3.49001824334663       0.584555319803929     
   113.481776106668        3.81740444644430       0.678815476104403     
   113.605664508531        3.72704808197924       0.594578607814383     
   113.729552910394        3.44959460003331       0.562018204767787     
   113.853441312257        3.48901221685430       0.684325756751035     
   113.977329714120        3.66677945882780       0.613857689267759     
   114.101218115984        3.65672922633367       0.626526552683361     
   114.225106517847        3.49341999435628       0.607258079856507     
   114.348994919710        3.75829702061006       0.656858718640781     
   114.472883321573        3.52650446674037       0.665714117566882     
   114.596771723436        3.47492242024259       0.627398364449944     
   114.720660125299        3.81412529186864       0.671657469031249     
   114.844548527163        4.00268090493533       0.577512301858872     
   114.968436929026        3.92744135389158       0.668703118059404     
   115.092325330889        3.83462904619940       0.587991872942957     
   115.216213732752        3.92956579227677       0.603034681192613     
   115.340102134615        3.93162803998322       0.622866503369643     
   115.463990536478        3.59375052446991       0.636970481106526     
   115.587878938342        3.69403859539187       0.545405833660232     
   115.711767340205        3.84916853026689       0.548262686838566     
   115.835655742068        3.56392052249121       0.604750686633231     
   115.959544143931        3.73063149352825       0.583240101267253     
   116.083432545794        3.59347395040653       0.643382550021558     
   116.207320947657        3.78254405042034       0.633566450520255     
   116.331209349521        3.56805002341955       0.629362258176718     
   116.455097751384        4.25480959131164       0.621814678731248     
   116.578986153247        3.65512394060370       0.622589970065459     
   116.702874555110        3.49848051748057       0.573826962026822     
   116.826762956973        3.71878492487869       0.622111367396909     
   116.950651358837        3.72372963882495       0.634849228381261     
   117.074539760700        3.76336967127954       0.595826639897855     
   117.198428162563        3.94524650318900       0.645889306768151     
   117.322316564426        3.68024434769804       0.659736328090302     
   117.446204966289        3.60208142104480       0.570877515151050     
   117.570093368152        3.75633481216378       0.607290489638012     
   117.693981770016        3.79089309191710       0.618225260374155     
   117.817870171879        3.71243031888694       0.579496117216814     
   117.941758573742        3.76347322831727       0.668208668877281     
   118.065646975605        3.60763663844696       0.582671576766482     
   118.189535377468        3.75457719886339       0.586050583487697     
   118.313423779331        3.81765465116233       0.614607240612312     
   118.437312181195        3.95331820116867       0.647147962061692     
   118.561200583058        3.87484950708068       0.574037542055989     
   118.685088984921        3.76355388344348       0.650970309431891     
   118.808977386784        3.57114299528603       0.693989228381908     
   118.932865788647        3.40542435434895       0.614020064616088     
   119.056754190510        3.90314825890450       0.701902559611010     
   119.180642592374        3.72806722761500       0.592367810205240     
   119.304530994237        3.56849736452421       0.598485500438966     
   119.428419396100        3.67630229298611       0.661751491621591     
   119.552307797963        3.72507660046754       0.619738680317349     
   119.676196199826        3.80788031560240       0.657174563656403     
   119.800084601690        3.61286709451646       0.656248387699504     
   119.923973003553        3.68899377884749       0.651620704822087     
   120.047861405416        4.10271757426099       0.652751702541329     
   120.171749807279        3.71202004232023       0.611651026452205     
   120.295638209142        3.79350418520829       0.551003503306203     
   120.419526611005        3.68088210593285       0.619536467738221     
   120.543415012869        3.77197325760966       0.587698983886282     
   120.667303414732        3.79557088382739       0.702030722818383     
   120.791191816595        3.78196636548954       0.593202588149596     
   120.915080218458        3.96932462653483       0.652727719837678     
   121.038968620321        3.92229000807385       0.617132906717812     
   121.162857022184        3.62518048789631       0.708649884011663     
   121.286745424048        4.00991715962991       0.638890958471157     
   121.410633825911        3.89324577774943       0.645336942946484     
   121.534522227774        3.98219381682057       0.591358069494835     
   121.658410629637        3.51767063490255       0.530944949736751     
   121.782299031500        3.40506431616644       0.583904474541862     
   121.906187433363        3.72474483428036       0.592138024428211     
   122.030075835227        3.74372207834992       0.597544997582922     
   122.153964237090        3.87782693744486       0.652142518388190     
   122.277852638953        3.73578875211659       0.618533387434632     
   122.401741040816        3.94065834318612       0.607269073981166     
   122.525629442679        3.77588750839130       0.633873591917331     
   122.649517844543        3.53749119443972       0.639693379420495     
   122.773406246406        3.62539644789861       0.605253050365401     
   122.897294648269        3.67868573587032       0.583521336855943     
   123.021183050132        3.64363364337567       0.529438121864858     
   123.145071451995        3.74706575146959       0.658830477141525     
   123.268959853858        3.79305256197277       0.603207046196321     
   123.392848255722        3.67177613033886       0.576991091412979     
   123.516736657585        3.75831110228794       0.600188670310444     
   123.640625059448        3.96484193190398       0.588068999565273     
   123.764513461311        3.77319092722287       0.594892904094289     
   123.888401863174        4.04696980589338       0.648165237284411     
