  5.000000000000000E-002   53.3133108623725        101.136268186355     
  0.100000000000000        57.3927331952503        103.398614525606     
  0.150000000000000        56.7268955317218        103.464599458748     
  0.200000000000000        51.7726918764484        104.846954873017     
  0.250000000000000        51.5534702445871        106.504458126264     
  0.300000000000000        53.1221679547354        111.743627397550     
  0.350000000000000        56.3504020801722        113.317791812235     
  0.400000000000000        54.0697768107081        110.660352698041     
  0.450000000000000        57.1854000550261        107.924158283662     
  0.500000000000000        54.8302020606414        115.060134690643     
  0.550000000000000        56.5001815918170        114.739635716589     
  0.600000000000000        58.0297929606382        116.192297483716     
  0.650000000000000        53.7641594524705        116.821816074146     
  0.700000000000000        54.4816167285899        114.383962233205     
  0.750000000000000        58.2430228696459        114.628137079729     
  0.800000000000000        56.7707944742181        118.566802695683     
  0.850000000000000        53.7957687232103        117.639160603598     
  0.900000000000000        52.6978875547898        118.069626811908     
  0.950000000000000        57.2911514648709        120.688081638670     
   1.00000000000000        58.0816741304399        124.394335637543     
   1.05000000000000        52.0415858442567        112.391453952764     
   1.10000000000000        56.4186157932617        118.371664447685     
   1.15000000000000        58.3236294306222        119.362103194373     
   1.20000000000000        58.4415002248470        122.742869442273     
   1.25000000000000        55.8954899965593        119.244204625564     
   1.30000000000000        54.2249240193935        117.193488163667     
   1.35000000000000        56.0830398220716        121.506794356708     
   1.40000000000000        56.3803652998717        119.614638584971     
   1.45000000000000        55.4334329157035        118.948451998233     
   1.50000000000000        54.0956668095687        117.639487665797     
   1.55000000000000        53.9196203937826        116.538199967754     
   1.60000000000000        53.7295077692957        111.818939785308     
   1.65000000000000        56.5186355793360        122.993985156761     
   1.70000000000000        55.0161408328554        114.577555242361     
   1.75000000000000        51.7087850380044        114.924652757719     
   1.80000000000000        51.6152093867470        108.628175012734     
   1.85000000000000        53.5226021184509        111.749831690546     
   1.90000000000000        55.6553559845266        117.428550993519     
   1.95000000000000        52.0432121085861        111.905564769998     
   2.00000000000000        57.8176039602207        118.289144482226     
   2.05000000000000        51.1117085734734        116.842080793329     
   2.10000000000000        52.7882607376158        118.131053038552     
   2.15000000000000        51.3579338128995        108.025098983722     
   2.20000000000000        57.3488860899494        111.361804648226     
   2.25000000000000        56.6553389959813        115.084044981461     
   2.30000000000000        54.4135253492000        114.136285552604     
   2.35000000000000        55.2091510912983        111.012530076698     
   2.40000000000000        52.6598564764724        110.715747849008     
   2.45000000000000        61.2026754572804        120.705713377605     
   2.50000000000000        55.7146187430221        114.917758913007     
   2.55000000000000        55.5710635569296        116.113254652862     
   2.60000000000000        53.4617305184303        113.290432302056     
   2.65000000000000        55.6108894847031        110.703978824572     
   2.70000000000000        53.1907459621676        114.854873950049     
   2.75000000000000        58.0948920178200        118.733167949315     
   2.80000000000000        54.5687039314975        116.653364947024     
   2.85000000000000        51.6210889374334        113.511885366419     
   2.90000000000000        52.0521437655874        113.719034498299     
   2.95000000000000        55.2435090622841        116.253634791325     
   3.00000000000000        54.6667552331512        110.294924043672     
   3.05000000000000        52.1134608797113        113.451752403258     
   3.10000000000000        57.7918079587495        114.397548250140     
   3.15000000000000        54.5508730773147        119.781483562849     
   3.20000000000000        58.4079780568797        121.100826501944     
   3.25000000000000        55.4011299395704        114.676188713378     
   3.30000000000000        50.9625754579674        112.299822105959     
   3.35000000000000        50.3649975048064        109.935471448458     
   3.40000000000000        52.9297086411101        112.144099289407     
   3.45000000000000        55.6125951583279        114.319535483590     
   3.50000000000000        53.9933658657948        117.363701788491     
   3.55000000000000        54.2810203558370        111.819994162112     
   3.60000000000000        52.4413100652499        113.471937469010     
   3.65000000000000        55.8239445680071        112.995224901131     
   3.70000000000000        51.8820512674047        114.560096993222     
   3.75000000000000        55.0779252469660        117.672594749425     
   3.80000000000000        53.6170536770014        116.254254054349     
   3.85000000000000        58.2226960793702        122.383067908420     
   3.90000000000000        54.3771069155019        112.159950772112     
   3.95000000000000        51.7508632248277        109.200407635051     
   4.00000000000000        56.1096685634103        120.131921701702     
   4.05000000000000        60.7743777248663        124.239821822206     
   4.10000000000000        55.3627363859821        118.719756011040     
   4.15000000000000        53.8264168916680        113.993871988764     
   4.20000000000000        55.4489065618491        112.138633871959     
   4.25000000000000        58.2946726373762        116.197701686523     
   4.30000000000000        57.6739101643171        122.914179653397     
   4.35000000000000        55.1520553037685        113.605667385553     
   4.40000000000000        52.4067642654019        109.620510414202     
   4.45000000000000        55.9999178201900        117.229156830537     
   4.50000000000000        53.9984328367294        116.360115750474     
   4.55000000000000        52.8512470804984        112.111096461642     
   4.60000000000000        52.1498202008632        114.694134625087     
   4.65000000000000        54.8556875329116        113.695272514815     
   4.70000000000000        51.1822889859354        116.175119662463     
   4.75000000000000        55.7789154103141        122.276984260116     
   4.80000000000000        50.8525117358271        110.232035546278     
   4.85000000000000        54.0552593507814        115.150009736362     
   4.90000000000000        54.0031921002679        116.746205229564     
   4.95000000000000        55.7461567315597        114.762309332664     
   5.00000000000000        50.8522452336646        108.460700180358     
   5.05000000000000        54.0819381235385        116.787748505879     
   5.10000000000000        49.6883353628371        111.990967404222     
   5.15000000000000        52.6133768983832        119.355878483086     
   5.20000000000000        53.9851038677329        114.650660627447     
   5.25000000000000        55.2936477241109        113.202660386562     
   5.30000000000000        55.1511031143894        114.722953476154     
   5.35000000000000        55.1134242803410        116.896644478218     
   5.40000000000000        55.8865355267853        115.169967789075     
   5.45000000000000        53.9847843909453        116.503820029783     
   5.50000000000000        53.4476041383495        115.942275840494     
   5.55000000000000        55.9486480631254        112.126908574025     
   5.60000000000000        53.4258305231173        114.959497701055     
   5.65000000000000        52.4362044722354        114.707690233442     
   5.70000000000000        52.7351096457777        117.376160391118     
   5.75000000000000        52.5900010336140        117.738439076706     
   5.80000000000000        51.4366901183026        113.843575373242     
   5.85000000000000        59.7242610060383        117.689849460449     
   5.90000000000000        55.6999691917945        116.298930518360     
   5.95000000000000        52.8175229207655        114.960027565868     
   6.00000000000000        54.3613690497417        114.044008147720     
   6.05000000000000        55.8854822532485        117.924315386383     
   6.10000000000000        51.2890418218496        110.648374228163     
   6.15000000000000        54.9766604493862        108.509542348410     
   6.20000000000000        54.0063008515662        112.235468399476     
   6.25000000000000        54.2780113785919        110.284914940060     
   6.30000000000000        53.5544248161837        115.474573508839     
   6.35000000000000        56.4411007869521        116.608260183647     
   6.40000000000000        49.8121784420593        112.887644093164     
   6.45000000000000        58.0772107733621        124.292017364776     
   6.50000000000000        49.4957562361768        103.820290619683     
   6.55000000000000        50.9788450195116        110.941786890343     
   6.60000000000000        58.5631877519598        119.007667255614     
   6.65000000000000        60.5134990121628        116.016221745570     
   6.70000000000000        51.2958910714784        114.725295259400     
   6.75000000000000        51.4135052120508        111.520739219330     
   6.80000000000000        56.5769966498216        116.595204230959     
   6.85000000000000        54.5731617687234        109.490535396956     
   6.90000000000000        58.2156076408011        120.299876139781     
   6.95000000000000        54.7294632618789        111.000543860177     
   7.00000000000000        52.7314922236239        113.047131377260     
   7.05000000000000        55.4675830207689        112.560109662101     
   7.10000000000000        56.0971097550733        118.942925013794     
   7.15000000000000        57.6672295375781        115.023026041480     
   7.20000000000000        54.5101859539104        115.951160985438     
   7.25000000000000        57.8996747005102        118.385777455545     
   7.30000000000000        48.4763305516827        116.526707824658     
   7.35000000000000        55.8487934849297        119.209204515680     
   7.40000000000000        56.7365298692004        113.626753178855     
   7.45000000000000        54.5312352824113        110.797654805306     
   7.50000000000000        55.7045617909721        113.541402190971     
   7.55000000000000        57.3787604106361        114.913722670027     
   7.60000000000000        55.0832179943395        113.052598855506     
   7.65000000000000        61.7370540538489        123.019911468715     
   7.70000000000000        54.6275422697234        111.847478640175     
   7.75000000000000        56.0631212965423        106.373285559687     
   7.80000000000000        56.8538368901434        120.315660440555     
   7.85000000000000        54.7191961128457        115.877377887808     
   7.90000000000000        56.7013065855674        118.269055833768     
   7.95000000000000        53.9736173647901        109.382567005527     
   8.00000000000000        55.1796415761137        113.265417000875     
   8.05000000000000        51.7982709543686        115.972961770861     
   8.10000000000000        58.5008850132635        120.822700804782     
   8.15000000000000        57.9279384095344        113.188262726268     
   8.20000000000000        54.2885867684658        112.674094184738     
   8.25000000000000        52.0116409316823        111.073448334025     
   8.30000000000000        56.9045866470047        121.731272960765     
   8.35000000000000        53.4176599756160        109.314415216315     
   8.40000000000000        55.6548569160498        114.684031416837     
   8.45000000000000        57.1108454696443        115.540452285646     
   8.50000000000000        54.7953095407382        117.092819143225     
   8.55000000000000        52.6368647922748        109.781253966631     
   8.60000000000000        55.4752035841715        116.735693202221     
   8.65000000000000        54.4665630750915        108.615931638699     
   8.70000000000000        56.0539115346949        112.899255781417     
   8.75000000000000        52.4794909139939        105.537356683210     
   8.80000000000000        54.8670649892489        115.009170945554     
   8.85000000000000        57.3506975049910        114.995049733222     
   8.90000000000000        51.6075662710880        112.351809251705     
   8.95000000000000        56.1068251379115        117.177694575539     
   9.00000000000000        56.8048638903521        114.194368509713     
   9.05000000000000        55.8277573736946        113.295229850764     
   9.10000000000000        61.6318287038226        112.462177066871     
   9.15000000000000        56.0850157518998        110.691663706104     
   9.20000000000000        53.3754852616983        109.381755942974     
   9.25000000000000        57.4207687095577        120.085587502614     
   9.30000000000000        53.8174605239132        114.723432412273     
   9.35000000000000        53.5808016958456        116.450846413593     
   9.40000000000000        57.4803421733615        121.042337541050     
   9.45000000000000        57.1132436996446        113.695457170425     
   9.50000000000000        52.3595861064392        116.302789377726     
   9.55000000000000        57.0322348359469        110.484566174588     
   9.60000000000000        57.6913753337151        119.989321083883     
   9.65000000000000        55.4671452811835        116.493960467736     
   9.70000000000000        52.6763425730026        112.533319898799     
   9.75000000000000        54.7211855681665        109.776213487388     
   9.80000000000000        58.1261671921444        113.297575326036     
   9.85000000000000        52.6644773244207        114.878836564940     
   9.90000000000000        51.6883514121011        111.801328549488     
   9.95000000000000        52.9402899383786        115.899529608182     
   10.0000000000000        57.1582709622012        116.479632504605     
   10.0500000000000        55.8882245592057        116.844577580612     
   10.1000000000000        58.5703942616834        117.251357959341     
   10.1500000000000        58.6893627114005        113.175687345688     
   10.2000000000000        57.0160997129936        114.530686001132     
   10.2500000000000        53.0021419573544        105.723504786726     
   10.3000000000000        55.2263876079374        110.888850895276     
   10.3500000000000        55.1402027967134        111.985993829691     
   10.4000000000000        55.7204538263436        112.367767844556     
   10.4500000000000        55.6716470615933        110.727539547697     
   10.5000000000000        55.5154662449580        106.727462524455     
   10.5500000000000        53.0656125854850        112.853865460698     
   10.6000000000000        52.4315019025004        117.465987620090     
   10.6500000000000        55.5824142522842        115.561939107747     
   10.7000000000000        56.2432874788841        123.683474486083     
   10.7500000000000        55.1730885435884        126.691422051021     
   10.8000000000000        51.7602836823079        117.653614678251     
   10.8500000000000        52.5292433491990        114.629763514867     
   10.9000000000000        58.7528600194677        120.253432865195     
   10.9500000000000        57.5418101229208        124.963583517924     
   11.0000000000000        55.3814856061432        114.781688621754     
   11.0500000000000        53.8299018365032        116.580288339862     
   11.1000000000000        56.6585372307843        119.011747103089     
   11.1500000000000        54.6774240584574        110.890876783668     
   11.2000000000000        54.1243524406636        115.548719230816     
   11.2500000000000        53.8762402334267        113.187458429144     
   11.3000000000000        54.3896975655936        120.195596280534     
   11.3500000000000        54.2367125608719        116.821547147954     
   11.4000000000000        56.9272597207350        118.484219648990     
   11.4500000000000        51.9867572726037        111.094752050019     
   11.5000000000000        56.5345979225705        116.784924432169     
   11.5500000000000        53.7112141291752        113.253939401503     
   11.6000000000000        52.1016762456973        113.596316064921     
   11.6500000000000        51.8522112997373        112.654465469315     
   11.7000000000000        56.1420508412781        114.999921595577     
   11.7500000000000        52.6561280850081        119.679259825537     
   11.8000000000000        57.1382368019052        116.293510872230     
   11.8500000000000        55.8014396142760        115.882758699576     
   11.9000000000000        57.5251219406299        119.076124319461     
   11.9500000000000        56.6690284784171        122.712313197207     
   12.0000000000000        57.2407767551592        121.374731484116     
   12.0500000000000        54.4452822257805        115.125874749192     
   12.1000000000000        56.0663212086379        123.277754254014     
   12.1500000000000        52.4762701847203        110.330351021222     
   12.2000000000000        52.1203177878941        113.966725302298     
   12.2500000000000        55.8438363464426        114.998421191329     
   12.3000000000000        53.2098736010945        110.865177720854     
   12.3500000000000        53.4623406381209        114.066226071547     
   12.4000000000000        56.4577695060029        115.824897161020     
   12.4500000000000        55.8217682674407        125.348930438958     
   12.5000000000000        54.1422899783762        110.774351905885     
   12.5500000000000        54.5958875024777        112.134540117843     
   12.6000000000000        53.2843178876772        113.086422502433     
   12.6500000000000        57.1001916892587        123.273125799049     
   12.7000000000000        54.3926880860073        111.133273166438     
   12.7500000000000        53.8666461190874        113.578462997543     
   12.8000000000000        54.0805428454868        111.231063519976     
   12.8500000000000        52.5377890113018        112.888150341584     
   12.9000000000000        54.1191209827156        113.107825082239     
   12.9500000000000        53.3300276077721        117.872816506801     
   13.0000000000000        55.0477262461577        115.080795946003     
   13.0500000000000        53.9697617451230        114.214441639129     
   13.1000000000000        53.7298421009135        118.929094664570     
   13.1500000000000        59.5843778371261        117.598347884700     
   13.2000000000000        56.8332444974917        123.853779637064     
   13.2500000000000        50.8669752950551        110.667992164281     
   13.3000000000000        56.0146071053532        113.163909908175     
   13.3500000000000        51.4712927812611        113.005886994845     
   13.4000000000000        52.6927736542835        114.624614795783     
   13.4500000000000        53.7264661897643        115.400793811173     
   13.5000000000000        52.4903907475080        115.759469252780     
   13.5500000000000        52.7721866756701        112.964181511716     
   13.6000000000000        54.1524091508168        117.007851993962     
   13.6500000000000        51.2711392128203        113.365312918182     
   13.7000000000000        54.1335844737373        119.532586284779     
   13.7500000000000        52.6677252415110        111.252119028205     
   13.8000000000000        58.9575347618401        117.665305779503     
   13.8500000000000        55.8082466397309        119.224331047919     
   13.9000000000000        57.8069593236466        117.493382098769     
   13.9500000000000        54.4459319823918        111.961516942457     
   14.0000000000000        56.6784491721795        114.618296680603     
   14.0500000000000        53.2423215377111        109.131585486683     
   14.1000000000000        52.2818212585984        116.028985003995     
   14.1500000000000        57.4492216601878        117.498545421995     
   14.2000000000000        57.8374137732349        118.779983232141     
   14.2500000000000        57.9425035333584        118.152005271262     
   14.3000000000000        56.6744139254341        120.708021543989     
   14.3500000000000        55.7493559420465        121.871061995138     
   14.4000000000000        58.0785405347444        119.910834179195     
   14.4500000000000        52.5835075503079        111.816542532638     
   14.5000000000000        52.9757353216336        111.273982107067     
   14.5500000000000        54.9988392902313        117.379925601847     
   14.6000000000000        50.0388420704270        108.743639687816     
   14.6500000000000        52.8350734896005        115.692451231273     
   14.7000000000000        51.8477733712692        111.970990662141     
   14.7500000000000        52.6825534721120        109.358616732591     
   14.8000000000000        58.1862470593413        116.029711772056     
   14.8500000000000        58.2246940914843        119.583435371249     
   14.9000000000000        52.4636380633766        112.336555366384     
   14.9500000000000        53.8104176238939        109.273537666454     
   15.0000000000000        52.9364225787599        110.973992845016     
   15.0500000000000        56.8762757358717        116.704566122826     
   15.1000000000000        52.8678524061481        117.910924974552     
   15.1500000000000        54.7717638358818        110.847470476607     
   15.2000000000000        56.1051764583918        114.480552069652     
   15.2500000000000        58.3639920595523        118.743747077011     
   15.3000000000000        52.4323245311604        112.581262762021     
   15.3500000000000        56.6682651587118        117.407904754163     
   15.4000000000000        58.5729852144965        119.144850392916     
   15.4500000000000        53.1299407788412        110.989845894646     
   15.5000000000000        54.6588164112777        119.553645413011     
   15.5500000000000        50.3394862530033        106.664881126391     
   15.6000000000000        55.3608436446052        118.542156663186     
   15.6500000000000        54.0886260821192        111.882063057236     
   15.7000000000000        56.2569748713617        115.440537942470     
   15.7500000000000        55.1503726291975        117.778764623179     
   15.8000000000000        53.7022881275970        117.784659245710     
   15.8500000000000        52.8402426363902        111.221022813811     
   15.9000000000000        54.9191799473518        117.007235736903     
   15.9500000000000        54.3382129181602        122.602601167020     
   16.0000000000000        52.2557596878229        119.553756306442     
   16.0500000000000        53.2680945434802        114.885082063497     
   16.1000000000000        56.0541768303732        111.189773068020     
   16.1500000000000        54.5593567636270        119.551859193350     
   16.2000000000000        53.6803171409262        112.168453129921     
   16.2500000000000        57.1637589980114        110.721067146838     
   16.3000000000000        57.1532867446101        113.690756958940     
   16.3500000000000        55.3397730324152        111.791844044687     
   16.4000000000000        55.4840701996229        112.907652634104     
   16.4500000000000        60.5891967086613        117.893536000340     
   16.5000000000000        56.8578918193384        115.558287155573     
   16.5500000000000        52.5954261496645        106.524643339573     
   16.6000000000000        52.8031297466493        113.654447771984     
   16.6500000000000        57.7001275464036        114.212366105131     
   16.7000000000000        56.7311619188020        110.075853027519     
   16.7500000000000        51.9809542056081        105.466990162956     
   16.8000000000000        52.9383021362455        109.337807284161     
   16.8500000000000        53.6878642249896        114.436846247656     
   16.9000000000000        52.5443341172509        108.363805770559     
   16.9500000000000        57.7358402171587        124.553499607538     
   17.0000000000000        54.8689643809127        113.279882757199     
   17.0500000000000        56.6790662483262        125.398106387448     
   17.1000000000000        54.1350986702936        113.881699527713     
   17.1500000000000        55.4934903385536        115.572221443200     
   17.2000000000000        54.0794300846985        121.939441858335     
   17.2500000000000        53.2336984664825        111.769888562460     
   17.3000000000000        57.2783086814631        117.406173564693     
   17.3500000000000        54.1708068056654        118.730441159618     
   17.4000000000000        53.4846724318642        116.698507771866     
   17.4500000000000        59.2976859371551        120.274621579737     
   17.5000000000000        56.3400432937047        118.258605983108     
   17.5500000000000        53.8318225369450        115.218314360136     
   17.6000000000000        53.0490071407290        116.923517814726     
   17.6500000000000        51.8813746482182        114.155370751197     
   17.7000000000000        54.0233532344486        110.948162919362     
   17.7500000000000        53.8685290932635        115.206166457561     
   17.8000000000000        57.5214349715588        114.896023900886     
   17.8500000000000        53.3995479887122        114.525584133568     
   17.9000000000000        55.5401076325820        119.146452096089     
   17.9500000000000        52.9786220808546        116.594107099973     
   18.0000000000000        58.7968337604782        119.644614399542     
   18.0500000000000        56.0272636738524        114.166311128983     
   18.1000000000000        53.5449236595693        112.601618800721     
   18.1500000000000        55.2996261233036        116.357015998678     
   18.2000000000000        49.2279402135471        108.919311421175     
   18.2500000000000        51.2293744670450        112.807635435740     
   18.3000000000000        54.7786958582057        112.846173975667     
   18.3500000000000        51.7890139451942        113.133581674846     
   18.4000000000000        55.7299696537849        114.636734119597     
   18.4500000000000        53.2624831662312        113.000818760114     
   18.5000000000000        53.5206864291470        106.631171229748     
   18.5500000000000        56.2813646226241        112.194984884338     
   18.6000000000000        52.0367240139444        106.494830978879     
   18.6500000000000        56.6293987637003        115.142838246942     
   18.7000000000000        57.5296947178432        115.766285904158     
   18.7500000000000        52.2807235369306        111.968366005674     
   18.8000000000000        55.6590203994058        115.987794119920     
   18.8500000000000        61.5759653559035        125.687084838974     
   18.9000000000000        55.7609503731090        111.655302090906     
   18.9500000000000        49.9024712786498        109.849214847373     
   19.0000000000000        54.1833788199215        114.372819736963     
   19.0500000000000        52.6603113339808        113.066008842175     
   19.1000000000000        54.9324714749403        117.805716368166     
   19.1500000000000        51.5319318731444        106.538497462410     
   19.2000000000000        52.2858000914803        109.380466146223     
   19.2500000000000        56.6994439025405        115.512746390889     
   19.3000000000000        56.0906543000474        118.978261717714     
   19.3500000000000        53.1932937368254        111.185993800025     
   19.4000000000000        55.7523133424792        117.705947819374     
   19.4500000000000        53.5733772595390        109.710168778113     
   19.5000000000000        57.9239487599812        116.374787786045     
   19.5500000000000        56.3116550419398        111.778016323124     
   19.6000000000000        56.2622416247865        114.815455796202     
   19.6500000000000        53.4241621238402        110.039483900346     
   19.7000000000000        53.2401301257075        115.656176803569     
   19.7500000000000        56.9182864355231        119.827444036363     
   19.8000000000000        54.2063413600752        111.689723728355     
   19.8500000000000        56.9980757169233        120.650240183184     
   19.9000000000000        53.4428772056679        116.388429636380     
   19.9500000000000        52.1028182722625        105.879285248506     
   20.0000000000000        55.7483342969020        112.577688174875     
   20.0500000000000        53.7814965678159        114.398253983063     
   20.1000000000000        51.2170735092078        110.275652682443     
   20.1500000000000        59.1996823555657        116.829960076843     
   20.2000000000000        53.4646000274814        107.380273073852     
   20.2500000000000        56.1590994369500        114.342374235511     
   20.3000000000000        53.4077126922560        107.960444752750     
   20.3500000000000        58.9699733081037        119.260428629978     
   20.4000000000000        55.8037189656807        114.079005762513     
   20.4500000000000        58.7704071942531        116.695684727882     
   20.5000000000000        55.6296952164141        118.853650334859     
   20.5500000000000        53.9354981523452        111.620642874219     
   20.6000000000000        54.8149483033501        116.446000038032     
   20.6500000000000        55.6408780741842        120.519766118205     
   20.7000000000000        57.7652429817012        116.174207131720     
   20.7500000000000        52.9995370626193        115.435690982051     
   20.8000000000000        53.9972408719198        113.047325833809     
   20.8500000000000        54.6681954691937        119.176629915829     
   20.9000000000000        54.1507240051518        115.706047121494     
   20.9500000000000        53.4310433033607        111.886005483891     
   21.0000000000000        54.3594134533931        114.647555100628     
   21.0500000000000        52.1015543291917        109.024928180232     
   21.1000000000000        57.4930583364318        108.522085359864     
   21.1500000000000        51.3722537861303        110.994931541545     
   21.2000000000000        54.1722520807163        114.209505483761     
   21.2500000000000        59.2371605990848        118.226997456200     
   21.3000000000000        56.0248925350568        112.606592407180     
   21.3500000000000        58.5927120158523        118.287990532472     
   21.4000000000000        56.6328559097423        114.850669290507     
   21.4500000000000        52.4554446965784        109.164202112107     
   21.5000000000000        58.5796489155281        118.711758832618     
   21.5500000000000        56.0146354764165        114.912546895048     
   21.6000000000000        57.1716562066444        114.000242092323     
   21.6500000000000        58.0485945117895        117.805045920545     
   21.7000000000000        55.6505766706001        114.644525776358     
   21.7500000000000        56.2857213961769        111.578137999422     
   21.8000000000000        53.5532658238210        110.310696855491     
   21.8500000000000        51.8925699181820        110.332542054322     
   21.9000000000000        53.4436151499827        113.180670945427     
   21.9500000000000        59.0898166527703        119.455955346652     
   22.0000000000000        55.5561502862899        116.668310177201     
   22.0500000000000        50.4963527947612        111.072029327253     
   22.1000000000000        54.0897806019257        112.132444055994     
   22.1500000000000        52.1137489696242        116.592126099052     
   22.2000000000000        53.0303483916928        114.638962400083     
   22.2500000000000        52.3311949050511        109.763065008136     
   22.3000000000000        53.0178712332188        110.373019362558     
   22.3500000000000        55.1200306662448        115.224150099718     
   22.4000000000000        53.2339749753759        119.671847875663     
   22.4500000000000        57.5936399630248        116.459977436150     
   22.5000000000000        53.9231977906696        121.180896458138     
   22.5500000000000        55.7640726936475        120.402340289814     
   22.6000000000000        51.1285990936247        106.971324028514     
   22.6500000000000        50.5785824603575        107.810595132145     
   22.7000000000000        51.4312892602264        107.209760652749     
   22.7500000000000        53.9666265480467        115.622803673673     
   22.8000000000000        54.1007843434150        109.438580444057     
   22.8500000000000        52.3734052541751        109.426661281753     
   22.9000000000000        55.5911704867294        116.592692383143     
   22.9500000000000        58.0137909967679        116.408196833607     
   23.0000000000000        52.7031746451995        110.351528914061     
   23.0500000000000        55.4650833489924        119.734957226655     
   23.1000000000000        60.1947548176445        119.348743470719     
   23.1500000000000        53.4262241723932        111.997559078961     
   23.2000000000000        53.0042812361365        111.539883840646     
   23.2500000000000        61.3330967200270        118.887116850178     
   23.3000000000000        54.3597223220712        113.293877820258     
   23.3500000000000        56.3576561410829        118.928291777891     
   23.4000000000000        55.0958002397302        111.855212134882     
   23.4500000000000        53.2572987925160        117.491640826057     
   23.5000000000000        52.0645047620069        109.028196631866     
   23.5500000000000        56.5903544409359        114.974724626140     
   23.6000000000000        56.2231636139083        114.141030715524     
   23.6500000000000        54.9706937973801        113.833414717239     
   23.7000000000000        52.1860589728565        113.025064821608     
   23.7500000000000        55.1128467181780        115.173246300047     
   23.8000000000000        54.6298184751848        116.005109226396     
   23.8500000000000        56.8605717966791        115.500753426976     
   23.9000000000000        56.2302579631101        122.016991246177     
   23.9500000000000        56.0542199751830        122.611298505816     
   24.0000000000000        52.0502516342846        109.002356774534     
   24.0500000000000        52.0183071845660        113.024644025367     
   24.1000000000000        56.9682808282610        115.105745406605     
   24.1500000000000        56.5759078542468        124.010011202155     
   24.2000000000000        55.9491899695194        117.777325683372     
   24.2500000000000        57.7387549601047        119.976773492635     
   24.3000000000000        53.3614441920314        118.158578892714     
   24.3500000000000        51.5364496005113        111.946746087881     
   24.4000000000000        54.4460563959232        119.429470019562     
   24.4500000000000        58.5542028401390        123.883193484460     
   24.5000000000000        54.5424216595885        115.137729348688     
   24.5500000000000        59.2258042695302        122.826126068916     
   24.6000000000000        56.6640213213004        122.029314780220     
   24.6500000000000        55.3043927502429        114.823119375130     
   24.7000000000000        53.6863070774090        110.890154759149     
   24.7500000000000        52.8989281343353        112.728863283984     
   24.8000000000000        51.7021241366972        116.366889690647     
   24.8500000000000        54.4424280647494        112.452972454974     
   24.9000000000000        53.6726436287423        115.193400216618     
   24.9500000000000        52.7212874563156        110.798909628152     
   25.0000000000000        55.3892445872038        118.948757242685     
   25.0500000000000        53.9592508667965        116.833003369195     
   25.1000000000000        54.3351621432155        111.837590942799     
   25.1500000000000        49.3793948666102        109.404136775220     
   25.2000000000000        56.1376119420288        114.075055232209     
   25.2500000000000        56.8374807634066        121.360346456727     
   25.3000000000000        51.5847681995036        112.879169554167     
   25.3500000000000        56.3974892207582        126.410436472974     
   25.4000000000000        54.9264587370895        113.874871906803     
   25.4500000000000        57.3810686780583        121.584269258628     
   25.5000000000000        54.4370075837726        118.126513652684     
   25.5500000000000        54.1622494792320        115.342040947099     
   25.6000000000000        54.3292564304795        118.870629847622     
   25.6500000000000        54.2442636331320        112.925630161713     
   25.7000000000000        52.1378929574913        111.742259881471     
   25.7500000000000        52.9497786030824        114.813319989514     
   25.8000000000000        56.5302316024478        120.858831093708     
   25.8500000000000        57.3649050062139        118.799920464251     
   25.9000000000000        55.4976529688600        114.807221653650     
   25.9500000000000        54.8807379796159        108.166855953393     
   26.0000000000000        52.3671203832925        114.786059016987     
   26.0500000000000        54.5957918051372        110.907663240367     
   26.1000000000000        56.8421521523681        117.154170302295     
   26.1500000000000        54.6261692764793        115.049940341018     
   26.2000000000000        61.6335275717525        125.422980878672     
   26.2500000000000        51.6994904371830        111.835005346026     
   26.3000000000000        53.8190457685811        114.609819588070     
   26.3500000000000        53.6580260999041        107.903704861980     
   26.4000000000000        56.0339797409660        114.902959709657     
   26.4500000000000        56.7184146596750        111.549423493108     
   26.5000000000000        57.8420094286712        116.752530224963     
   26.5500000000000        51.6885934285378        103.756607489548     
   26.6000000000000        57.5507520198743        113.227387569831     
   26.6500000000000        56.2382791164007        116.741613946834     
   26.7000000000000        56.2427112055211        117.783722193336     
   26.7500000000000        55.2999378415949        117.581347264595     
   26.8000000000000        55.1505498894521        111.797652269736     
   26.8500000000000        58.0248423498210        116.636096823869     
   26.9000000000000        50.4361697043320        112.399943556458     
   26.9500000000000        55.9115310862454        114.297913900013     
   27.0000000000000        54.0855571646489        121.269877493810     
   27.0500000000000        54.6129392760004        116.076395925076     
   27.1000000000000        54.2388409234185        112.550217478907     
   27.1500000000000        55.5072519373628        112.177726207014     
   27.2000000000000        54.6267992120918        115.700959558261     
   27.2500000000000        55.9279707047479        119.601279352399     
   27.3000000000000        53.8569835661646        119.091247755520     
   27.3500000000000        51.2595641789861        114.214942560215     
   27.4000000000000        52.1157911923936        110.849269917583     
   27.4500000000000        51.9980735136502        104.769846648048     
   27.5000000000000        54.4512621703651        116.909350705854     
   27.5500000000000        50.2495044848347        106.820628637996     
   27.6000000000000        50.0264786380809        108.544137470975     
   27.6500000000000        51.9785030379521        114.080611780524     
   27.7000000000000        56.4669053723548        114.058145450384     
   27.7500000000000        54.3441404796752        112.955659333879     
   27.8000000000000        54.0579839525823        114.731455409140     
   27.8500000000000        53.8079107157527        111.826026755805     
   27.9000000000000        54.1052398302612        112.579422854235     
   27.9500000000000        52.4246862222805        111.283750915952     
   28.0000000000000        52.3570568054380        111.233625488127     
   28.0500000000000        52.3975533089013        113.381693188284     
   28.1000000000000        53.2606375571621        113.288634670916     
   28.1500000000000        54.5530617624582        114.572546435178     
   28.2000000000000        54.9793896560818        113.583042476847     
   28.2500000000000        52.3321145357836        115.720039829227     
   28.3000000000000        53.8872890889643        111.709977458351     
   28.3500000000000        54.3683170903830        111.672481067891     
   28.4000000000000        55.4565784746469        110.567338128183     
   28.4500000000000        57.3437538753849        120.141517466702     
   28.5000000000000        51.4067892523846        106.146085392836     
   28.5500000000000        57.2894433956188        122.464288174051     
   28.6000000000000        55.5451451049545        111.680539848530     
   28.6500000000000        54.5854315518926        118.385833069112     
   28.7000000000000        50.6649731181042        114.106734152660     
   28.7500000000000        57.0914994034820        116.522978884234     
   28.8000000000000        54.3653003404576        114.285893959935     
   28.8500000000000        56.9728796544486        117.299670839850     
   28.9000000000000        54.0894740823248        115.526114533439     
   28.9500000000000        55.8546491043909        116.702229412492     
   29.0000000000000        52.5821262454056        109.790339966037     
   29.0500000000000        56.9467888853873        119.455654159984     
   29.1000000000000        58.3256456727003        118.973213672560     
   29.1500000000000        54.4519603527179        116.911817221873     
   29.2000000000000        55.4671627078679        117.304623237964     
   29.2500000000000        57.1119327042235        113.808021233750     
   29.3000000000000        53.5792395667921        120.528120537371     
   29.3500000000000        50.4808085179409        110.128978299117     
   29.4000000000000        56.5086472802818        119.974100480860     
   29.4500000000000        55.9489929008441        120.570741734066     
   29.5000000000000        57.5894772505262        119.087347637892     
   29.5500000000000        54.0179622961787        113.917570503898     
   29.6000000000000        55.4582575358141        120.818482781597     
   29.6500000000000        51.3259284773481        112.532239579741     
   29.7000000000000        58.8254021504605        114.851727185091     
   29.7500000000000        51.3401730358029        108.159482354858     
   29.8000000000000        55.9142686202431        111.520684927259     
   29.8500000000000        54.1168720584613        113.599750916678     
   29.9000000000000        57.4353048968385        118.580321856703     
   29.9500000000000        54.5375305816642        116.676782488317     
   30.0000000000000        58.0008710179499        123.987216203120     
   30.0500000000000        53.8364024120758        120.350330816830     
   30.1000000000000        55.0160276726483        110.664386303926     
   30.1500000000000        54.3974384403485        113.899480079392     
   30.2000000000000        59.7544610804582        120.302310133027     
   30.2500000000000        54.4846017096796        119.544575254232     
   30.3000000000000        54.0091946192296        120.417996409533     
   30.3500000000000        59.3478497357061        120.589441129003     
   30.4000000000000        57.6298384094440        117.225356342040     
   30.4500000000000        53.2552414834249        112.968758264509     
   30.5000000000000        52.9771288697743        112.290904008706     
   30.5500000000000        54.9207926698534        121.127630467930     
   30.6000000000000        54.5902925423526        116.235757090948     
   30.6500000000000        54.5740777939864        118.241897647822     
   30.7000000000000        50.7509456268386        113.677648903676     
   30.7500000000000        56.4666588879520        124.059019753421     
   30.8000000000000        53.3226533974393        118.072433127342     
   30.8500000000000        48.6507081859471        115.375889523964     
   30.9000000000000        58.6386100352358        120.082296663460     
   30.9500000000000        62.2940693783951        124.827146318286     
   31.0000000000000        55.1162464107295        109.025238881285     
   31.0500000000000        52.5151090113318        109.373984964545     
   31.1000000000000        51.4342172027087        108.948292393574     
   31.1500000000000        51.3124003112455        112.781042644267     
   31.2000000000000        53.4350251186660        107.003457858416     
   31.2500000000000        53.8038113585113        109.527625235145     
   31.3000000000000        53.7076110892908        115.090971096785     
   31.3500000000000        53.8773584576635        114.622153519013     
   31.4000000000000        52.8324739078660        117.378162133603     
   31.4500000000000        53.5099546792653        113.126085785726     
   31.5000000000000        54.3810109260058        113.439624564278     
   31.5500000000000        53.6045570598280        118.170947011047     
   31.6000000000000        52.5843327325991        118.016832468394     
   31.6500000000000        57.1334427495109        114.675514396410     
   31.7000000000000        54.5535281904728        114.556592731651     
   31.7500000000000        56.2289890606291        119.442224214611     
   31.8000000000000        55.7945533630870        114.515394531063     
   31.8500000000000        56.3530761602379        114.691314803504     
   31.9000000000000        53.1654662737708        116.866906084471     
   31.9500000000000        57.9216252690269        120.901633538672     
   32.0000000000000        55.6853698850218        120.192774098731     
   32.0500000000000        57.0551248018403        124.414358137521     
   32.1000000000000        49.8482781299300        113.956195412233     
   32.1500000000000        55.9771245644114        119.635559808959     
   32.2000000000000        53.0499984020672        116.328954109413     
   32.2500000000000        56.8903021032664        118.970270387851     
   32.3000000000000        54.9170926835745        117.313499019074     
   32.3500000000000        55.7658943979001        120.260999252233     
   32.4000000000000        54.7291669426473        121.754338058976     
   32.4500000000000        54.3165771876236        117.841503306104     
   32.5000000000000        54.4120683019040        113.863048423979     
   32.5500000000000        55.0342044229450        119.003184319383     
   32.6000000000000        58.1625482656770        119.389590496480     
   32.6500000000000        53.8156880029026        111.535375625777     
   32.7000000000000        55.3642619061190        117.019018862736     
   32.7500000000000        54.0865707980540        116.442877101813     
   32.8000000000000        57.0433224496153        116.596404946515     
   32.8500000000000        57.9821050646120        120.249891958349     
   32.9000000000000        59.3144313858903        118.335698689804     
   32.9500000000000        55.1219165415512        113.363450179716     
   33.0000000000000        54.3331987245953        114.191482139392     
   33.0500000000000        54.8372620978894        115.481766301167     
   33.1000000000000        52.9463031023502        117.783512842363     
   33.1500000000000        54.3228940621997        122.307038544800     
   33.2000000000000        54.7646750300427        114.580431405909     
   33.2500000000000        51.4633269671657        114.220046428868     
   33.3000000000000        50.8906700227891        114.711439877492     
   33.3500000000000        53.6969179046394        116.371877024098     
   33.4000000000000        53.0186866317455        114.100882496639     
   33.4500000000000        54.1450137381902        115.686121831223     
   33.5000000000000        52.3393166948667        110.194824995636     
   33.5500000000000        59.1376086250888        118.586157957398     
   33.6000000000000        53.9041443876233        107.965900474881     
   33.6500000000000        51.6116895454491        107.739489989731     
   33.7000000000000        51.5329024300926        108.792610408539     
   33.7500000000000        53.2359863776985        108.799057027849     
   33.8000000000000        58.5612689091077        112.128462557798     
   33.8500000000000        56.0508015287482        120.986381373433     
   33.9000000000000        60.2603061294100        124.514712024584     
   33.9500000000000        52.4130644892589        114.634267869136     
   34.0000000000000        54.9428362477816        115.326579472863     
   34.0500000000000        58.3958477938191        111.297415201853     
   34.1000000000000        50.3454410484214        112.678006227802     
   34.1500000000000        52.8383157992911        111.113774444452     
   34.2000000000000        55.9846602586930        112.725305861218     
   34.2500000000000        54.9828140834023        108.259477902880     
   34.3000000000000        53.3196569620284        111.910318570730     
   34.3500000000000        53.9993397037315        109.292904872145     
   34.4000000000000        57.2437168955521        117.049654634200     
   34.4500000000000        57.8089376529663        119.307706773550     
   34.5000000000000        54.5605034925921        110.542679010765     
   34.5500000000000        56.6076959091647        120.088670928468     
   34.6000000000000        52.6661246415780        112.396014294789     
   34.6500000000000        55.3490858097708        117.918132139109     
   34.7000000000000        53.6108445582836        114.640813841237     
   34.7500000000000        57.4029549709303        121.233271197856     
   34.8000000000000        55.6975951706279        111.514550506653     
   34.8500000000000        58.8646712288886        124.928436879496     
   34.9000000000000        51.4669865839446        114.594015478567     
   34.9500000000000        56.4845637456316        117.186054429724     
   35.0000000000000        52.5994912110529        112.399831985101     
   35.0500000000000        52.6489917661766        108.399214928034     
   35.1000000000000        53.3787341627443        114.644789015310     
   35.1500000000000        56.3523049090930        122.325783952250     
   35.2000000000000        58.6941972785824        122.001349579784     
   35.2500000000000        55.5825122339072        111.069347909718     
   35.3000000000000        52.4627026378365        111.798454364859     
   35.3500000000000        53.8391890075381        118.668614334306     
   35.4000000000000        57.9488922698007        113.280676662856     
   35.4500000000000        53.3134306459570        108.714006715866     
   35.5000000000000        53.3601237487955        111.446217452828     
   35.5500000000000        55.0777895967736        115.179166033117     
   35.6000000000000        51.9622893612269        118.596311912449     
   35.6500000000000        55.2140684845353        112.798489849110     
   35.7000000000000        56.6569662258715        119.275127367103     
   35.7500000000000        50.2528558254213        112.112487749769     
   35.8000000000000        51.7643251292832        113.558012774594     
   35.8500000000000        57.9435448035599        118.172168164010     
   35.9000000000000        53.3431819404508        114.854849926068     
   35.9500000000000        56.5519627704765        115.371049654633     
   36.0000000000000        53.7931323606271        112.034094820830     
   36.0500000000000        52.5784316840823        109.977344550842     
   36.1000000000000        54.4980606017145        112.744934431154     
   36.1500000000000        56.4404868094022        116.757350550804     
   36.2000000000000        56.6470020563716        119.949076124956     
   36.2500000000000        57.3476558280772        117.805361631596     
   36.3000000000000        55.5913023839613        122.193375644558     
   36.3500000000000        52.2400336372092        116.071510393601     
   36.4000000000000        52.9952168738748        115.185625701508     
   36.4500000000000        55.4552509908839        115.287986225705     
   36.5000000000000        52.3115700830855        116.430438361366     
   36.5500000000000        58.3614877377680        117.606107637658     
   36.6000000000000        51.3463113657352        114.437522255458     
   36.6500000000000        51.0392989459480        109.001361976918     
   36.7000000000000        51.4753868591168        110.231874523731     
   36.7500000000000        55.1577940734820        115.688897473169     
   36.8000000000000        55.8049103633338        121.418912418990     
   36.8500000000000        50.1268314903585        116.620994936560     
   36.9000000000000        57.7775607738455        117.444932264577     
   36.9500000000000        62.2884090510183        124.397384837284     
   37.0000000000000        57.4858950760740        118.273397284807     
   37.0500000000000        50.1809418060806        117.816851051895     
   37.1000000000000        50.2637299531976        113.063189672893     
   37.1500000000000        55.0869992177373        116.074188267663     
   37.2000000000000        55.8402099591388        117.858863836477     
   37.2500000000000        54.0916346426661        112.380072250090     
   37.3000000000000        56.1700670660036        117.785283465230     
   37.3500000000000        51.5501709924604        116.605664257922     
   37.4000000000000        59.2245869113455        119.541643744371     
   37.4500000000000        56.4930203574516        115.640422161239     
   37.5000000000000        55.9823959334280        114.760963174691     
   37.5500000000000        56.0667835452061        110.966912681848     
   37.6000000000000        55.0714572557665        119.960411005637     
   37.6500000000000        55.5918763721685        115.786882010534     
   37.7000000000000        52.5088944658120        112.594197494483     
   37.7500000000000        55.3745637577093        118.823422033851     
   37.8000000000000        59.7555154191219        117.971788208567     
   37.8500000000000        59.4310154286386        119.198438011008     
   37.9000000000000        54.2164913070151        116.862704060036     
   37.9500000000000        54.3258814792826        107.317856781098     
   38.0000000000000        54.8096041049152        116.180804930180     
   38.0500000000000        54.8396693740494        120.859081230107     
   38.1000000000000        55.5527673869674        118.651327916309     
   38.1500000000000        56.2931215073677        119.755340331461     
   38.2000000000000        53.3385254188346        116.473759956132     
   38.2500000000000        55.7867169192386        112.834239607620     
   38.3000000000000        54.5161927723484        109.715778667857     
   38.3500000000000        56.3321072966218        116.236019835803     
   38.4000000000000        46.9453600459705        104.008589930820     
   38.4500000000000        54.3119808864455        114.465899551650     
   38.5000000000000        51.6122722650025        108.986671075809     
   38.5500000000000        58.2626458414506        120.391510287922     
   38.6000000000000        56.5464641732707        124.404201803890     
   38.6500000000000        52.6340643210395        111.602789462599     
   38.7000000000000        54.5929842476011        113.349783429707     
   38.7500000000000        53.7413024030174        107.663059917379     
   38.8000000000000        52.6484565070156        106.820921248612     
   38.8500000000000        52.1555851495223        110.048315233675     
   38.9000000000000        57.2265883748069        114.329698917921     
   38.9500000000000        63.8544390186754        125.564803912514     
   39.0000000000000        53.3170474996637        112.645716683939     
   39.0500000000000        54.0443996544536        116.313301315298     
   39.1000000000000        53.5051104806172        119.754640682437     
   39.1500000000000        55.8126127013687        113.397481729419     
   39.2000000000000        51.6474425844496        114.094889308414     
   39.2500000000000        57.4222482754543        115.437978740046     
   39.3000000000000        52.2823821651833        108.159260086925     
   39.3500000000000        52.6373167067957        108.612293597157     
   39.4000000000000        52.9962531776808        113.195875004370     
   39.4500000000000        56.3604075304250        116.030173973749     
   39.5000000000000        55.0187553184639        115.397958929493     
   39.5500000000000        52.1003388405660        117.017949803798     
   39.6000000000000        52.8077389307645        117.223240224890     
   39.6500000000000        51.5531651630505        114.435221220397     
   39.7000000000000        59.0727246610927        121.898104946087     
   39.7500000000000        57.7553893186292        119.881996791024     
   39.8000000000000        52.9451926716266        109.752082513063     
   39.8500000000000        56.9645371737042        114.681268350024     
   39.9000000000000        58.2532670465172        116.622195383485     
   39.9500000000000        56.7214821086891        117.898467068147     
   40.0000000000000        51.9716219684621        111.807953987591     
   40.0500000000000        54.4837687536025        114.646396859279     
   40.1000000000000        49.9943819649715        111.840871719983     
   40.1500000000000        55.8798786947450        114.977797959239     
   40.2000000000000        57.3562307973201        114.745760831046     
   40.2500000000000        55.9500623378351        112.351846426810     
   40.3000000000000        57.6693262032685        118.137307630792     
   40.3500000000000        52.6616275341853        113.059980912506     
   40.4000000000000        53.7168177704118        120.500191319455     
   40.4500000000000        55.0119698592070        115.991019413658     
   40.5000000000000        53.4392178184825        116.764049659085     
   40.5500000000000        51.2980798379540        116.906352375419     
   40.6000000000000        55.6407949820953        116.939898490709     
   40.6500000000000        54.9043148032480        113.743415462363     
   40.7000000000000        52.1900460665693        119.422007336230     
   40.7500000000000        53.9715029647458        110.642191648935     
   40.8000000000000        54.7265377906168        111.826356524417     
   40.8500000000000        58.0500721968524        120.138795860573     
   40.9000000000000        51.8117170954280        108.578766357936     
   40.9500000000000        52.4957001159741        110.613852402231     
   41.0000000000000        59.6991614564297        121.076550505369     
   41.0500000000000        55.8125535734751        117.448506752686     
   41.1000000000000        56.2835652779658        113.629144838270     
   41.1500000000000        52.5286289746728        115.512511150238     
   41.2000000000000        52.4111407210542        107.440613864566     
   41.2500000000000        53.2412604960985        110.765250555926     
   41.3000000000000        50.3295570101523        110.808992800578     
   41.3500000000000        55.1922456829748        115.890381394409     
   41.4000000000000        60.8883181649513        118.364101922775     
   41.4500000000000        52.2783358361009        115.879487688352     
   41.5000000000000        55.1400903787813        123.229660339633     
   41.5500000000000        53.2637121350202        115.502182977555     
   41.6000000000000        53.8903484025561        117.001924163932     
   41.6500000000000        52.1793485411669        113.896900734912     
   41.7000000000000        55.3271072967714        122.493157279292     
   41.7500000000000        55.0688652615903        112.704655778752     
   41.8000000000000        57.5239065015804        120.646151372558     
   41.8500000000000        55.2511717897956        118.028854705653     
   41.9000000000000        56.0544285914504        115.215265204668     
   41.9500000000000        59.5336310703275        120.032233469483     
   42.0000000000000        57.2711559941195        120.756238424890     
   42.0500000000000        54.6861356028971        119.153123238517     
   42.1000000000000        55.2279525137173        115.500772726267     
   42.1500000000000        58.9150346492249        119.446228130247     
   42.2000000000000        52.7532682029351        111.235858779117     
   42.2500000000000        52.7250112904986        108.993950399535     
   42.3000000000000        55.6376722100657        121.291473599454     
   42.3500000000000        55.7987801485152        115.404398366549     
   42.4000000000000        53.9387748981349        112.509551507131     
   42.4500000000000        53.8680179866062        112.298624747499     
   42.5000000000000        56.9775168094684        123.466033874079     
   42.5500000000000        51.8705353326179        113.349266863724     
   42.6000000000000        58.1468813989216        117.513400801384     
   42.6500000000000        55.7065134268585        115.171911315950     
   42.7000000000000        52.7473798716027        111.763981072390     
   42.7500000000000        53.8462274885496        118.425513548922     
   42.8000000000000        54.2978167236763        109.603388560420     
   42.8500000000000        52.0198833338609        110.083757041486     
   42.9000000000000        55.5152544767710        115.170738044916     
   42.9500000000000        52.9334013824371        113.913854532272     
   43.0000000000000        53.8176160031439        112.702226413103     
   43.0500000000000        53.2661049736595        115.811000665989     
   43.1000000000000        53.1819844966569        115.681532938559     
   43.1500000000000        53.9336788892308        121.164088600131     
   43.2000000000000        51.0400134708839        111.674462804438     
   43.2500000000000        51.1619472249430        110.415550802704     
   43.3000000000000        54.0675759774633        108.941081890190     
   43.3500000000000        54.4082943034370        115.716966135832     
   43.4000000000000        54.9140754373654        112.461718385877     
   43.4500000000000        54.2122421811643        118.678927621155     
   43.5000000000000        50.7718754655070        109.937532911649     
   43.5500000000000        53.8213900557046        116.027213355255     
   43.6000000000000        55.3618356551499        114.219927955926     
   43.6500000000000        54.2383752524248        111.368408250747     
   43.7000000000000        53.5236593282685        123.678097108905     
   43.7500000000000        53.5307068592700        113.241274182123     
   43.8000000000000        54.0669110047251        117.237644162300     
   43.8500000000000        56.4211030946223        123.828117860863     
   43.9000000000000        49.9514257833128        109.845912820778     
   43.9500000000000        55.3104632607224        115.074668373264     
   44.0000000000000        54.8821314882918        110.629176645533     
   44.0500000000000        53.1174458339426        111.805956848032     
   44.1000000000000        56.2841438333911        118.496450087691     
   44.1500000000000        57.4429902641933        122.776728369153     
   44.2000000000000        57.0063232170193        120.610593841704     
   44.2500000000000        55.8412720731576        116.897385661073     
   44.3000000000000        61.4504358981665        123.871223932299     
   44.3500000000000        55.5590797316958        117.740628399019     
   44.4000000000000        54.3370876152440        113.251589391139     
   44.4500000000000        57.6182237223637        121.866988473014     
   44.5000000000000        55.3356765459360        116.424410351927     
   44.5500000000000        55.2045495528739        116.587467978186     
   44.6000000000000        56.6564369276561        124.440382799283     
   44.6500000000000        51.8864064713708        115.430099093871     
   44.7000000000000        56.5161507132695        116.395236516160     
   44.7500000000000        56.9066395447251        116.952419213270     
   44.8000000000000        54.0183456185151        113.290626709086     
   44.8500000000000        51.3313518759375        113.074539478889     
   44.9000000000000        55.2541698869441        110.153629504757     
   44.9500000000000        57.5236477585502        117.519549644596     
   45.0000000000000        51.8098846540699        116.573673885061     
   45.0500000000000        56.4975018241797        118.179118647785     
   45.1000000000000        52.1115686250436        109.570929179219     
   45.1500000000000        52.7572543203314        111.406908461382     
   45.2000000000000        54.2870975493894        115.924114171683     
   45.2500000000000        60.9898890698251        126.464882520758     
   45.3000000000000        54.2159418443952        116.475923818739     
   45.3500000000000        55.4808488015862        116.487340294675     
   45.4000000000000        56.2397687645977        114.778187080390     
   45.4500000000000        54.7889603463133        114.071934296675     
   45.5000000000000        54.0781904368854        117.327458368063     
   45.5500000000000        55.8779159385918        113.226025886969     
   45.6000000000000        55.4648329669987        113.799140678916     
   45.6500000000000        49.8630102097134        112.862994236092     
   45.7000000000000        58.3276908365452        119.258877952142     
   45.7500000000000        51.2044461563360        109.900545781351     
   45.8000000000000        56.0077531994440        120.931666756103     
   45.8500000000000        54.6820731380420        113.445184201280     
   45.9000000000000        50.6113632200432        107.509607216740     
   45.9500000000000        51.1896860531599        117.304812192338     
   46.0000000000000        53.7978309209827        114.049824443007     
   46.0500000000000        53.6503770818558        115.157991992827     
   46.1000000000000        51.2543555734983        111.517057899099     
   46.1500000000000        55.1405477029286        118.589202580183     
   46.2000000000000        51.7397605102865        116.568584872301     
   46.2500000000000        50.9829650042561        113.111775694871     
   46.3000000000000        55.9596424784677        120.272475263015     
   46.3500000000000        58.7260709219734        115.474343309418     
   46.4000000000000        57.6221799759616        121.333113072418     
   46.4500000000000        56.2604670906695        114.089674400255     
   46.5000000000000        57.6533490654396        116.516275879482     
   46.5500000000000        57.6836057129076        118.042116843441     
   46.6000000000000        52.7263734452770        114.942383247743     
   46.6500000000000        54.1977683691964        109.375613804343     
   46.7000000000000        56.4737858119954        111.321332621233     
   46.7500000000000        52.2887170711095        112.419530278064     
   46.8000000000000        54.7346478213025        112.574173917447     
   46.8500000000000        52.7223156379105        115.565600442593     
   46.9000000000000        55.4962924715236        116.971294079419     
   46.9500000000000        52.3493038053881        114.129565908255     
   47.0000000000000        62.4252234323179        121.607636338174     
   47.0500000000000        53.6268248362816        114.816225450353     
   47.1000000000000        51.3286019715894        109.336790818904     
   47.1500000000000        54.5608387050579        115.377117313133     
   47.2000000000000        54.6333859874402        116.403930696840     
   47.2500000000000        55.2149720325350        113.924587899850     
   47.3000000000000        57.8834115068407        120.007152675368     
   47.3500000000000        53.9953835207353        118.051769901782     
   47.4000000000000        52.8486017304489        110.422507732940     
   47.4500000000000        55.1117587999117        114.843113892260     
   47.5000000000000        55.6187869732623        116.010615974030     
   47.5500000000000        54.4676059315704        112.306023234964     
   47.6000000000000        55.2164913887082        119.624431864732     
   47.6500000000000        52.9301061268508        111.231788712290     
   47.7000000000000        55.0859716523015        113.190990407997     
   47.7500000000000        56.0114241240979        115.903908423970     
   47.8000000000000        58.0018369120311        119.998204630139     
   47.8500000000000        56.8505689984475        113.693767139888     
   47.9000000000000        55.2176747352639        118.489180394701     
   47.9500000000000        52.3946829124178        119.097390655607     
   48.0000000000000        49.9633113162548        111.137431501742     
   48.0500000000000        57.2657593536316        123.716046367307     
   48.1000000000000        54.6970257211500        113.392989380985     
   48.1500000000000        52.3558670528872        111.756839880689     
   48.2000000000000        53.9375469381825        117.872157467891     
   48.2500000000000        54.6531481835361        115.261510529239     
   48.3000000000000        55.8680181577118        118.868698285108     
   48.3500000000000        53.0068457274801        116.784697952091     
   48.4000000000000        54.1237524130884        117.421306309579     
   48.4500000000000        60.1937773610187        122.473092266456     
   48.5000000000000        54.4615864832739        114.595390215117     
   48.5500000000000        55.6570961099245        110.888307514709     
   48.6000000000000        54.0047405082689        114.871514649572     
   48.6500000000000        55.3412011357300        113.484085499732     
   48.7000000000000        55.6874180597782        122.435419889112     
   48.7500000000000        55.4878168605462        114.165674882315     
   48.8000000000000        58.2366781330990        120.621470355331     
   48.8500000000000        57.5466010559777        117.427770235202     
   48.9000000000000        53.1875039488298        120.898636860174     
   48.9500000000000        58.8322389669654        120.114020951412     
   49.0000000000000        57.1204732755186        119.399425777575     
   49.0500000000000        58.4254908312327        116.143961457991     
   49.1000000000000        51.6101533176721        105.977102368032     
   49.1500000000000        49.9580289496752        108.765860364677     
   49.2000000000000        54.6482806147488        113.147284385738     
   49.2500000000000        54.9267087501914        113.400838374110     
   49.3000000000000        56.8942529170223        119.568359127062     
   49.3500000000000        54.8103134915908        115.495995726658     
   49.4000000000000        57.8160954713810        116.948777174166     
   49.4500000000000        55.3986297877932        117.055125515684     
   49.5000000000000        51.9009543114904        114.552149494678     
   49.5500000000000        53.1906724458227        113.065955111945     
   49.6000000000000        53.9725160599239        112.280980984438     
   49.6500000000000        53.4582428218882        107.484111009896     
   49.7000000000000        54.9757660668823        118.480284859250     
   49.7500000000000        55.6504700363531        114.896351007395     
   49.8000000000000        53.8711405083572        111.434667512906     
   49.8500000000000        55.1407543048620        113.921117668969     
   49.9000000000000        58.1709094522910        115.454332552376     
   49.9500000000000        55.3590663999775        113.773713069244     
   50.0000000000000        59.3758636984878        121.251021271047     
