  5.000000000000000E-002   90.1620232633442     
  0.100000000000000        95.9298589216215     
  0.150000000000000        95.0454053411785     
  0.200000000000000        89.1601801029769     
  0.250000000000000        89.2818112837959     
  0.300000000000000        92.7581260071520     
  0.350000000000000        97.2394547166286     
  0.400000000000000        93.6538502521010     
  0.450000000000000        96.7611854852120     
  0.500000000000000        95.7788452757902     
  0.550000000000000        97.8283349855843     
  0.600000000000000        100.231947991386     
  0.650000000000000        94.8908812481230     
  0.700000000000000        95.1443985872995     
  0.750000000000000        99.9405603335391     
  0.800000000000000        99.2430688224976     
  0.850000000000000        95.1140715071977     
  0.900000000000000        93.8964323699582     
  0.950000000000000        100.509188391063     
   1.00000000000000        102.543662420697     
   1.05000000000000        91.3933830011850     
   1.10000000000000        98.7094279875810     
   1.15000000000000        101.404147997863     
   1.20000000000000        102.555913529165     
   1.25000000000000        98.2701343543230     
   1.30000000000000        95.5810319911668     
   1.35000000000000        99.2242591030263     
   1.40000000000000        99.0301389642164     
   1.45000000000000        97.6647884521104     
   1.50000000000000        95.5765135585939     
   1.55000000000000        95.0181162227669     
   1.60000000000000        93.4665581390367     
   1.65000000000000        100.202582673103     
   1.70000000000000        95.8701944825962     
   1.75000000000000        91.7418653761228     
   1.80000000000000        89.8614695109558     
   1.85000000000000        93.2300925501344     
   1.90000000000000        97.4962464540844     
   1.95000000000000        91.3456948127625     
   2.00000000000000        100.524762324809     
   2.05000000000000        91.6323414505041     
   2.10000000000000        93.9801074144893     
   2.15000000000000        89.3240833355335     
   2.20000000000000        97.8590234728049     
   2.25000000000000        98.1004607915132     
   2.30000000000000        94.9676803914655     
   2.35000000000000        95.1311274406100     
   2.40000000000000        91.7610107425611     
   2.45000000000000        105.416420194456     
   2.50000000000000        96.8813109409103     
   2.55000000000000        97.0154364207451     
   2.60000000000000        93.5291178027482     
   2.65000000000000        95.5245809603519     
   2.70000000000000        93.6634347016469     
   2.75000000000000        100.952979309299     
   2.80000000000000        95.9266197545792     
   2.85000000000000        91.2294598295922     
   2.90000000000000        91.8289120383825     
   2.95000000000000        96.5947893649572     
   3.00000000000000        94.2361777235060     
   3.05000000000000        91.8924166940655     
   3.10000000000000        99.3839721625450     
   3.15000000000000        96.8075054078999     
   3.20000000000000        101.974094747472     
   3.25000000000000        96.3312137390911     
   3.30000000000000        90.0315966709245     
   3.35000000000000        88.6146325775550     
   3.40000000000000        92.5114308334627     
   3.45000000000000        96.6093793169038     
   3.50000000000000        95.3797378677132     
   3.55000000000000        94.0793883819477     
   3.60000000000000        92.2489718791028     
   3.65000000000000        96.3965428267592     
   3.70000000000000        91.8716336451946     
   3.75000000000000        96.8416933255602     
   3.80000000000000        94.5200025129077     
   3.85000000000000        102.167879726614     
   3.90000000000000        94.3886033834366     
   3.95000000000000        90.1733047612455     
   4.00000000000000        98.8778843123792     
   4.05000000000000        105.950764322936     
   4.10000000000000        97.4570288199804     
   4.15000000000000        94.1435014938398     
   4.20000000000000        95.6881513933292     
   4.25000000000000        100.483838810852     
   4.30000000000000        101.616596711969     
   4.35000000000000        95.7784776437640     
   4.40000000000000        91.1931030055013     
   4.45000000000000        97.8345072432909     
   4.50000000000000        95.0679632423236     
   4.55000000000000        92.4097506429056     
   4.60000000000000        92.3009764685619     
   4.65000000000000        95.3976202723204     
   4.70000000000000        91.4712722222857     
   4.75000000000000        99.0499372761730     
   4.80000000000000        89.3103099662500     
   4.85000000000000        94.8484529677385     
   4.90000000000000        95.1765143133684     
   4.95000000000000        96.7815064921226     
   5.00000000000000        88.7801175606693     
   5.05000000000000        95.3597667625709     
   5.10000000000000        88.3238769331358     
   5.15000000000000        94.1270251725955     
   5.20000000000000        94.4973957487450     
   5.25000000000000        95.7672011580523     
   5.30000000000000        96.0564046848337     
   5.35000000000000        96.6665931883948     
   5.40000000000000        97.1810292235353     
   5.45000000000000        95.1113128966301     
   5.50000000000000        94.2870572948947     
   5.55000000000000        96.3364914359646     
   5.60000000000000        93.9475436172047     
   5.65000000000000        92.6441274503006     
   5.70000000000000        93.7853997916691     
   5.75000000000000        93.6992826799938     
   5.80000000000000        91.0980713771917     
   5.85000000000000        102.802983212896     
   5.90000000000000        97.2583783414621     
   5.95000000000000        93.2290385234835     
   6.00000000000000        94.8959979979294     
   6.05000000000000        97.9412014515670     
   6.10000000000000        90.0471915120364     
   6.15000000000000        94.1333682876559     
   6.20000000000000        93.9441362676547     
   6.25000000000000        93.7547151643696     
   6.30000000000000        94.2744917593556     
   6.35000000000000        98.2822107116784     
   6.40000000000000        88.8312008838862     
   6.45000000000000        102.620877779837     
   6.50000000000000        85.7580595356765     
   6.55000000000000        89.7742841869500     
   6.60000000000000        101.730886063741     
   6.65000000000000        103.230002130958     
   6.70000000000000        91.1619007958450     
   6.75000000000000        90.3726499516025     
   6.80000000000000        98.4320951001177     
   6.85000000000000        93.8989660792282     
   6.90000000000000        101.623947646491     
   6.95000000000000        94.4676089261457     
   7.00000000000000        92.5298563367185     
   7.05000000000000        95.8754052040732     
   7.10000000000000        98.4910179963691     
   7.15000000000000        99.3493615754298     
   7.20000000000000        95.6305981252818     
   7.25000000000000        100.631809962994     
   7.30000000000000        88.0761748569873     
   7.35000000000000        98.2650485347268     
   7.40000000000000        97.8864257558467     
   7.45000000000000        94.1497019360038     
   7.50000000000000        96.4831103511518     
   7.55000000000000        99.0417464928677     
   7.60000000000000        95.6025815899072     
   7.65000000000000        106.917210121404     
   7.70000000000000        94.6439454778851     
   7.75000000000000        94.8796517193305     
   7.80000000000000        99.9105665770614     
   7.85000000000000        95.9673477617148     
   7.90000000000000        99.1106587598366     
   7.95000000000000        93.1253624482777     
   8.00000000000000        95.7313870740501     
   8.05000000000000        92.1580199511945     
   8.10000000000000        102.075505754790     
   8.15000000000000        99.1527574626679     
   8.20000000000000        94.3883580533197     
   8.25000000000000        91.0640495252555     
   8.30000000000000        100.340715223802     
   8.35000000000000        92.3546291392974     
   8.40000000000000        96.7093069993241     
   8.45000000000000        98.7811522042890     
   8.50000000000000        96.3245939942821     
   8.55000000000000        91.4947919594735     
   8.60000000000000        97.1463967548226     
   8.65000000000000        93.5633791510120     
   8.70000000000000        96.8278006627391     
   8.75000000000000        90.1662650487467     
   8.80000000000000        95.8374890402735     
   8.85000000000000        98.9965001344117     
   8.90000000000000        90.9659273567181     
   8.95000000000000        98.1034500008075     
   9.00000000000000        98.0865104202057     
   9.05000000000000        96.5591299058897     
   9.10000000000000        103.691781042892     
   9.15000000000000        96.1596918086552     
   9.20000000000000        92.3233321121951     
   9.25000000000000        100.554381422742     
   9.30000000000000        94.4128486465426     
   9.35000000000000        94.6100551313952     
   9.40000000000000        100.865526908142     
   9.45000000000000        98.2821093951839     
   9.50000000000000        93.0137412546729     
   9.55000000000000        97.2898164723558     
   9.60000000000000        100.889610091538     
   9.65000000000000        97.0310548672681     
   9.70000000000000        92.2903929226494     
   9.75000000000000        94.1691589914616     
   9.80000000000000        99.4134541759019     
   9.85000000000000        92.9869850519436     
   9.90000000000000        90.8602071340010     
   9.95000000000000        93.6020313900070     
   10.0000000000000        99.1603599953506     
   10.0500000000000        97.6515320795639     
   10.1000000000000        101.230256404142     
   10.1500000000000        100.190158603812     
   10.2000000000000        98.4480483724533     
   10.2500000000000        90.7398580964083     
   10.3000000000000        95.1258270767157     
   10.3500000000000        95.2794506010333     
   10.4000000000000        96.1472591045465     
   10.4500000000000        95.6406780863522     
   10.5000000000000        94.3193874687151     
   10.5500000000000        92.9708118156449     
   10.6000000000000        93.4406991108158     
   10.6500000000000        96.8706998911846     
   10.7000000000000        100.059437872533     
   10.7500000000000        99.4654724940363     
   10.8000000000000        92.5569228028536     
   10.8500000000000        92.6786256189421     
   10.9000000000000        102.193372383469     
   10.9500000000000        102.047121203074     
   11.0000000000000        96.3505425024326     
   11.0500000000000        94.8760384978853     
   11.1000000000000        99.1650854728241     
   11.1500000000000        94.3174741146207     
   11.2000000000000        94.9645647476418     
   11.2500000000000        94.0229009665329     
   11.3000000000000        96.6343508732809     
   11.3500000000000        95.5006447680837     
   11.4000000000000        99.3678714388881     
   11.4500000000000        91.0336776354185     
   11.5000000000000        98.4499112825924     
   11.5500000000000        93.8587176153738     
   11.6000000000000        91.8726941262261     
   11.6500000000000        91.3056943478468     
   11.7000000000000        97.4281877716809     
   11.7500000000000        94.3438080381155     
   11.8000000000000        99.0485734868737     
   11.8500000000000        97.1991110556380     
   11.9000000000000        100.247904104563     
   11.9500000000000        100.250896122356     
   12.0000000000000        100.627000828818     
   12.0500000000000        95.2718693487296     
   12.1000000000000        99.6289851355175     
   12.1500000000000        91.3375088563792     
   12.2000000000000        92.0415941000349     
   12.2500000000000        97.0540860042323     
   12.3000000000000        92.5173221796682     
   12.3500000000000        93.7318177398523     
   12.4000000000000        98.0381543263996     
   12.4500000000000        100.027702907544     
   12.5000000000000        93.6623792124644     
   12.5500000000000        94.6397956595683     
   12.6000000000000        93.2920982060625     
   12.6500000000000        101.052240854504     
   12.7000000000000        94.1234726547345     
   12.7500000000000        94.1537112047255     
   12.8000000000000        93.7485091654827     
   12.8500000000000        92.2520125403504     
   12.9000000000000        94.2834228314731     
   12.9500000000000        94.7172030897671     
   13.0000000000000        96.0578961085238     
   13.0500000000000        94.3938100843411     
   13.1000000000000        95.3812446241304     
   13.1500000000000        102.525108241054     
   13.2000000000000        100.929991691227     
   13.2500000000000        89.4991065474093     
   13.3000000000000        96.7652442621636     
   13.3500000000000        90.9603617914112     
   13.4000000000000        92.9622899939931     
   13.4500000000000        94.4436900999656     
   13.5000000000000        92.9561467131007     
   13.5500000000000        92.5450070140179     
   13.6000000000000        95.5110128634861     
   13.6500000000000        90.7128150477668     
   13.7000000000000        96.1508252088572     
   13.7500000000000        91.8956162657853     
   13.8000000000000        101.812838671915     
   13.8500000000000        98.2858392633819     
   13.9000000000000        100.304072729809     
   13.9500000000000        94.4741608480339     
   14.0000000000000        97.9904293832832     
   14.0500000000000        92.0125724553902     
   14.1000000000000        92.8273858489330     
   14.1500000000000        99.7456619821407     
   14.2000000000000        100.652660069078     
   14.2500000000000        100.618571653705     
   14.3000000000000        99.8114510466465     
   14.3500000000000        98.9967753036717     
   14.4000000000000        101.362475846602     
   14.4500000000000        92.0075572280547     
   14.5000000000000        92.4155960849646     
   14.5500000000000        96.7220953156184     
   14.6000000000000        87.9253530202815     
   14.6500000000000        93.4325209651689     
   14.7000000000000        91.1183851070403     
   14.7500000000000        91.3972584552337     
   14.8000000000000        100.367142917614     
   14.8500000000000        101.403769653016     
   14.9000000000000        91.9347744445586     
   14.9500000000000        92.7976352058237     
   15.0000000000000        92.1472313801452     
   15.0500000000000        98.8538487884084     
   15.1000000000000        94.1057014982919     
   15.1500000000000        94.4537496379129     
   15.2000000000000        97.1916604397275     
   15.2500000000000        101.309971280901     
   15.3000000000000        92.0486744306061     
   15.3500000000000        98.7693175068115     
   15.4000000000000        101.666138747070     
   15.4500000000000        92.4263576417626     
   15.5000000000000        96.8639854846216     
   15.5500000000000        87.6834741272367     
   15.6000000000000        97.4673898449622     
   15.6500000000000        93.8988826618966     
   15.7000000000000        97.6842937531438     
   15.7500000000000        96.9916097973571     
   15.8000000000000        95.1409374954654     
   15.8500000000000        92.1086466526449     
   15.9000000000000        96.4125989796366     
   15.9500000000000        97.3101779025522     
   16.0000000000000        93.7557091569932     
   16.0500000000000        93.8058523536613     
   16.1000000000000        96.3168460980528     
   16.1500000000000        96.7815127124729     
   16.2000000000000        93.4897398442492     
   16.2500000000000        97.5707892475019     
   16.3000000000000        98.3418166952582     
   16.3500000000000        95.5186963437685     
   16.4000000000000        95.9877731990071     
   16.4500000000000        103.926235648814     
   16.5000000000000        98.4904305974473     
   16.5500000000000        90.5279640249684     
   16.6000000000000        92.7865791051687     
   16.6500000000000        99.1392302239132     
   16.7000000000000        96.8125368357893     
   16.7500000000000        89.4396666127631     
   16.8000000000000        91.7682957910029     
   16.8500000000000        94.1772769938149     
   16.9000000000000        90.9348805115140     
   16.9500000000000        102.155797204693     
   17.0000000000000        95.2523733274205     
   17.0500000000000        101.033253639356     
   17.1000000000000        94.5539007605716     
   17.1500000000000        96.7344243663265     
   17.2000000000000        96.8110190863907     
   17.2500000000000        92.7367419349589     
   17.3000000000000        99.5255623055191     
   17.3500000000000        95.9765877442997     
   17.4000000000000        94.5110996392139     
   17.4500000000000        102.914088768915     
   17.5000000000000        98.6442723879816     
   17.5500000000000        94.5146467949133     
   17.6000000000000        93.9731442187851     
   17.6500000000000        91.7065321397180     
   17.7000000000000        93.5424594415101     
   17.7500000000000        94.6067190871253     
   17.8000000000000        99.1054362079659     
   17.8500000000000        93.7550167676265     
   17.9000000000000        97.8749654084035     
   17.9500000000000        93.8737814000793     
   18.0000000000000        102.120746122709     
   18.0500000000000        96.9565408341467     
   18.1000000000000        93.4244099426672     
   18.1500000000000        96.7189293272376     
   18.2000000000000        86.8782193908955     
   18.2500000000000        90.5317419686293     
   18.3000000000000        95.0405960461894     
   18.3500000000000        91.3763031975823     
   18.4000000000000        96.7717198160035     
   18.4500000000000        93.1822966895010     
   18.5000000000000        91.7150381047161     
   18.5500000000000        96.8154813883841     
   18.6000000000000        89.8243713141384     
   18.6500000000000        98.1438095018476     
   18.7000000000000        99.4436159675190     
   18.7500000000000        91.7090637095446     
   18.8000000000000        97.1369299653229     
   18.8500000000000        107.485736011348     
   18.9000000000000        96.0590571388528     
   18.9500000000000        88.0597118180708     
   19.0000000000000        94.7951919162181     
   19.0500000000000        92.4277430856521     
   19.1000000000000        96.6778166247310     
   19.1500000000000        89.1219799801955     
   19.2000000000000        90.9747989244674     
   19.2500000000000        98.2894871732344     
   19.3000000000000        98.5460673185650     
   19.3500000000000        92.5681538540651     
   19.4000000000000        97.6976834501507     
   19.4500000000000        92.6524411814748     
   19.5000000000000        100.049877951707     
   19.5500000000000        96.7858208644691     
   19.6000000000000        97.5003172361802     
   19.6500000000000        92.5557837266764     
   19.7000000000000        93.8690266126478     
   19.7500000000000        99.7599890813426     
   19.8000000000000        93.9683567470600     
   19.8500000000000        100.066289720129     
   19.9000000000000        94.3520926255159     
   19.9500000000000        89.6603204693126     
   20.0000000000000        96.2229155329068     
   20.0500000000000        94.2938594541157     
   20.1000000000000        89.8130588033528     
   20.1500000000000        101.868427692689     
   20.2000000000000        91.8527149068453     
   20.2500000000000        97.3187402888475     
   20.3000000000000        91.9601514370329     
   20.3500000000000        102.309103136775     
   20.4000000000000        96.7826850212187     
   20.4500000000000        101.336760622979     
   20.5000000000000        97.9138160825922     
   20.5500000000000        93.6340895957191     
   20.6000000000000        96.1461374222734     
   20.6500000000000        98.3144250943646     
   20.7000000000000        99.8830066603558     
   20.7500000000000        93.5990195947382     
   20.8000000000000        94.1275326270422     
   20.8500000000000        96.7817528483338     
   20.9000000000000        95.0168794146776     
   20.9500000000000        92.9718249141192     
   21.0000000000000        95.0319875336551     
   21.0500000000000        90.5446558173683     
   21.1000000000000        97.3312484720996     
   21.1500000000000        90.2261927576190     
   21.2000000000000        94.6628194856558     
   21.2500000000000        102.244929155596     
   21.3000000000000        96.5539324525508     
   21.3500000000000        101.538811575308     
   21.4000000000000        98.0141561453985     
   21.4500000000000        91.0189140049219     
   21.5000000000000        101.556140720231     
   21.5500000000000        97.2451681845497     
   21.6000000000000        98.4767745856935     
   21.6500000000000        100.659276075149     
   21.7000000000000        96.7328063959244     
   21.7500000000000        96.5830618812361     
   21.8000000000000        92.8110972563815     
   21.8500000000000        90.6798784890092     
   21.9000000000000        93.4939069082412     
   21.9500000000000        102.429852898545     
   22.0000000000000        97.2457856498055     
   22.0500000000000        89.1634710810015     
   22.1000000000000        94.0456800536287     
   22.1500000000000        92.7391853805148     
   22.2000000000000        93.4323942889354     
   22.2500000000000        91.1052002003973     
   22.3000000000000        92.1348523793232     
   22.3500000000000        96.2094298369369     
   22.4000000000000        95.1487033067223     
   22.4500000000000        99.6990774173684     
   22.5000000000000        96.4590225512343     
   22.5500000000000        98.5588621319710     
   22.6000000000000        88.8027253259849     
   22.6500000000000        88.3560661096463     
   22.7000000000000        89.2289544685179     
   22.7500000000000        94.9142739742826     
   22.8000000000000        93.2517078066443     
   22.8500000000000        91.0260600732360     
   22.9000000000000        97.1713895844901     
   22.9500000000000        100.218142577750     
   23.0000000000000        91.7177165759099     
   23.0500000000000        97.9645473893835     
   23.1000000000000        103.856695202256     
   23.1500000000000        93.1268467363361     
   23.2000000000000        92.4714347374379     
   23.2500000000000        105.130215638853     
   23.3000000000000        94.7183913408158     
   23.3500000000000        98.8345432642872     
   23.4000000000000        95.1334999002656     
   23.4500000000000        94.3866649568516     
   23.5000000000000        90.4327916207145     
   23.5500000000000        97.9682493332534     
   23.6000000000000        97.2511806256678     
   23.6500000000000        95.5752273723257     
   23.7000000000000        91.8375926748966     
   23.7500000000000        96.1495102495380     
   23.8000000000000        95.8309418590543     
   23.8500000000000        98.4410636521932     
   23.9000000000000        99.5281568608850     
   23.9500000000000        99.5052652126159     
   24.0000000000000        90.4680342680852     
   24.0500000000000        91.6316427168939     
   24.1000000000000        98.4781767522770     
   24.1500000000000        100.556375462666     
   24.2000000000000        97.9368185084338     
   24.2500000000000        100.829998737650     
   24.3000000000000        94.7103461669698     
   24.3500000000000        90.6285773675314     
   24.4000000000000        96.5162784504872     
   24.4500000000000        103.025572605719     
   24.5000000000000        95.4261600215377     
   24.5500000000000        103.533821789608     
   24.6000000000000        100.074863372308     
   24.6500000000000        96.3356668312605     
   24.7000000000000        93.1122002701634     
   24.7500000000000        92.6505759456595     
   24.8000000000000        92.1979953160815     
   24.8500000000000        94.5636600290881     
   24.9000000000000        94.3493517137522     
   24.9500000000000        91.8218979935871     
   25.0000000000000        97.5565990800028     
   25.0500000000000        95.1573309397072     
   25.1000000000000        94.2438926773528     
   25.1500000000000        87.2126941679514     
   25.2000000000000        97.1886876065690     
   25.2500000000000        100.126186584656     
   25.3000000000000        90.9774728208153     
   25.3500000000000        100.970252768572     
   25.4000000000000        95.4583071895621     
   25.4500000000000        100.870914789821     
   25.5000000000000        96.1307299039071     
   25.5500000000000        94.9459774179367     
   25.6000000000000        96.1447361536061     
   25.6500000000000        94.4631735800779     
   25.7000000000000        91.4417505073935     
   25.7500000000000        93.2393245301469     
   25.8000000000000        99.5424821573864     
   25.8500000000000        100.011727259514     
   25.9000000000000        96.5352374412619     
   25.9500000000000        93.8913012937347     
   26.0000000000000        92.6251496582392     
   26.0500000000000        94.2988194417334     
   26.1000000000000        98.9044255582772     
   26.1500000000000        95.6031193393399     
   26.2000000000000        107.389390271614     
   26.2500000000000        90.8354899272919     
   26.3000000000000        94.3958757193927     
   26.3500000000000        92.2020068509028     
   26.4000000000000        97.2504622684217     
   26.4500000000000        97.1606346875273     
   26.5000000000000        100.074202987524     
   26.5500000000000        88.5291295675701     
   26.6000000000000        98.7492337500425     
   26.6500000000000        98.0763122516118     
   26.7000000000000        98.3201796729581     
   26.7500000000000        97.0274124382275     
   26.8000000000000        95.1822700275949     
   26.8500000000000        100.278159289065     
   26.9000000000000        89.4342849119148     
   26.9500000000000        96.9302404141397     
   27.0000000000000        96.5512475549325     
   27.0500000000000        95.8257133506175     
   27.1000000000000        94.2821491028907     
   27.1500000000000        95.7718510491711     
   27.2000000000000        95.6513578362660     
   27.2500000000000        98.4233217233478     
   27.3000000000000        95.6186468901919     
   27.3500000000000        90.9873998600839     
   27.4000000000000        91.0453747523147     
   27.4500000000000        89.1993688181924     
   27.5000000000000        95.7803423401953     
   27.5500000000000        87.6003640744003     
   27.6000000000000        87.8005469009447     
   27.6500000000000        91.9129677068903     
   27.7000000000000        97.6138800836935     
   27.7500000000000        94.6125778128469     
   27.8000000000000        94.7428494972303     
   27.8500000000000        93.5855245955981     
   27.9000000000000        94.1833547041104     
   27.9500000000000        91.6563042795481     
   28.0000000000000        91.4958875761583     
   28.0500000000000        92.1978275105483     
   28.1000000000000        93.2584728041791     
   28.1500000000000        95.2490615459330     
   28.2000000000000        95.5294040680373     
   28.2500000000000        92.8070127349716     
   28.3000000000000        93.6405204014543     
   28.3500000000000        94.2015761288662     
   28.4000000000000        95.3071562516760     
   28.4500000000000        100.432317962360     
   28.5000000000000        88.9027523410096     
   28.5500000000000        101.133004316210     
   28.6000000000000        95.7429365374541     
   28.6500000000000        96.4249193608140     
   28.7000000000000        90.2355508577307     
   28.7500000000000        99.0627138397593     
   28.8000000000000        94.9971668446525     
   28.8500000000000        99.1832009892748     
   28.9000000000000        95.0054666902319     
   28.9500000000000        97.5444269437716     
   29.0000000000000        91.4361864320726     
   29.0500000000000        99.7433623980360     
   29.1000000000000        101.346712061479     
   29.1500000000000        95.8670113457485     
   29.2000000000000        97.2783519778702     
   29.2500000000000        98.3072433391288     
   29.3000000000000        95.7820394809651     
   29.3500000000000        88.7654347594033     
   29.4000000000000        99.3560023226261     
   29.4500000000000        98.7271477331511     
   29.5000000000000        100.427535206443     
   29.5500000000000        94.3731125562982     
   29.6000000000000        98.2419451334607     
   29.6500000000000        90.5758295430986     
   29.7000000000000        100.811027334998     
   29.7500000000000        89.3446106654905     
   29.8000000000000        96.1071428329839     
   29.8500000000000        94.4654332405201     
   29.9000000000000        100.113650786891     
   29.9500000000000        95.8333001632220     
   30.0000000000000        102.365352152717     
   30.0500000000000        96.0075526112227     
   30.1000000000000        94.7661085404211     
   30.1500000000000        94.8827309587931     
   30.2000000000000        103.567981776926     
   30.2500000000000        96.6586373076862     
   30.3000000000000        96.2394819023930     
   30.3500000000000        103.091465785208     
   30.4000000000000        99.9019991962737     
   30.4500000000000        93.1376130131787     
   30.5000000000000        92.5465320291636     
   30.5500000000000        97.5663493803928     
   30.6000000000000        95.7441376004455     
   30.6500000000000        96.3758933584986     
   30.7000000000000        90.1805271351192     
   30.7500000000000        100.441046030138     
   30.8000000000000        94.6282539420161     
   30.8500000000000        87.9626241664038     
   30.9000000000000        102.032230144422     
   30.9500000000000        107.968444418406     
   31.0000000000000        94.3701963363991     
   31.0500000000000        91.1906881099995     
   31.1000000000000        89.7006599855192     
   31.1500000000000        90.6526063291475     
   31.2000000000000        91.7579710099424     
   31.2500000000000        93.0156944874918     
   31.3000000000000        94.3895897131662     
   31.3500000000000        94.4605886264618     
   31.4000000000000        93.8864238030956     
   31.4500000000000        93.5991989714754     
   31.5000000000000        94.7410999093228     
   31.5500000000000        95.1562525407227     
   31.6000000000000        93.7263463905140     
   31.6500000000000        98.6421396210121     
   31.7000000000000        95.3251391952225     
   31.7500000000000        98.8595524687804     
   31.8000000000000        96.7935700483404     
   31.8500000000000        97.5893926427680     
   31.9000000000000        94.1829308061329     
   31.9500000000000        101.377201703416     
   32.0000000000000        98.3841378672378     
   32.0500000000000        101.295738073110     
   32.1000000000000        89.1298676584581     
   32.1500000000000        98.4976913206671     
   32.2000000000000        93.8114463566324     
   32.2500000000000        99.4452663549871     
   32.3000000000000        96.4494865335323     
   32.3500000000000        98.4445250370745     
   32.4000000000000        97.5317678493343     
   32.4500000000000        95.9136907324660     
   32.5000000000000        94.8279791834898     
   32.5500000000000        97.1743801333582     
   32.6000000000000        101.225139265846     
   32.6500000000000        93.4460025200950     
   32.7000000000000        97.0389230628450     
   32.7500000000000        95.1858165790739     
   32.8000000000000        98.9908872946172     
   32.8500000000000        101.283116172383     
   32.9000000000000        102.461223267511     
   32.9500000000000        95.6488893404665     
   33.0000000000000        94.8650306010314     
   33.0500000000000        95.8819865152609     
   33.1000000000000        94.1756815473913     
   33.1500000000000        97.2175292432066     
   33.2000000000000        95.5665198281913     
   33.2500000000000        91.2620349960211     
   33.3000000000000        90.6183603991044     
   33.3500000000000        94.7156189506117     
   33.4000000000000        93.2113780114493     
   33.4500000000000        95.1150163734943     
   33.5000000000000        91.2746052662690     
   33.5500000000000        102.328631291609     
   33.6000000000000        92.5660866894333     
   33.6500000000000        89.5993211306452     
   33.7000000000000        89.8301825371065     
   33.7500000000000        92.0023666990844     
   33.8000000000000        99.7711422583918     
   33.8500000000000        99.0938355701564     
   33.9000000000000        105.440466893396     
   33.9500000000000        92.5938909122027     
   34.0000000000000        96.0517434719229     
   34.0500000000000        99.2735032217618     
   34.1000000000000        89.4531769624477     
   34.1500000000000        92.1451956977142     
   34.2000000000000        96.6261537161908     
   34.2500000000000        94.0737583920906     
   34.3000000000000        93.0412360156823     
   34.3500000000000        93.1311363772765     
   34.4000000000000        99.4714327221455     
   34.4500000000000        100.780791605503     
   34.5000000000000        94.1724171707538     
   34.5500000000000        99.5403277711248     
   34.6000000000000        92.2583592089299     
   34.6500000000000        97.2712359619048     
   34.7000000000000        94.0934997225104     
   34.7500000000000        100.868522462508     
   34.8000000000000        95.8597264300411     
   34.8500000000000        103.744855542846     
   34.9000000000000        91.3464835743349     
   34.9500000000000        98.4756780474125     
   35.0000000000000        92.1741855187205     
   35.0500000000000        91.0730021549502     
   35.1000000000000        93.8365327607207     
   35.1500000000000        99.7555770783634     
   35.2000000000000        102.712452458206     
   35.2500000000000        95.5944075451675     
   35.3000000000000        91.8508100069015     
   35.3500000000000        95.5162136641289     
   35.4000000000000        99.1566134976577     
   35.4500000000000        92.0350807574909     
   35.5000000000000        92.9105550530668     
   35.5500000000000        96.1593158380875     
   35.6000000000000        93.2111235147936     
   35.6500000000000        95.6662898997105     
   35.7000000000000        99.3151610408490     
   35.7500000000000        89.1576325478175     
   35.8000000000000        91.4591749034786     
   35.8500000000000        100.620174763647     
   35.9000000000000        93.8509930601099     
   35.9500000000000        98.0672517087060     
   36.0000000000000        93.5854226213103     
   36.0500000000000        91.4896676064608     
   36.1000000000000        94.7173995471239     
   36.1500000000000        98.2412036579795     
   36.2000000000000        99.4427377251814     
   36.2500000000000        99.8154501586728     
   36.3000000000000        98.7443505856795     
   36.3500000000000        92.7348552110729     
   36.4000000000000        93.4341553784758     
   36.4500000000000        96.6254611733413     
   36.5000000000000        93.0434482662958     
   36.5500000000000        101.033428041602     
   36.6000000000000        91.2583749352425     
   36.6500000000000        89.2855876603707     
   36.7000000000000        90.1491802922892     
   36.7500000000000        96.3380776526843     
   36.8000000000000        98.7535100175101     
   36.8500000000000        90.1972864762243     
   36.9000000000000        100.148706573946     
   36.9500000000000        107.861194087048     
   37.0000000000000        100.065499641233     
   37.0500000000000        90.6955405929113     
   37.1000000000000        89.4066731602363     
   37.1500000000000        96.3532932222419     
   37.2000000000000        97.8095256789352     
   37.2500000000000        94.0749810998577     
   37.3000000000000        98.2185053400624     
   37.3500000000000        92.0619908019549     
   37.4000000000000        102.656196705946     
   37.4500000000000        98.0895263600020     
   37.5000000000000        97.1289045904873     
   37.5500000000000        96.0618590243713     
   37.6000000000000        97.4970810476705     
   37.6500000000000        96.9229195014279     
   37.7000000000000        92.0922176385074     
   37.7500000000000        97.5344482465086     
   37.8000000000000        102.850188918368     
   37.8500000000000        102.764054068719     
   37.9000000000000        95.5354448313786     
   37.9500000000000        92.9209942592022     
   38.0000000000000        96.0974617038698     
   38.0500000000000        97.4450463213701     
   38.1000000000000        97.7025219575481     
   38.1500000000000        98.9492328348025     
   38.2000000000000        94.2667919953796     
   38.2500000000000        96.3522643863623     
   38.3000000000000        93.7939519356063     
   38.3500000000000        97.9611532081686     
   38.4000000000000        82.5727794076940     
   38.4500000000000        94.8973063433850     
   38.5000000000000        89.9132217519496     
   38.5500000000000        101.702335443034     
   38.6000000000000        100.624763984489     
   38.6500000000000        91.9733019618025     
   38.7000000000000        95.0303435663049     
   38.7500000000000        92.3085548181048     
   38.8000000000000        90.6508956688591     
   38.8500000000000        90.9864884409250     
   38.9000000000000        98.6191334014736     
   38.9500000000000        110.277538584645     
   39.0000000000000        93.1194478740055     
   39.0500000000000        95.1690837441956     
   39.1000000000000        95.4457899545194     
   39.1500000000000        96.5357369140739     
   39.2000000000000        91.5159080383085     
   39.2500000000000        99.1489046947786     
   39.3000000000000        90.6016392399782     
   39.3500000000000        91.1836991840857     
   39.4000000000000        92.9030569168848     
   39.4500000000000        98.0838194441647     
   39.5000000000000        96.1606554299553     
   39.5500000000000        92.8459583119129     
   39.6000000000000        93.8036446245449     
   39.6500000000000        91.4020933127753     
   39.7000000000000        103.147061590399     
   39.7500000000000        100.965041881519     
   39.8000000000000        91.9419336905862     
   39.8500000000000        98.4242526022512     
   39.9000000000000        100.621927990949     
   39.9500000000000        99.0484124828264     
   40.0000000000000        91.2111310966937     
   40.0500000000000        95.1748123487360     
   40.1000000000000        88.6953593441354     
   40.1500000000000        97.1506640591762     
   40.2000000000000        99.0407609894373     
   40.2500000000000        96.4723480509787     
   40.3000000000000        100.318519388292     
   40.3500000000000        92.4755336067457     
   40.4000000000000        95.8742967974612     
   40.4500000000000        96.2396733284081     
   40.5000000000000        94.4130116981845     
   40.5500000000000        91.7522714238094     
   40.6000000000000        97.2570056046463     
   40.6500000000000        95.4156136474288     
   40.7000000000000        93.5896704091371     
   40.7500000000000        93.3544936867568     
   40.8000000000000        94.6595487192635     
   40.8500000000000        101.247598005726     
   40.9000000000000        90.0063942632569     
   40.9500000000000        91.4425851472143     
   41.0000000000000        103.559841609416     
   41.0500000000000        97.5533921386988     
   41.1000000000000        97.1830834497715     
   41.1500000000000        93.0067123805658     
   41.2000000000000        90.5138508122430     
   41.2500000000000        92.4913673599996     
   41.3000000000000        88.7476885928973     
   41.3500000000000        96.4405682803162     
   41.4000000000000        104.361141004618     
   41.4500000000000        92.6852696403741     
   41.5000000000000        98.4401951770296     
   41.5500000000000        93.8878844147658     
   41.6000000000000        95.1047488547688     
   41.6500000000000        92.0223335689564     
   41.7000000000000        98.5961736012265     
   41.7500000000000        95.4220347537948     
   41.8000000000000        100.848053190762     
   41.8500000000000        97.2070074725199     
   41.9000000000000        97.3553378293321     
   41.9500000000000        103.146537581020     
   42.0000000000000        100.489985680579     
   42.0500000000000        96.7326464431659     
   42.1000000000000        96.3902669071747     
   42.1500000000000        102.199240296277     
   42.2000000000000        92.0203990264198     
   42.2500000000000        91.3021317762766     
   42.3000000000000        98.5751416533653     
   42.3500000000000        97.0733291278401     
   42.4000000000000        93.9151653451228     
   42.4500000000000        93.7543693031946     
   42.5000000000000        100.954051957411     
   42.5500000000000        91.5044919238184     
   42.6000000000000        100.754466222401     
   42.6500000000000        96.9521713364616     
   42.7000000000000        92.2218730545003     
   42.7500000000000        95.5271604450865     
   42.8000000000000        93.5701954434661     
   42.8500000000000        90.8322136731088     
   42.9000000000000        96.7538368609448     
   42.9500000000000        93.0658880689924     
   43.0000000000000        93.8941493005786     
   43.0500000000000        94.0044977957070     
   43.1000000000000        93.8334758947758     
   43.1500000000000        96.3616163042467     
   43.2000000000000        89.9395504165386     
   43.2500000000000        89.8040163602051     
   43.3000000000000        93.0597574624867     
   43.3500000000000        95.4587801299756     
   43.4000000000000        95.1507313738117     
   43.4500000000000        96.0324722282348     
   43.5000000000000        89.1601139851763     
   43.5500000000000        94.7299485075786     
   43.6000000000000        96.2278917221159     
   43.6500000000000        93.9491624898432     
   43.7000000000000        96.6489445799508     
   43.7500000000000        93.6076265601265     
   43.8000000000000        95.5090705895326     
   43.8500000000000        100.337908262741     
   43.9000000000000        88.0868153588032     
   43.9500000000000        96.4258655372006     
   44.0000000000000        94.5754301617796     
   44.0500000000000        92.6840723796031     
   44.1000000000000        98.6238487767292     
   44.1500000000000        101.338715690858     
   44.2000000000000        100.162223626209     
   44.2500000000000        97.5911987210131     
   44.3000000000000        106.658724442529     
   44.3500000000000        97.4519858008772     
   44.4000000000000        94.5823208824987     
   44.4500000000000        101.228350865229     
   44.5000000000000        96.8150408807417     
   44.5500000000000        96.6467586443751     
   44.6000000000000        100.736177492323     
   44.6500000000000        92.0728527670677     
   44.7000000000000        98.2976412718420     
   44.7500000000000        99.0523970481726     
   44.8000000000000        94.3034875373029     
   44.8500000000000        90.7804629914625     
   44.9000000000000        94.9644208160114     
   44.9500000000000        99.9064742778760     
   45.0000000000000        92.4306552256363     
   45.0500000000000        98.8294382436043     
   45.1000000000000        90.7107288958182     
   45.1500000000000        92.0601303835083     
   45.2000000000000        95.3109439247381     
   45.2500000000000        106.878784546099     
   45.3000000000000        95.4324422179336     
   45.3500000000000        97.0113938523989     
   45.4000000000000        97.5375747134863     
   45.4500000000000        95.4591247875537     
   45.5000000000000        95.5653607449626     
   45.5500000000000        96.6081299098651     
   45.6000000000000        96.2580549398012     
   45.6500000000000        88.8789289687527     
   45.7000000000000        101.463339433171     
   45.7500000000000        89.6712859691137     
   45.8000000000000        98.9506794284361     
   45.8500000000000        95.1083142189226     
   45.9000000000000        88.2856754066132     
   45.9500000000000        91.8448463567713     
   46.0000000000000        94.2062357907427     
   46.0500000000000        94.2638653803347     
   46.1000000000000        90.2457816900194     
   46.1500000000000        97.1666572603015     
   46.2000000000000        92.2603618985287     
   46.2500000000000        90.2819336845559     
   46.3000000000000        98.7209833160917     
   46.3500000000000        100.798723712982     
   46.4000000000000        101.149771604810     
   46.4500000000000        97.3309474051444     
   46.5000000000000        99.7513253696028     
   46.5500000000000        100.233159694378     
   46.6000000000000        93.1077049577772     
   46.6500000000000        93.2996859317350     
   46.7000000000000        96.7765843681740     
   46.7500000000000        91.7421424134432     
   46.8000000000000        94.9376437596668     
   46.8500000000000        93.2427320237700     
   46.9000000000000        97.1876692035607     
   46.9500000000000        92.3746623296346     
   47.0000000000000        107.322438214813     
   47.0500000000000        94.1419025653988     
   47.1000000000000        89.6214150731177     
   47.1500000000000        95.5323905076167     
   47.2000000000000        95.9215402453004     
   47.2500000000000        95.9351286599043     
   47.3000000000000        101.039543342881     
   47.3500000000000        95.5122400534418     
   47.4000000000000        91.8365046809095     
   47.4500000000000        96.0325997887671     
   47.5000000000000        97.0337893063503     
   47.5500000000000        94.4546850965856     
   47.6000000000000        97.5303571204153     
   47.6500000000000        92.2183193999306     
   47.7000000000000        95.5264812683178     
   47.7500000000000        97.5431213665494     
   47.8000000000000        101.244881340487     
   47.8500000000000        97.9089999589928     
   47.9000000000000        97.1527584866606     
   47.9500000000000        93.8650107543726     
   48.0000000000000        88.4580298634441     
   48.0500000000000        101.345778263507     
   48.1000000000000        95.0820889064513     
   48.1500000000000        91.7049861344479     
   48.2000000000000        95.4698339445785     
   48.2500000000000        95.6186377513786     
   48.3000000000000        98.2648139100508     
   48.3500000000000        93.9526724227197     
   48.4000000000000        95.5261885972309     
   48.4500000000000        104.656116481488     
   48.5000000000000        95.1533059436262     
   48.5500000000000        95.6118684063138     
   48.6000000000000        94.6415760397691     
   48.6500000000000        95.9456027090371     
   48.7000000000000        98.9810868779193     
   48.7500000000000        96.2866470133396     
   48.8000000000000        101.719939839620     
   48.8500000000000        99.9014704283031     
   48.9000000000000        95.3768870773560     
   48.9500000000000        102.308768196947     
   49.0000000000000        99.8829798344135     
   49.0500000000000        100.652564676058     
   49.1000000000000        89.1000150672177     
   49.1500000000000        87.7873366647220     
   49.2000000000000        95.0039142302552     
   49.2500000000000        95.5405505388069     
   49.3000000000000        99.6934231790544     
   49.3500000000000        95.8278601983148     
   49.4000000000000        100.088633490334     
   49.4500000000000        97.0479346004233     
   49.5000000000000        91.9295005141005     
   49.5500000000000        93.1061312586987     
   49.6000000000000        93.8006354172906     
   49.6500000000000        91.8389877691086     
   49.7000000000000        96.9628783338348     
   49.7500000000000        96.7508001533726     
   49.8000000000000        93.5048575398191     
   49.8500000000000        95.9197995686169     
   49.9000000000000        100.198308313767     
   49.9500000000000        96.1307209955580     
   50.0000000000000        103.328309231669     
